PDB,atom_number,atom_name,x,y,z,atom_type,bonds,Multipole_Atoms,Dipole_Vector,recalculated_x,recalculated_y,recalculated_z,Description,Updated_Description,Residue_Number_PDB,Residue Name,Residue ID,Chain ID,Radius_7A_N_Count,Radius_7A_CA_C_Count,Radius_7A_O_Count,Radius_7A_S_Count,Radius_8A_N_Count,Radius_8A_CA_C_Count,Radius_8A_O_Count,Radius_8A_S_Count,Radius_9A_N_Count,Radius_9A_CA_C_Count,Radius_9A_O_Count,Radius_9A_S_Count,Radius_10A_N_Count,Radius_10A_CA_C_Count,Radius_10A_O_Count,Radius_10A_S_Count,Radius_11A_N_Count,Radius_11A_CA_C_Count,Radius_11A_O_Count,Radius_11A_S_Count,Number of H-Bonds as donor,Number of H-Bonds as acceptor,SASA_Value
1QT8,1,N,9.443411,-14.492816,0.292098,231,"['2', '5', '6', '7']","2, 5, 6, 1","0.063839, -0.025384, 0.170638",-0.5367137105569735,0.9399723254863844,0.9769355164507448,N-Terminal NH3+,Methionine NH3+,1,MET,1,A,3,16,4,0,6,20,4,0,7,32,7,0,10,46,9,1,14,57,12,1,0,0,0.006834929
1QT8,2,CA,8.64917,-13.339317,-0.113653,8,"['1', '3', '8', '9']","1, 3, 7, 3","0.070742, 0.122882, -0.337227",0.0,0.0,0.0,Alanine CA,Methionine CA,1,MET,1,A,6,20,4,0,7,29,6,0,9,47,9,1,13,58,11,1,18,76,16,1,0,0,0.0
1QT8,3,C,7.177842,-13.502504,0.277224,9,"['2', '4', '20']","2, 4, 9","-0.139307, 0.072554, 0.094596",1.5310848799730208,0.0,0.0,Alanine C,Methionine C,1,MET,1,A,7,22,4,0,7,31,6,0,9,46,9,1,12,63,13,1,19,74,15,1,0,0,0.0
1QT8,4,O,6.552303,-14.54394,0.075198,11,['3'],3,"0.098922, 0.047745, -0.002739",2.191632547023211,1.039412943371184,0.0,Alanine O,Methionine O,1,MET,1,A,4,17,4,0,7,27,4,0,9,37,8,1,11,55,11,1,19,70,15,1,0,0,0.16518326
1QT8,5,H,10.416811,-14.229509,0.406855,232,['1'],1,"0.162706, 0.030223, 0.150254",-1.4708899286286996,0.6617065702660725,1.2595841823928913,N-Terminal H3N+,Methionine H3N+,1,MET,1,A,3,12,3,0,6,20,4,0,8,30,7,0,11,42,9,0,15,53,12,1,0,0,0.14512064
1QT8,6,H,9.373281,-15.27826,-0.348422,232,['1'],1,"0.008670, -0.175663, 0.001292",-0.5491271656309573,1.9015344133333447,0.6492914690692628,N-Terminal H3N+,Methionine H3N+,1,MET,1,A,3,15,3,0,4,19,4,0,8,28,5,0,11,41,7,0,14,54,12,1,0,0,0.20263796
1QT8,7,H,9.172269,-14.830399,1.211034,232,['1'],1,"0.050201, -0.174275, 0.460209",-0.005574692004763,0.9252422614712748,1.842728797976136,N-Terminal H3N+,Methionine H3N+,1,MET,1,A,3,13,4,0,6,18,4,0,7,27,5,0,9,40,9,0,11,54,10,1,0,0,0.1221137
1QT8,8,H,9.053449,-12.488329,0.475353,12,['2'],2,"0.249276, 0.493507, 0.297722",-0.3288310789241632,-1.0014573619719882,0.3514305446410086,Alanine HA,Methionine HA,1,MET,1,A,7,23,5,0,7,32,8,0,10,44,10,1,14,63,11,1,17,81,15,1,0,0,0.0
1QT8,9,C,8.818928,-13.048673,-1.630513,175,"['2', '10', '13', '14']","2, 4, 8, 9","-0.166495, 0.404831, -0.674271",-0.5813555596523716,0.2709037293260634,-1.4152006414634315,Methionine CB,Methionine CB,1,MET,1,A,6,25,4,0,10,37,7,0,12,51,9,1,17,63,15,1,21,88,19,1,0,0,0.0012579461
1QT8,10,C,8.140238,-11.744281,-2.103079,177,"['9', '11', '15', '16']","3, 5, 7, 6","0.037570, -0.030303, -0.102259",-0.1888230420269683,-0.7851823527699864,-2.4715990700544994,Methionine CG,Methionine CG,1,MET,1,A,9,33,6,1,12,48,10,1,14,62,13,1,22,80,21,1,27,104,25,1,0,0,0.0
1QT8,11,S,8.649007,-10.238454,-1.229017,179,"['10', '12']","4, 6","0.416758, 0.303111, -0.367037",-0.6150872825297546,-2.499123583178326,-2.058017778034504,Methionine SD,Methionine SD,1,MET,1,A,10,39,10,1,13,49,10,1,19,69,14,1,21,88,21,1,25,113,26,1,0,0,0.0
1QT8,12,C,10.414806,-10.230131,-1.608753,180,"['11', '17', '18', '19']","5, 8, 9, 8","0.183496, -0.026412, 0.048130",-2.409800182439929,-2.3558061917050224,-1.913863199115538,Methionine CE,Methionine CE,1,MET,1,A,6,38,7,0,13,51,12,1,18,65,14,1,20,78,22,1,21,98,26,1,0,0,0.0327066
1QT8,13,H,8.391211,-13.901827,-2.20984,176,['9'],3,"-0.077108, -0.126419, 0.003711",-0.2272993951080832,1.2707249295931575,-1.7636761105837897,Methionine HB,Methionine HB,1,MET,1,A,4,22,4,0,9,36,7,0,12,47,9,1,17,64,15,1,21,79,20,1,0,0,0.035395276
1QT8,14,H,9.904103,-13.015419,-1.885821,176,['9'],3,"0.092955, 0.038821, 0.013661",-1.692900079668785,0.3405159050447816,-1.3559072268359489,Methionine HB,Methionine HB,1,MET,1,A,5,27,5,0,11,35,7,0,12,48,10,1,16,65,16,1,20,80,20,1,0,0,0.06194173
1QT8,15,H,7.038998,-11.852749,-1.991615,178,['10'],4,"-0.097359, 0.040051, -0.072162",0.909453448165809,-0.7333757543294883,-2.6390024612025225,Methionine HG,Methionine HG,1,MET,1,A,7,34,5,1,12,49,11,1,18,66,14,1,22,81,18,1,27,107,26,1,0,0,0.0
1QT8,16,H,8.316021,-11.614148,-3.192814,178,['10'],4,"-0.080476, 0.021646, -0.060133",-0.6498182621629258,-0.5165886152688766,-3.446636219187795,Methionine HG,Methionine HG,1,MET,1,A,8,38,5,1,12,54,8,1,16,66,15,1,21,84,22,1,28,107,26,1,0,0,0.0
1QT8,17,H,10.866465,-9.292246,-1.220779,181,['12'],6,"0.065281, 0.044191, -0.007533",-2.8447460617701035,-3.366334180796328,-1.7595802917706804,Methionine HE,Methionine HE,1,MET,1,A,8,34,8,0,13,55,13,1,18,67,17,1,21,80,22,1,26,97,25,1,0,0,0.015927874
1QT8,18,H,10.574488,-10.27379,-2.708112,181,['12'],6,"0.060706, 0.023821, 0.009529",-2.83925655870405,-1.9215646831885071,-2.842839083330726,Methionine HE,Methionine HE,1,MET,1,A,7,41,7,0,12,52,10,1,16,64,17,1,20,83,21,1,25,97,27,1,0,0,0.0
1QT8,19,H,10.924348,-11.087699,-1.118296,181,['12'],6,"0.132063, -0.027523, 0.029473",-2.682842589976711,-1.7250306581565094,-1.040264857084083,Methionine HE,Methionine HE,1,MET,1,A,6,27,6,0,10,44,9,0,16,56,14,1,19,71,17,1,20,87,24,1,0,0,0.08052425
1QT8,20,N,6.610744,-12.412911,0.840076,7,"['3', '21', '24']","3, 7, 9","0.209235, 0.177844, 0.012564",-0.4317012974676322,1.3744336682327172,0.2351411380918286,Alanine N,Asparagine N,2,ASN,2,A,6,28,5,1,7,35,6,2,8,48,9,2,14,71,13,2,18,90,15,2,0,0,0.0
1QT8,21,CA,5.248541,-12.260597,1.342001,8,"['20', '22', '25', '26']","9, 6, 7, 6","0.188977, -0.738051, -0.066733",0.0,0.0,0.0,Alanine CA,Asparagine CA,2,ASN,2,A,6,33,5,2,7,37,7,2,9,53,10,2,12,73,11,2,18,95,16,2,0,0,0.0
1QT8,22,C,4.957435,-10.753772,1.416204,9,"['21', '23', '34']","7, 8, 9","-0.344068, -0.203045, 0.036736",1.536479862891149,-5.377642775528102e-17,0.0,Alanine C,Asparagine C,2,ASN,2,A,7,34,6,2,9,43,9,2,12,69,10,2,15,90,13,2,22,110,21,2,0,0,0.0
1QT8,23,O,5.867217,-9.938967,1.252142,11,['22'],6,"-0.317540, -0.131512, 0.002944",2.155265488143665,1.065659967050396,0.0,Alanine O,Asparagine O,2,ASN,2,A,8,34,7,2,9,54,8,2,12,70,12,2,17,94,15,2,20,112,22,2,0,0,0.0
1QT8,24,HN,7.155013,-11.540102,0.899816,10,['20'],9,"0.048413, 0.349056, 0.002055",0.3240283187644183,2.058422569156248,0.0847247393675572,Alanine HN,Asparagine HN,2,ASN,2,A,7,29,6,2,7,39,7,2,9,57,9,2,15,80,12,2,18,99,17,2,0,0,0.0
1QT8,25,H,4.538989,-12.71884,0.612961,12,['21'],7,"-0.177933, -0.159314, -0.221167",-0.3501732317341255,-0.6405668071994136,0.8438026325179531,Alanine HA,Asparagine HA,2,ASN,2,A,6,31,5,2,8,45,7,2,10,51,9,2,15,75,13,2,20,102,18,2,0,0,0.03274063
1QT8,26,C,5.134082,-12.944436,2.729452,147,"['21', '27', '30', '31']","7, 8, 9, 8","0.106579, -0.257011, 0.221225",-0.5819490346495646,-0.4962694286884662,-1.3493735187940596,Asparagine CB,Asparagine CB,2,ASN,2,A,6,25,4,1,6,34,6,1,7,39,7,2,10,60,10,2,12,77,12,2,0,0,0.015095353
1QT8,27,C,5.870848,-12.223022,3.852137,149,"['26', '28', '29']","6, 9, 8","0.225455, -0.269771, 0.033026",0.0401705684087923,0.1502403272880424,-2.581719347810698,Asparagine CG,Asparagine CG,2,ASN,2,A,5,23,5,1,6,31,6,1,8,40,6,2,8,55,9,2,11,74,12,2,0,0,0.044028115
1QT8,28,O,5.386721,-11.216261,4.368552,150,['27'],8,"0.173413, -0.376862, 0.051548",1.1441645103405742,-0.2138493495965717,-2.985782707742016,Asparagine OD1,Asparagine OD1,2,ASN,2,A,5,23,6,1,6,34,6,1,8,50,8,2,9,60,10,2,14,86,14,2,0,0,0.015625443
1QT8,29,N,7.061944,-12.744377,4.212967,151,"['27', '32', '33']","8, 9, 8","0.161262, -0.177331, 0.102920",-0.6793645835070404,1.1307355978371243,-3.166199626117283,Asparagine ND2,Asparagine ND2,2,ASN,2,A,5,19,5,1,5,26,6,1,7,34,6,1,8,48,7,2,9,60,9,2,0,0,0.06151436
1QT8,30,H,5.450449,-14.012052,2.671161,148,['26'],6,"0.048412, -0.081864, -0.036779",-1.6917144271920388,-0.3891092077972952,-1.3644501032748224,Asparagine HB,Asparagine HB,2,ASN,2,A,5,19,3,1,6,30,4,1,6,37,7,1,9,47,8,2,11,64,10,2,0,0,0.12742299
1QT8,31,H,4.067979,-12.983862,3.047596,148,['26'],6,"0.093673, -0.058195, 0.025941",-0.4032625817185186,-1.589310179885238,-1.4619732016671398,Asparagine HB,Asparagine HB,2,ASN,2,A,5,24,4,1,6,34,6,1,8,44,7,2,9,64,9,2,14,73,12,2,0,0,0.13892646
1QT8,32,HN,7.456835,-13.580708,3.760727,152,['29'],8,"0.095644, -0.082828, -0.003238",-1.596211720436163,1.4304046113561095,-2.8063395548625967,Asparagine HD2,Asparagine HD2,2,ASN,2,A,5,17,3,1,6,23,6,1,6,33,6,1,7,42,6,1,8,54,8,2,0,0,0.08583354
1QT8,33,HN,7.556814,-12.317332,5.007531,152,['29'],8,"0.047728, -0.038399, 0.093125",-0.315948503750349,1.5463914619529144,-4.034390074476072,Asparagine HD2,Asparagine HD2,2,ASN,2,A,5,18,5,1,5,24,6,1,6,33,6,1,8,47,8,1,9,61,8,2,0,0,0.12830788
1QT8,34,N,3.67186,-10.392936,1.656852,7,"['22', '35', '38']","6, 10, 6","-0.229753, 0.000279, -0.000986",-0.6334124414249795,-1.0232226423711714,-0.8227532720767547,Alanine N,Isoleucine N,3,ILE,3,A,7,34,6,2,10,48,11,2,14,69,12,2,19,94,15,2,23,116,24,2,0,0,0.0
1QT8,35,CA,3.159839,-9.029702,1.724279,8,"['34', '36', '39', '40']","9, 11, 10, 11","-0.349571, -0.155500, -0.390697",0.0,0.0,0.0,Alanine CA,Isoleucine CA,3,ILE,3,A,7,40,7,2,11,58,10,2,15,76,15,2,22,106,21,2,26,134,27,2,0,0,0.0
1QT8,36,C,3.960597,-8.058794,2.604937,9,"['35', '37', '53']","10, 7, 5","-0.061809, -0.260010, 0.147387",1.5360449967341452,1.1102230246251563e-16,-1.1102230246251563e-16,Alanine C,Isoleucine C,3,ILE,3,A,7,39,6,2,10,57,10,2,14,81,15,2,21,105,22,2,27,135,29,2,0,0,0.0
1QT8,37,O,4.11683,-6.894341,2.231405,11,['36'],11,"-0.150499, -0.317632, 0.179612",2.1393656128960146,1.075123215559996,-1.3877787807814454e-16,Alanine O,Isoleucine O,3,ILE,3,A,9,45,7,2,11,65,10,2,17,94,16,2,25,114,26,2,31,138,32,2,0,0,0.0
1QT8,38,HN,2.958644,-11.125357,1.753706,10,['34'],9,"-0.078883, -0.009924, 0.031647",-1.412641942259167,-1.516515452086912,-0.3711318929044971,Alanine HN,Isoleucine HN,3,ILE,3,A,6,30,6,2,11,47,10,2,13,66,12,2,19,84,15,2,23,108,22,2,0,0,0.03716504
1QT8,39,H,3.250925,-8.609854,0.692749,12,['35'],10,"0.010985, 0.210702, -0.278019",-0.2785423099438356,0.9826628882292148,-0.4532228735050456,Alanine HA,Isoleucine HA,3,ILE,3,A,10,40,7,2,13,63,11,2,17,85,17,2,22,111,22,2,33,138,31,2,0,0,0.0
1QT8,40,C,1.63392,-9.020716,2.101439,25,"['35', '41', '42', '44']","10, 8, 9, 9","-0.430547, 0.357770, 0.199866",-0.5735628174351485,-0.0211828605660111,1.4633305126426823,Isoleucine CB,Isoleucine CB,3,ILE,3,A,9,38,5,1,11,53,11,2,17,77,13,2,22,108,23,2,30,137,28,2,0,0,0.0
1QT8,41,C,0.967579,-7.612777,2.034801,27,"['40', '43', '45', '46']","11, 8, 12, 13","-0.003813, 0.073298, -0.070763",-0.0692051547513351,1.1470333683612444,2.364239703188047,Isoleucine CG1,Isoleucine CG1,3,ILE,3,A,9,43,7,1,13,61,12,1,19,85,19,2,25,115,24,2,33,156,35,2,0,0,0.0
1QT8,42,C,1.403769,-9.606281,3.523657,29,"['40', '47', '48', '49']","11, 12, 7, 14","-0.114217, 0.060382, 0.167989",-0.2482711345558337,-1.365511765135578,2.174333331862361,Isoleucine CG2,Isoleucine CG2,3,ILE,3,A,5,30,4,0,8,48,8,1,14,68,13,2,21,98,20,2,29,123,29,2,0,0,0.013837407
1QT8,43,C,1.154839,-6.865489,0.705077,31,"['41', '50', '51', '52']","8, 15, 7, 3","0.015583, 0.077609, -0.079388",-0.2616046211968812,2.553580034800293,1.7757836732583088,Isoleucine CD,Isoleucine CD,3,ILE,3,A,11,39,9,1,14,63,16,1,19,98,18,2,28,131,25,2,32,171,37,3,0,0,0.0
1QT8,44,H,1.119055,-9.684451,1.360192,26,['40'],11,"-0.002751, 0.023583, 0.001963",-1.6864813798539773,0.0671782410692352,1.370154214152067,Isoleucine HB,Isoleucine HB,3,ILE,3,A,9,31,6,1,14,55,9,2,16,82,14,2,23,105,22,2,30,134,30,2,0,0,0.021237165
1QT8,45,H,1.352709,-6.9642,2.856833,28,['41'],8,"0.007416, 0.056799, 0.026503",1.0128162619686996,1.0126732930710576,2.600652212967427,Isoleucine HG1,Isoleucine HG1,3,ILE,3,A,8,46,6,1,13,63,13,1,20,78,19,2,27,115,26,2,34,157,38,2,0,0,0.0
1QT8,46,H,-0.124621,-7.721198,2.228324,28,['41'],8,"-0.009084, 0.035518, 0.010816",-0.5961605027098644,1.0993617632957984,3.3451334711865948,Isoleucine HG1,Isoleucine HG1,3,ILE,3,A,6,36,6,1,13,66,11,1,21,86,19,1,27,117,25,2,32,150,34,2,0,0,0.0
1QT8,47,H,0.322904,-9.777113,3.735387,30,['42'],9,"-0.090152, -0.044134, 0.089433",-0.7983277634842869,-1.4724948912064408,3.1378034295078323,Isoleucine HG2,Isoleucine HG2,3,ILE,3,A,2,28,4,0,12,38,7,1,13,64,13,1,22,98,21,2,31,128,30,2,0,0,0.10707071
1QT8,48,H,1.774995,-8.920854,4.319241,30,['42'],9,"0.012357, 0.035225, 0.087541",0.8346308408632455,-1.453285789811058,2.4196736030913675,Isoleucine HG2,Isoleucine HG2,3,ILE,3,A,6,32,4,0,9,47,7,1,15,69,15,2,18,98,20,2,31,121,29,2,0,0,0.0
1QT8,49,H,1.910169,-10.580917,3.686031,30,['42'],9,"-0.062699, 0.099910, 0.060035",-0.5072362540944819,-2.258632012651923,1.5677075009660193,Isoleucine HG2,Isoleucine HG2,3,ILE,3,A,5,23,3,0,7,39,6,1,10,57,12,2,18,81,17,2,23,113,22,2,0,0,0.06105685
1QT8,50,H,0.54287,-5.936329,0.680839,32,['43'],8,"0.002602, 0.000022, -0.004580",-0.0072211773493512,3.336683103407176,2.524429444394269,Isoleucine HD,Isoleucine HD,3,ILE,3,A,11,41,8,1,15,66,14,1,22,99,23,1,27,135,26,2,36,169,34,3,0,0,0.0
1QT8,51,H,0.848985,-7.475846,-0.171161,32,['43'],8,"-0.032475, 0.068628, -0.065064",-1.3092181608479678,2.740380252903856,1.4572135562272506,Isoleucine HD,Isoleucine HD,3,ILE,3,A,10,37,9,1,13,59,15,1,20,101,18,2,25,135,24,2,35,173,35,3,0,0,0.0
1QT8,52,H,2.210151,-6.547842,0.54948,32,['43'],8,"0.057482, 0.034293, 0.040050",0.400112841056551,2.733701001901097,0.8991538210849132,Isoleucine HD,Isoleucine HD,3,ILE,3,A,10,42,11,1,14,63,15,2,21,94,20,2,30,136,25,2,34,172,37,2,0,0,0.0
1QT8,53,N,4.470584,-8.518321,3.771856,7,"['36', '54', '57']","11, 6, 16","-0.119066, -0.227076, 0.177809",-0.5520748173333332,-0.9482515304772344,-0.9565495123985738,Alanine N,Phenylalanine N,4,PHE,4,A,7,33,5,2,7,45,10,2,12,66,12,2,18,89,18,2,24,116,25,2,0,0,0.0
1QT8,54,CA,5.251148,-7.708117,4.695568,8,"['53', '55', '58', '59']","5, 16, 9, 16","-0.455378, -0.084790, 0.362960",0.0,0.0,0.0,Alanine CA,Phenylalanine CA,4,PHE,4,A,7,34,6,0,8,44,10,2,11,65,12,2,19,95,19,2,28,119,27,2,0,0,0.0
1QT8,55,C,6.632509,-7.356297,4.135126,9,"['54', '56', '73']","6, 9, 17","-0.162193, -0.253163, 0.079740",1.5316758012337337,0.0,1.6653345369377348e-16,Alanine C,Phenylalanine C,4,PHE,4,A,8,36,8,1,8,49,9,2,12,62,13,2,17,96,18,2,25,116,28,2,0,0,0.0075476766
1QT8,56,O,7.057604,-6.202498,4.228722,11,['55'],16,"-0.076801, -0.321926, 0.078011",2.145829323986589,1.069361282790927,5.551115123125783e-17,Alanine O,Phenylalanine O,4,PHE,4,A,7,41,7,1,11,51,9,2,14,73,15,2,23,99,22,2,26,124,30,2,0,0,0.0055805156
1QT8,57,HN,4.394364,-9.515654,4.01451,10,['53'],5,"0.066450, -0.317860, 0.083065",-0.9386856941722984,-1.8113580390922743,-0.5504180685270597,Alanine HN,Phenylalanine HN,4,PHE,4,A,7,30,6,1,7,42,8,2,9,54,12,2,17,76,15,2,20,108,21,2,0,0,0.0
1QT8,58,H,4.734462,-6.723716,4.814222,12,['54'],6,"-0.119841, 0.387134, 0.029439",-0.2832822811096873,1.0298152949916413,-0.3306359486256311,Alanine HA,Phenylalanine HA,4,PHE,4,A,6,36,7,0,10,51,8,1,14,73,16,2,21,104,24,2,31,128,31,2,0,0,0.0
1QT8,59,C,5.402645,-8.366073,6.09358,61,"['54', '60', '66', '67']","6, 6, 17, 18","-0.077534, -0.125981, 0.324488",-0.526034734738261,-0.2252128863489233,1.443212252151511,Phenylalanine CB,Phenylalanine CB,4,PHE,4,A,7,30,6,0,8,42,8,0,11,56,13,1,16,75,17,2,23,101,25,2,0,0,0.010063569
1QT8,60,C,4.106266,-8.419884,6.876525,63,"['59', '61', '62']","16, 8, 9","-0.046153, -0.005521, 0.096462",-1.9940310546630668,0.1130117420498977,1.6077963152278163,Phenylalanine CG,Phenylalanine CG,4,PHE,4,A,5,29,5,0,10,40,8,0,13,55,11,0,15,77,19,2,24,102,26,2,0,0,0.023900976
1QT8,61,C,3.198198,-9.484913,6.731429,64,"['60', '63', '68']","6, 17, 17","0.019402, -0.014707, 0.155399",-3.0045257883719354,-0.8294443601442681,1.3420821807437373,Phenylalanine CD,Phenylalanine CD,4,PHE,4,A,3,22,4,0,10,34,7,0,11,47,10,0,14,67,15,2,20,94,22,2,0,0,0.052833736
1QT8,62,C,3.816674,-7.41757,7.820541,64,"['60', '64', '69']","6, 17, 18","-0.027019, 0.042364, 0.117578",-2.370392160479109,1.378126181779041,2.095136916587625,Phenylalanine CD,Phenylalanine CD,4,PHE,4,A,5,26,6,0,12,44,8,0,14,65,14,0,18,83,21,0,23,98,29,2,0,0,0.049059898
1QT8,63,C,2.039552,-9.548557,7.514582,66,"['61', '65', '70']","8, 18, 8","-0.024779, 0.002668, 0.089312",-4.350640587111494,-0.5170577660964616,1.5662011177717523,Phenylalanine CE,Phenylalanine CE,4,PHE,4,A,5,20,5,0,7,29,7,0,11,43,8,0,16,66,16,0,20,92,22,2,0,0,0.0654132
1QT8,64,C,2.675981,-7.49839,8.622459,66,"['62', '65', '71']","9, 18, 9","0.015475, 0.011002, 0.156462",-3.711127217907638,1.677669988784078,2.3471049400351345,Phenylalanine CE,Phenylalanine CE,4,PHE,4,A,6,22,7,0,9,37,10,0,14,59,13,0,19,79,21,0,21,101,26,0,0,0,0.006289731
1QT8,65,C,1.784631,-8.56238,8.471455,68,"['63', '64', '72']","17, 17, 17","0.000705, 0.009613, 0.112276",-4.704144215471275,0.7324258269618733,2.0828844493332683,Phenylalanine CZ,Phenylalanine CZ,4,PHE,4,A,5,23,6,0,9,33,7,0,11,49,14,0,19,72,15,0,21,97,23,0,0,0,0.037738383
1QT8,66,H,6.144966,-7.796439,6.694935,62,['59'],16,"-0.054325, -0.031025, -0.030774",0.0542429670672336,0.4038588069393651,2.153633106654487,Phenylalanine HB,Phenylalanine HB,4,PHE,4,A,6,30,5,0,9,46,10,0,13,57,14,1,17,72,18,2,26,93,23,2,0,0,0.10087653
1QT8,67,H,5.820971,-9.398042,6.017057,62,['59'],16,"-0.005485, -0.100856, -0.009904",-0.3578016196988736,-1.2756901518829062,1.780862311186587,Phenylalanine HB,Phenylalanine HB,4,PHE,4,A,7,21,7,0,7,36,8,1,11,51,11,1,12,69,15,2,17,82,18,2,0,0,0.06105685
1QT8,68,H,3.403113,-10.298876,6.017661,65,['61'],8,"0.065551, -0.001533, 0.065288",-2.745516217422619,-1.837446838831327,0.9803699670497644,Phenylalanine HD,Phenylalanine HD,4,PHE,4,A,4,18,4,0,6,29,6,0,11,46,11,1,12,64,14,2,20,87,18,2,0,0,0.038934804
1QT8,69,H,4.510734,-6.578713,7.98335,65,['62'],9,"-0.007820, 0.058757, 0.015522",-1.6113352615677812,2.137434209138679,2.338429054422648,Phenylalanine HD,Phenylalanine HD,4,PHE,4,A,6,29,6,0,12,50,10,0,16,69,17,0,20,85,22,0,24,102,28,2,0,0,0.01415811
1QT8,70,H,1.333816,-10.386743,7.401672,67,['63'],17,"-0.059607, 0.033335, 0.044589",-5.138331610253728,-1.2594707690418965,1.3619132681313952,Phenylalanine HE,Phenylalanine HE,4,PHE,4,A,3,15,4,0,7,27,7,0,9,40,8,0,14,57,15,0,19,81,22,1,0,0,0.21856582
1QT8,71,H,2.497302,-6.735562,9.393944,67,['64'],17,"0.034703, -0.028498, 0.069200",-3.979339754266897,2.6512663167353585,2.782069390754404,Phenylalanine HE,Phenylalanine HE,4,PHE,4,A,7,25,7,0,10,42,12,0,14,57,15,0,19,80,22,0,22,103,26,0,0,0,0.0
1QT8,72,H,0.894002,-8.629492,9.11545,69,['65'],18,"-0.008537, -0.004122, 0.027104",-5.758423035048043,0.967826825515706,2.2962764282867303,Phenylalanine HZ,Phenylalanine HZ,4,PHE,4,A,5,16,4,0,6,32,10,0,12,47,14,0,15,67,15,0,21,89,20,0,0,0,0.13273229
1QT8,73,N,7.325763,-8.341766,3.504725,7,"['55', '74', '77']","16, 18, 17","-0.017521, -0.201689, 0.062399",-0.5156135093629683,-0.9000000140199871,-1.0242207775355014,Alanine N,Glutamate N,5,GLU,5,A,8,40,6,1,9,50,8,2,12,66,9,2,15,82,14,2,19,109,20,2,0,0,0.0034174644
1QT8,74,CA,8.593683,-8.128626,2.817822,8,"['73', '75', '78', '79']","17, 17, 19, 20","0.260362, -0.328822, 0.423947",0.0,0.0,0.0,Alanine CA,Glutamate CA,5,GLU,5,A,9,35,7,1,11,48,8,2,12,65,11,2,17,84,14,2,20,106,20,2,0,0,0.0
1QT8,75,C,8.423905,-7.133883,1.660509,9,"['74', '76', '88']","18, 18, 21","-0.078322, -0.220233, 0.091796",1.5354841533868075,0.0,0.0,Alanine C,Glutamate C,5,GLU,5,A,9,40,7,2,12,59,11,2,15,75,13,2,21,96,19,2,28,120,24,2,0,0,0.0
1QT8,76,O,9.19519,-6.187438,1.522944,11,['75'],17,"-0.062773, -0.267039, 0.017621",2.167029633430399,1.0539037551463175,1.1102230246251563e-16,Alanine O,Glutamate O,5,GLU,5,A,9,34,9,1,14,54,12,2,17,80,16,2,23,97,19,2,28,122,25,2,0,0,0.0033483095
1QT8,77,HN,6.921538,-9.284917,3.437871,10,['73'],17,"-0.102725, -0.108738, -0.027389",-1.0315376483999388,-1.724920595724452,-0.6914604533059907,Alanine HN,Glutamate HN,5,GLU,5,A,8,34,6,1,9,46,7,2,9,60,8,2,13,75,11,2,19,102,16,2,0,0,0.0
1QT8,78,H,9.296901,-7.629362,3.529471,12,['74'],18,"0.319103, 0.236138, 0.190709",-0.290691515509609,1.044302503200888,-0.2741443434398848,Alanine HA,Glutamate HA,5,GLU,5,A,9,30,7,1,12,44,7,1,13,60,10,2,16,86,15,2,21,104,20,2,0,0,0.06105685
1QT8,79,C,9.248183,-9.451911,2.300826,153,"['74', '80', '84', '85']","18, 8, 18, 17","0.301338, -0.367701, 0.124698",-0.5399743124526631,-0.3183132677701676,1.4331234108386306,Glutamate CB,Glutamate CB,5,GLU,5,A,9,25,6,1,9,43,7,2,12,57,10,2,16,74,14,2,20,94,15,2,0,0,0.0
1QT8,80,C,9.64624,-10.438144,3.417328,155,"['79', '81', '86', '87']","20, 9, 18, 17","-0.235884, 0.742105, -0.137369",-2.0644263678046992,-0.1448920154610609,1.5869174995497792,Glutamate CG,Glutamate CG,5,GLU,5,A,6,21,5,1,9,25,6,1,9,45,7,1,11,63,10,2,15,79,15,2,0,0,0.0025158923
1QT8,81,C,10.255644,-11.761914,3.015278,157,"['80', '82', '83']","8, 17, 17","-0.278122, 0.644021, 0.144814",-2.686364822633827,-0.4625309873431695,2.9276943238432325,Glutamate CD,Glutamate CD,5,GLU,5,A,6,13,4,1,6,20,5,1,10,33,7,1,10,51,8,1,13,70,12,2,0,0,0.040254276
1QT8,82,O,10.669316,-11.980795,1.840532,158,['81'],9,"0.021815, 0.496424, -0.014444",-1.9884832666858807,-0.6212170414378294,3.97021130229708,Glutamate OE,Glutamate OE,5,GLU,5,A,4,12,3,1,7,20,5,1,10,37,8,1,12,53,9,2,16,73,11,2,0,0,0.120539136
1QT8,83,O,10.314414,-12.688291,3.860491,158,['81'],9,"-0.047638, 0.879407, 0.116572",-3.930051302645928,-0.6164953420811452,3.002207351584878,Glutamate OE,Glutamate OE,5,GLU,5,A,4,11,3,1,6,13,4,1,6,22,5,1,10,37,6,1,10,56,8,1,0,0,0.31139278
1QT8,84,H,10.158259,-9.197306,1.709443,154,['79'],20,"0.018486, 0.038021, -0.046500",-0.0299261360917639,0.347907509474638,2.167151079423575,Glutamate HB,Glutamate HB,5,GLU,5,A,9,26,7,1,9,39,9,1,13,59,11,2,18,77,14,2,22,96,17,2,0,0,0.05132315
1QT8,85,H,8.562603,-9.956518,1.584041,154,['79'],20,"0.028512, 0.084616, -0.108790",-0.2508233511974126,-1.3529122918239658,1.7236840380854972,Glutamate HB,Glutamate HB,5,GLU,5,A,9,27,6,1,10,44,7,2,12,62,9,2,15,76,12,2,20,100,18,2,0,0,0.0
1QT8,86,H,8.751587,-10.662813,4.037692,156,['80'],8,"-0.059356, 0.050191, 0.092543",-2.578629551356605,-0.7742350316852369,0.8284624274321613,Glutamate HG,Glutamate HG,5,GLU,5,A,6,19,5,1,8,30,5,1,9,46,6,1,11,58,9,2,13,74,12,2,0,0,0.019467402
1QT8,87,H,10.36788,-9.938555,4.104949,156,['80'],8,"0.084482, 0.146195, 0.151447",-2.3388340565695973,0.9065626033858312,1.3372783539530944,Glutamate HG,Glutamate HG,5,GLU,5,A,5,18,3,1,9,28,6,1,10,36,7,1,12,57,11,1,16,77,13,2,0,0,0.19909842
1QT8,88,N,7.356913,-7.338599,0.846808,7,"['75', '89', '92']","17, 8, 22","-0.101793, -0.295765, 0.021050",-0.5392191983285977,-0.7289525702812037,-1.1371411840731525,Alanine N,Methionine N,6,MET,6,A,10,49,10,1,11,65,14,1,15,76,16,1,23,101,21,1,30,137,29,1,0,0,0.0
1QT8,89,CA,6.988829,-6.545607,-0.315473,8,"['88', '90', '93', '94']","21, 9, 23, 22","0.223104, -0.595612, -0.071456",0.0,0.0,0.0,Alanine CA,Methionine CA,6,MET,6,A,9,50,10,1,13,65,14,1,20,86,19,1,28,119,26,1,36,153,36,1,0,0,0.0
1QT8,90,C,6.783323,-5.071801,0.044836,9,"['89', '91', '105']","8, 22, 23","-0.132472, -0.168485, 0.088598",1.5310647984827432,-5.551115123125783e-17,0.0,Alanine C,Methionine C,6,MET,6,A,9,45,10,1,15,61,14,1,21,95,17,1,27,129,31,1,38,150,33,1,0,0,0.0
1QT8,91,O,7.438007,-4.192788,-0.519077,11,['90'],9,"-0.199893, -0.238674, 0.021928",2.1566230473603434,1.062049783604888,0.0,Alanine O,Methionine O,6,MET,6,A,11,42,11,1,16,64,13,1,21,84,23,1,28,124,28,1,37,146,33,1,0,0,0.0
1QT8,92,HN,6.751872,-8.148555,1.028286,10,['88'],21,"-0.149000, -0.252681, 0.070109",-1.1949656442549468,-1.4824038046936767,-0.8976721169302698,Alanine HN,Methionine HN,6,MET,6,A,9,47,9,1,11,61,11,1,12,77,15,1,21,96,18,1,27,135,29,1,0,0,0.0
1QT8,93,H,7.850478,-6.563069,-1.026907,12,['89'],8,"0.297746, 0.080501, -0.239527",-0.299886532122614,1.071081489407653,-0.1083271337235323,Alanine HA,Methionine HA,6,MET,6,A,10,43,11,1,13,67,14,1,19,87,21,1,31,110,26,1,37,146,32,1,0,0,0.0
1QT8,94,C,5.726875,-7.159202,-1.002088,175,"['89', '95', '98', '99']","8, 24, 22, 23","-0.075959, -0.023738, -0.240950",-0.5828456370790619,-0.5778863318399787,1.3292122596396847,Methionine CB,Methionine CB,6,MET,6,A,9,52,9,1,14,68,13,1,21,92,21,1,29,127,30,1,40,157,34,1,0,0,0.0
1QT8,95,C,5.275512,-6.478791,-2.309819,177,"['94', '96', '100', '101']","22, 25, 22, 23","0.157608, -0.086751, 0.169285",-0.1750481547754172,0.1611895802732483,2.619296002895063,Methionine CG,Methionine CG,6,MET,6,A,10,50,9,1,16,74,15,1,27,101,25,1,36,129,31,1,45,174,39,1,0,0,0.0
1QT8,96,S,3.564453,-6.974688,-2.686984,179,"['95', '97']","24, 22","0.289901, 0.171390, -0.176603",-0.5114931097005613,-0.9055670953693806,4.056211157172554,Methionine SD,Methionine SD,6,MET,6,A,8,45,7,1,17,72,19,1,28,105,26,1,39,140,29,1,44,174,41,2,0,0,0.0
1QT8,97,C,3.436537,-6.540952,-4.435152,180,"['96', '102', '103', '104']","25, 22, 23, 22","0.074052, 0.007294, -0.060943",-0.488208947700802,0.2890700161738433,5.410050437330888,Methionine CE,Methionine CE,6,MET,6,A,8,41,10,0,18,76,17,1,31,115,27,1,41,144,33,2,48,172,42,2,0,0,0.0
1QT8,98,H,4.889565,-7.128603,-0.264759,176,['94'],22,"-0.005968, 0.014500, 0.118807",-0.2674863565355601,-1.645954483112348,1.403086054416369,Methionine HB,Methionine HB,6,MET,6,A,10,48,8,1,13,71,13,1,20,93,19,1,26,126,27,1,37,152,32,1,0,0,0.0
1QT8,99,H,5.913201,-8.240974,-1.208929,176,['94'],22,"0.057612, -0.089081, 0.013119",-1.6978473344263885,-0.5917916705150894,1.2635685698446149,Methionine HB,Methionine HB,6,MET,6,A,9,47,9,1,14,67,14,1,19,84,20,1,28,116,26,1,36,149,33,1,0,0,0.0
1QT8,100,H,5.965855,-6.776718,-3.130616,178,['95'],24,"0.056828, 0.040193, -0.062372",-0.7476540796597134,1.1132459570068352,2.68823641553754,Methionine HG,Methionine HG,6,MET,6,A,12,51,10,1,18,79,15,1,27,99,22,1,37,124,33,1,46,164,43,1,0,0,0.0
1QT8,101,H,5.344605,-5.368437,-2.238975,178,['95'],24,"0.073073, 0.079522, -0.067526",0.9011787258209584,0.4512487013960811,2.6025589769870856,Methionine HG,Methionine HG,6,MET,6,A,13,45,9,1,18,73,15,1,25,102,24,1,35,133,31,1,47,175,39,1,0,0,0.0
1QT8,102,H,2.432783,-6.829841,-4.812299,181,['97'],22,"0.041754, -0.008541, 0.002696",-0.7203208287819778,-0.2318107191260194,6.36295449372924,Methionine HE,Methionine HE,6,MET,6,A,12,45,11,0,15,75,19,1,28,110,25,2,37,142,32,2,49,180,39,2,0,0,0.0
1QT8,103,H,4.205286,-7.092812,-5.018089,181,['97'],22,"0.052182, -0.001087, -0.060097",-1.2597991245879605,1.0701971547772824,5.237339630377623,Methionine HE,Methionine HE,6,MET,6,A,7,47,11,1,20,68,17,1,31,109,25,1,40,143,33,2,47,174,42,2,0,0,0.0
1QT8,104,H,3.577736,-5.445839,-4.560016,181,['97'],22,"0.062219, 0.046011, 0.011165",0.517612129848685,0.756347594044513,5.479161102517299,Methionine HE,Methionine HE,6,MET,6,A,11,40,10,0,19,70,17,1,29,111,28,2,43,147,34,2,48,182,41,2,0,0,0.0
1QT8,105,N,5.862917,-4.792256,1.001687,7,"['90', '106', '109']","9, 8, 24","-0.217232, -0.215278, 0.021355",-0.5714764755785848,-1.1162677689710754,-0.7334422859166334,Alanine N,Leucine N,7,LEU,7,A,10,43,10,2,14,73,14,2,21,97,20,2,26,122,26,2,38,152,34,2,0,0,0.0
1QT8,106,CA,5.562024,-3.448633,1.465063,8,"['105', '107', '110', '111']","23, 9, 25, 26","-0.560662, -0.196030, -0.185444",0.0,0.0,0.0,Alanine CA,Leucine CA,7,LEU,7,A,10,51,12,1,14,68,17,2,21,95,20,2,29,120,27,2,40,152,35,2,0,0,0.0
1QT8,107,C,6.744356,-2.774704,2.167378,9,"['106', '108', '124']","8, 26, 28","-0.177626, -0.304390, -0.033369",1.531448861206276,-8.326672684688674e-17,-1.1102230246251563e-16,Alanine C,Leucine C,7,LEU,7,A,11,50,14,0,15,65,16,1,22,82,18,2,25,109,23,2,33,139,34,2,0,0,0.0
1QT8,108,O,6.901052,-1.557818,2.068321,11,['107'],9,"-0.076647, -0.405285, 0.129140",2.142499133217256,1.0685480933192977,-5.551115123125783e-17,Alanine O,Leucine O,7,LEU,7,A,14,46,14,0,18,59,15,1,21,77,19,1,26,106,23,2,34,136,33,2,0,0,0.0
1QT8,109,HN,5.347118,-5.556606,1.459346,10,['105'],23,"-0.181196, -0.244906, 0.140266",-1.0961707923056054,-1.804744199192462,-0.176282192042366,Alanine HN,Leucine HN,7,LEU,7,A,10,48,8,2,13,77,13,2,16,98,18,2,26,118,25,2,35,147,36,2,0,0,0.0
1QT8,110,H,5.397327,-2.812603,0.561184,12,['106'],8,"0.010499, 0.248944, -0.310495",-0.2617751474268798,0.9336612594692008,-0.5553439781847112,Alanine HA,Leucine HA,7,LEU,7,A,12,50,13,1,16,68,18,1,22,93,21,2,30,124,26,2,42,157,37,2,0,0,0.0
1QT8,111,C,4.296116,-3.381624,2.371732,19,"['106', '112', '115', '116']","8, 27, 24, 25","-0.255826, 0.061532, 0.068672",-0.532043224556783,0.1108727259921465,1.460718724443653,Leucine CB,Leucine CB,7,LEU,7,A,10,50,11,1,15,75,19,1,20,100,22,2,32,123,28,2,40,150,42,2,0,0,0.0
1QT8,112,C,2.941815,-3.368504,1.601826,21,"['111', '113', '114', '117']","26, 28, 27, 8","-0.003812, -0.014737, -0.019990",-1.924912453087088,0.7950999488998327,1.5978573458543583,Leucine CG,Leucine CG,7,LEU,7,A,15,48,10,1,18,72,17,1,22,103,27,1,30,134,32,2,41,158,39,2,0,0,0.0
1QT8,113,C,1.783942,-3.658074,2.590825,23,"['112', '118', '119', '120']","27, 9, 26, 24","-0.004149, 0.012421, 0.055933",-2.4927088122786576,0.5285486325661115,3.0153189436691137,Leucine CD,Leucine CD,7,LEU,7,A,10,47,10,1,17,72,17,1,26,96,25,1,34,133,34,1,39,160,42,2,0,0,0.0
1QT8,114,C,2.710333,-1.989283,0.931728,23,"['112', '121', '122', '123']","27, 25, 26, 27","0.032803, 0.017744, 0.048220",-1.8039886788063493,2.3248109885551407,1.3737426682016505,Leucine CD,Leucine CD,7,LEU,7,A,11,40,12,1,17,69,19,1,24,98,28,1,31,131,33,1,41,159,37,3,0,0,0.0
1QT8,115,H,4.353733,-2.466074,3.008257,20,['111'],26,"0.005783, 0.023399, 0.002529",0.2072430832323111,0.6802013113333173,2.0739367230730066,Leucine HB,Leucine HB,7,LEU,7,A,11,52,11,0,17,73,19,1,24,95,25,1,29,119,31,2,42,149,40,2,0,0,0.0
1QT8,116,H,4.318098,-4.237117,3.088153,20,['111'],26,"-0.020033, -0.019376, 0.001838",-0.5629932004643465,-0.908873127225474,1.9132350495091552,Leucine HB,Leucine HB,7,LEU,7,A,10,49,9,1,12,74,16,1,22,96,22,2,31,120,29,2,40,148,42,2,0,0,0.0
1QT8,117,H,2.945909,-4.165297,0.817063,22,['112'],27,"0.012477, -0.010695, 0.001536",-2.632276764279773,0.3655513747293898,0.8456123288997517,Leucine HG,Leucine HG,7,LEU,7,A,11,46,11,1,18,73,13,1,22,103,26,2,28,136,30,2,39,168,40,3,0,0,0.0
1QT8,118,H,0.793868,-3.663375,2.082248,24,['113'],28,"0.029403, 0.011639, 0.027449",-3.492644209890173,0.9962838365571376,3.1577203852242275,Leucine HD,Leucine HD,7,LEU,7,A,11,42,9,1,17,74,18,1,25,99,24,1,30,128,34,1,39,161,43,3,0,0,0.0
1QT8,119,H,1.729074,-2.90224,3.406291,24,['113'],28,"-0.030860, 0.050680, 0.032966",-1.828487962880679,0.9258318930839416,3.8154795552174137,Leucine HD,Leucine HD,7,LEU,7,A,8,47,11,0,17,72,16,1,27,100,26,1,34,126,39,1,40,156,45,1,0,0,0.0
1QT8,120,H,1.900514,-4.653032,3.076352,24,['113'],28,"0.020021, -0.002748, 0.003500",-2.617891803320222,-0.5608603039767724,3.207111301210776,Leucine HD,Leucine HD,7,LEU,7,A,9,51,10,1,14,70,16,1,26,97,23,1,33,125,34,2,37,162,43,2,0,0,0.0
1QT8,121,H,1.702985,-1.914666,0.468922,24,['114'],27,"0.033596, 0.028167, 0.042277",-2.761101154686516,2.8522940252585283,1.5742531116546323,Leucine HD,Leucine HD,7,LEU,7,A,12,41,13,1,16,66,18,1,23,93,24,1,34,130,33,2,39,170,41,4,0,0,0.0
1QT8,122,H,3.449319,-1.798741,0.12208,24,['114'],27,"0.007202, -0.007865, -0.017266",-1.5209164517595148,2.5633533477263453,0.3245028943559476,Leucine HD,Leucine HD,7,LEU,7,A,13,44,12,1,16,68,20,1,25,97,28,1,31,126,30,1,40,159,37,3,0,0,0.0
1QT8,123,H,2.790131,-1.148671,1.659037,24,['114'],27,"-0.002304, 0.039039, 0.047113",-1.0389219609427718,2.7888927936421606,2.0380284743375525,Leucine HD,Leucine HD,7,LEU,7,A,12,38,10,0,17,69,19,1,24,92,29,1,31,124,34,1,44,155,41,1,0,0,0.0
1QT8,124,N,7.640297,-3.539712,2.841302,7,"['107', '125', '128']","9, 27, 9","-0.139784, -0.328910, 0.100857",-0.574272724970839,-1.0933176870437609,-0.7739147332780565,Alanine N,Arginine N,8,ARG,8,A,8,45,10,0,12,61,15,2,16,79,17,2,21,105,24,2,29,133,33,2,0,0,0.0
1QT8,125,CA,8.876767,-2.99117,3.383815,8,"['124', '126', '129', '130']","28, 29, 26, 29","-0.519243, -0.218716, 0.371008",0.0,0.0,0.0,Alanine CA,Arginine CA,8,ARG,8,A,8,42,10,0,11,50,15,0,13,71,18,2,20,92,26,2,27,119,32,2,0,0,0.0
1QT8,126,C,9.817349,-2.440128,2.305795,9,"['125', '127', '148']","27, 8, 9","-0.244603, -0.353902, -0.180902",1.5331239039581903,0.0,0.0,Alanine C,Arginine C,8,ARG,8,A,8,32,10,0,9,46,15,0,16,66,18,1,19,86,23,2,24,113,27,2,0,0,0.0
1QT8,127,O,10.506244,-1.43743,2.539757,11,['126'],29,"-0.300759, -0.342761, -0.261128",2.1516487541139813,1.0733800945670444,0.0,Alanine O,Arginine O,8,ARG,8,A,7,31,8,0,11,40,16,0,15,57,18,0,19,77,20,1,23,107,26,2,0,0,0.0
1QT8,128,HN,7.466845,-4.540959,3.005722,10,['124'],28,"-0.056611, -0.303131, 0.085354",-1.1561715685898926,-1.7688022209200405,-0.259396057230478,Alanine HN,Arginine HN,8,ARG,8,A,8,45,9,0,10,65,14,2,16,83,19,2,21,102,24,2,26,134,32,2,0,0,0.0
1QT8,129,H,8.593169,-2.090574,3.984434,12,['125'],27,"-0.125151, 0.353891, 0.133668",-0.2726200056661554,0.9472887000389772,-0.5296853927285984,Alanine HA,Arginine HA,8,ARG,8,A,10,39,10,0,11,56,14,0,15,72,19,0,22,88,25,2,28,124,33,2,0,0,0.0
1QT8,130,C,9.617261,-3.990767,4.322903,202,"['125', '131', '137', '138']","27, 26, 8, 9","0.000021, -0.131374, 0.114907",-0.565303460528155,0.0719165994287086,1.4507487027154302,Arginine CB,Arginine CB,8,ARG,8,A,9,34,7,0,9,53,12,0,11,67,17,1,18,89,26,2,24,113,30,2,0,0,0.0025158923
1QT8,131,C,11.064188,-3.620639,4.731659,204,"['130', '132', '139', '140']","29, 27, 30, 31","-0.141289, -0.230062, -0.173125",0.168011321706603,1.0128389638308528,2.437961183173852,Arginine CG,Arginine CG,8,ARG,8,A,8,26,7,0,8,44,8,0,12,57,17,0,15,73,24,1,21,95,29,1,0,0,0.0075476766
1QT8,132,C,11.217741,-2.254364,5.440091,206,"['131', '133', '141', '142']","26, 28, 8, 9","-0.287425, -0.062572, -0.068036",0.2551538099367285,2.49189515746618,1.9941585684090868,Arginine CD,Arginine CD,8,ARG,8,A,6,27,7,0,11,43,12,0,12,58,14,0,15,78,22,0,19,100,30,1,0,0,0.0
1QT8,133,N,12.621547,-2.043257,5.775337,208,"['132', '134', '143']","27, 27, 32","-0.124588, -0.052770, -0.180776",0.9565462954949768,3.2589651337449874,3.017525347376946,Arginine NE,Arginine NE,8,ARG,8,A,3,17,6,0,8,30,9,0,12,48,14,0,14,67,18,0,17,85,22,0,0,0,0.0022783095
1QT8,134,C,13.568421,-1.476094,4.997683,210,"['133', '135', '136']","28, 24, 25","0.132398, -0.017738, -0.203599",2.288121541516107,3.459673257950066,3.1155743005730336,Arginine CZ,Arginine CZ,8,ARG,8,A,3,15,3,0,7,23,8,0,8,40,13,0,13,59,16,0,16,77,20,0,0,0,0.035222493
1QT8,135,N,13.333211,-0.965446,3.783792,211,"['134', '144', '145']","27, 33, 34","0.078990, -0.030514, -0.106881",3.18090846844496,3.0066887714212363,2.2282451384498976,Arginine NH,Arginine NH,8,ARG,8,A,5,17,5,0,6,25,9,0,9,39,13,0,13,55,17,0,19,76,20,0,0,0,0.02847887
1QT8,136,N,14.796913,-1.355998,5.522446,211,"['134', '146', '147']","27, 35, 8","0.016670, -0.092637, -0.108579",2.7159867593386373,4.228134822300348,4.128189740383722,Arginine NH,Arginine NH,8,ARG,8,A,4,8,2,0,5,16,4,0,7,27,9,0,9,48,15,0,14,65,17,0,0,0,0.06834929
1QT8,137,H,9.658163,-4.982611,3.805614,203,['130'],29,"-0.030379, -0.060339, -0.079242",-0.5329695629429583,-0.9597478646356276,1.883921135027087,Arginine HB,Arginine HB,8,ARG,8,A,8,29,8,0,9,49,11,1,12,65,19,1,15,91,22,2,25,115,30,2,0,0,0.0035395275
1QT8,138,H,8.99408,-4.166875,5.232298,203,['130'],29,"-0.049121, -0.018954, -0.036666",-1.65037018571788,0.3309256807645696,1.407018277133257,Arginine HB,Arginine HB,8,ARG,8,A,8,35,7,0,10,53,11,0,13,72,20,1,20,94,26,1,27,114,30,2,0,0,0.02300693
1QT8,139,H,11.710229,-3.641624,3.820091,205,['131'],26,"0.033668, -0.012917, -0.047497",1.1977907483895591,0.6157721251677942,2.613054931048087,Arginine HG,Arginine HG,8,ARG,8,A,8,23,6,0,8,38,11,0,10,53,16,1,14,68,22,1,21,93,26,2,0,0,0.063711494
1QT8,140,H,11.460904,-4.427132,5.393899,205,['131'],26,"0.028020, -0.015446, 0.023747",-0.3441296407862846,0.9535288064582,3.4281986804815885,Arginine HG,Arginine HG,8,ARG,8,A,5,21,5,0,8,40,7,0,11,54,15,0,15,67,21,1,18,95,27,1,0,0,0.20440772
1QT8,141,H,10.601228,-2.241448,6.367984,207,['132'],27,"-0.155645, 0.019158, 0.062920",-0.7708891471215549,2.901780616302028,1.851084173145573,Arginine HD,Arginine HD,8,ARG,8,A,5,29,6,0,11,46,13,0,13,63,16,0,19,84,22,0,23,100,31,0,0,0,0.009733701
1QT8,142,H,10.825592,-1.415409,4.820008,207,['132'],27,"-0.210448, 0.116043, -0.175619",0.752121487555548,2.6023931056374554,1.0027239573695617,Arginine HD,Arginine HD,8,ARG,8,A,6,31,10,0,11,43,12,0,12,57,14,0,16,80,22,0,24,103,29,1,0,0,0.0
1QT8,143,HN,12.865801,-2.397673,6.712329,209,['133'],28,"0.069865, -0.020141, -0.010742",0.3201637441792755,3.655592657969783,3.7252884299435833,Arginine HE,Arginine HE,8,ARG,8,A,4,15,3,0,6,26,8,0,10,44,11,0,14,66,17,0,19,79,23,0,0,0,0.08494866
1QT8,144,HN,12.411812,-1.066844,3.337568,212,['135'],24,"-0.078057, -0.060670, -0.051076",2.8929425230219072,2.3892894871336487,1.457357813467327,Arginine HH,Arginine HH,8,ARG,8,A,5,22,7,0,7,30,11,0,11,46,16,0,13,66,18,0,22,87,22,1,0,0,0.0
1QT8,145,HN,14.087283,-0.51526,3.242302,212,['135'],24,"0.175049, 0.083677, -0.151883",4.186094669988933,3.213937168634224,2.333849295367349,Arginine HH,Arginine HH,8,ARG,8,A,5,14,5,0,6,24,8,0,6,33,11,0,13,48,14,0,18,67,18,0,0,0,0.19467402
1QT8,146,HN,15.01762,-1.817496,6.414087,212,['136'],25,"0.002764, -0.013354, -0.080034",2.0585587604275424,4.51186143029241,4.865755530601159,Arginine HH,Arginine HH,8,ARG,8,A,2,9,3,0,5,15,3,0,5,26,8,0,9,45,14,0,14,65,16,0,0,0,0.18140079
1QT8,147,HN,15.564668,-0.93046,4.984444,212,['136'],25,"0.058106, 0.008580, -0.023103",3.718255888453922,4.423581241034071,4.259467201128706,Arginine HH,Arginine HH,8,ARG,8,A,2,7,2,0,5,14,4,0,6,20,8,0,9,39,11,0,11,56,15,0,0,0,0.25484598
1QT8,148,N,9.888443,-3.124503,1.140422,7,"['126', '149', '152']","29, 3, 4","-0.038422, -0.388671, -0.166107",-0.5088359313867141,-0.8650877126486829,-1.0526322286853491,Alanine N,Isoleucine N,9,ILE,9,A,10,32,10,0,14,50,14,1,19,70,18,2,25,89,24,2,28,115,28,2,0,0,0.0
1QT8,149,CA,10.686092,-2.730127,-0.010034,8,"['148', '150', '153', '154']","9, 5, 8, 9","0.332188, -0.528630, 0.182693",0.0,0.0,0.0,Alanine CA,Isoleucine CA,9,ILE,9,A,10,32,10,0,15,44,13,1,20,62,18,2,23,80,21,2,28,104,29,2,0,0,0.0
1QT8,150,C,10.182297,-1.40615,-0.580994,9,"['149', '151', '167']","3, 1, 8","-0.062836, -0.388356, -0.005811",1.5273243991222036,-6.765421556309548e-17,0.0,Alanine C,Isoleucine C,9,ILE,9,A,11,28,10,0,17,45,13,0,19,61,18,2,22,80,22,2,29,104,28,2,0,0,0.0
1QT8,151,O,10.955756,-0.469317,-0.800487,11,['150'],5,"-0.398675, -0.251319, -0.024623",2.1663518983076657,1.056274550911728,-1.1102230246251563e-16,Alanine O,Isoleucine O,9,ILE,9,A,10,25,10,0,14,38,11,0,19,52,15,0,22,71,21,0,28,90,25,2,0,0,0.17299598
1QT8,152,HN,9.37055,-4.00765,1.027939,10,['148'],9,"-0.134685, -0.267757, -0.034092",-1.061522131181038,-1.6698589185784145,-0.7244623351693292,Alanine HN,Isoleucine HN,9,ILE,9,A,9,37,10,1,14,50,15,2,20,71,20,2,26,96,23,2,30,121,30,2,0,0,0.0
1QT8,153,H,11.732032,-2.531382,0.331586,12,['149'],3,"0.388446, 0.096771, 0.020073",-0.3004318459776573,1.0529304077578951,-0.2264344173624002,Alanine HA,Isoleucine HA,9,ILE,9,A,10,28,10,0,15,39,13,0,15,53,14,1,21,72,21,2,27,89,27,2,0,0,0.04689874
1QT8,154,C,10.726989,-3.868085,-1.093254,25,"['149', '155', '156', '158']","3, 8, 9, 31","0.291834, -0.410186, -0.110845",-0.5950004022742577,-0.3942759270228234,1.4001812587792928,Isoleucine CB,Isoleucine CB,9,ILE,9,A,11,35,11,1,16,45,13,2,18,62,18,2,25,82,23,2,31,111,28,2,0,0,0.0
1QT8,155,C,11.616177,-5.043838,-0.57745,27,"['154', '157', '159', '160']","9, 30, 8, 9","0.028984, -0.024190, 0.050239",-2.10033996949546,0.0175528559028038,1.4589522012703044,Isoleucine CG1,Isoleucine CG1,9,ILE,9,A,7,33,10,1,16,43,14,1,18,57,18,2,23,77,21,2,27,105,26,2,0,0,0.0037738383
1QT8,156,C,11.256031,-3.356756,-2.457489,29,"['154', '161', '162', '163']","9, 8, 9, 32","0.069748, 0.032548, -0.020799",0.1837357570685589,0.2589902045565725,2.5703493128182373,Isoleucine CG2,Isoleucine CG2,9,ILE,9,A,11,33,11,0,13,43,12,1,18,58,16,2,26,78,24,2,29,99,27,2,0,0,0.0012579461
1QT8,157,C,11.409085,-6.366862,-1.333761,31,"['155', '164', '165', '166']","8, 33, 34, 35","0.114222, -0.006127, 0.051306",-2.896174897848978,-0.6688826349844549,2.581778551791132,Isoleucine CD,Isoleucine CD,9,ILE,9,A,8,31,8,1,12,49,16,2,19,66,19,2,25,86,22,2,28,102,26,2,0,0,0.0
1QT8,158,H,9.679861,-4.236242,-1.244652,26,['154'],9,"-0.131703, 0.029160, -0.010137",-0.512143968812099,-1.5062301436343548,1.5080265694365669,Isoleucine HB,Isoleucine HB,9,ILE,9,A,10,36,10,2,16,53,14,2,21,72,18,2,28,95,28,2,34,125,32,2,0,0,0.0
1QT8,159,H,11.398491,-5.245912,0.498027,28,['155'],8,"0.005222, -0.069650, 0.029326",-2.6057509733998345,-0.2387904693789212,0.4978488299741263,Isoleucine HG1,Isoleucine HG1,9,ILE,9,A,7,30,9,1,12,40,14,1,20,59,17,2,24,81,22,2,26,105,25,2,0,0,0.044244096
1QT8,160,H,12.695493,-4.759242,-0.604201,28,['155'],8,"0.102302, -0.004896, 0.021829",-2.1996520050101,1.1259392848273575,1.5497826523911375,Isoleucine HG1,Isoleucine HG1,9,ILE,9,A,6,27,6,1,17,42,14,1,17,50,16,1,20,64,21,2,25,87,23,2,0,0,0.06017197
1QT8,161,H,11.34662,-4.176327,-3.199183,30,['156'],9,"0.038794, 0.023513, 0.011772",-0.2793314428586326,0.0326996390786888,3.5523749382095966,Isoleucine HG2,Isoleucine HG2,9,ILE,9,A,9,32,9,1,13,44,13,1,17,59,17,2,24,81,23,2,30,104,28,2,0,0,0.0
1QT8,162,H,12.257155,-2.878963,-2.35792,30,['156'],9,"0.067088, 0.032993, 0.035087",0.2304683051651007,1.3668674459586472,2.4660732996717285,Isoleucine HG2,Isoleucine HG2,9,ILE,9,A,8,25,10,0,13,42,12,0,16,52,14,1,22,68,19,2,27,87,27,2,0,0,0.054862678
1QT8,163,H,10.572735,-2.603896,-2.911592,30,['156'],9,"0.003085, -0.008650, 0.004568",1.231506016182948,-0.1131468754937646,2.630287744495876,Isoleucine HG2,Isoleucine HG2,9,ILE,9,A,11,34,11,0,15,43,13,0,22,66,18,2,26,78,25,2,31,102,28,2,0,0,0.0008848819
1QT8,164,H,12.030193,-7.16883,-0.872578,32,['157'],30,"0.079787, 0.005097, 0.057032",-3.9686486553672986,-0.3723638293882922,2.522666644874154,Isoleucine HD,Isoleucine HD,9,ILE,9,A,9,31,7,1,12,42,14,1,16,61,18,2,24,81,21,2,28,94,23,2,0,0,0.0929126
1QT8,165,H,11.712499,-6.301412,-2.401695,32,['157'],30,"0.061542, -0.039412, -0.004626",-2.540295403307812,-0.3820431360412562,3.5956324236400974,Isoleucine HD,Isoleucine HD,9,ILE,9,A,8,31,8,1,12,48,14,1,17,66,18,2,24,81,22,2,31,100,27,2,0,0,0.0
1QT8,166,H,10.348026,-6.699091,-1.290581,32,['157'],30,"0.064580, 0.042180, 0.036013",-2.850317834731115,-1.7772217073702203,2.494781697208557,Isoleucine HD,Isoleucine HD,9,ILE,9,A,8,37,12,2,12,56,16,2,22,73,21,2,27,92,23,2,30,113,28,2,0,0,0.0
1QT8,167,N,8.854665,-1.309748,-0.828347,7,"['150', '168', '171']","5, 9, 3","-0.113568, -0.300189, -0.036991",-0.5673872912450341,-0.7074938858565252,-1.1366546692801012,Alanine N,Aspartate N,10,ASP,10,A,14,37,9,0,15,51,12,1,20,68,16,2,26,95,22,2,33,121,27,2,0,0,0.0
1QT8,168,CA,8.243436,-0.100493,-1.356136,8,"['167', '169', '172', '173']","8, 8, 5, 1","-0.178425, -0.444023, -0.504069",0.0,0.0,0.0,Alanine CA,Aspartate CA,10,ASP,10,A,12,31,9,0,15,47,11,0,20,66,16,1,25,93,21,1,35,124,27,2,0,0,0.0
1QT8,169,C,8.366392,1.094641,-0.40656,9,"['168', '170', '179']","9, 9, 12","-0.130236, -0.326580, 0.073847",1.531390882716754,0.0,-5.551115123125783e-17,Alanine C,Aspartate C,10,ASP,10,A,11,25,8,0,15,40,10,0,19,60,15,0,25,89,22,1,35,125,26,1,0,0,0.0
1QT8,170,O,8.92541,2.133535,-0.775717,11,['169'],8,"-0.276109, -0.206444, 0.381136",2.1581476059050595,1.0654833495401317,-2.775557561562892e-17,Alanine O,Aspartate O,10,ASP,10,A,10,20,8,0,15,29,8,0,18,53,14,0,25,84,20,0,33,120,24,1,0,0,0.2500071
1QT8,171,HN,8.249043,-2.137023,-0.716183,10,['167'],8,"-0.115614, -0.260462, 0.040009",-1.1920880824113238,-1.5032598059109514,-0.9360350854874304,Alanine HN,Aspartate HN,10,ASP,10,A,14,39,10,0,16,56,12,1,19,76,17,2,28,107,23,2,34,129,28,2,0,0,0.0
1QT8,172,H,8.837983,0.211031,-2.250119,12,['168'],9,"0.234996, 0.111545, -0.252093",-0.2634786197395889,1.080411034548788,-0.114148830214492,Alanine HA,Aspartate HA,10,ASP,10,A,13,29,7,0,14,45,12,0,20,62,15,1,26,87,21,1,33,115,27,2,0,0,0.0
1QT8,173,C,6.777129,-0.340346,-1.798634,137,"['168', '174', '177', '178']","9, 4, 8, 9","-0.176963, 0.265611, 0.285709",-0.579298995216809,-0.5091051635558235,1.3448474881723933,Aspartate CB,Aspartate CB,10,ASP,10,A,12,35,9,0,16,55,13,1,23,76,17,1,30,106,24,1,39,138,35,2,0,0,0.0
1QT8,174,C,6.649284,-1.3199,-2.94972,139,"['173', '175', '176']","1, 8, 9","-0.071606, 0.177823, 0.351206",-2.067789794866952,-0.2568885135099545,1.491991170107832,Aspartate CG,Aspartate CG,10,ASP,10,A,13,42,7,1,18,56,15,1,23,74,19,1,28,112,28,2,42,146,35,2,0,0,0.0
1QT8,175,O,7.358925,-1.143985,-3.968401,140,['174'],4,"-0.481921, -0.179410, 0.541342",-2.505181985462807,0.8971894447441437,1.2705424091160138,Aspartate OD,Aspartate OD,10,ASP,10,A,14,38,7,0,17,58,12,1,22,78,20,1,29,99,28,2,37,133,32,2,0,0,0.0
1QT8,176,O,5.80542,-2.261009,-2.828791,140,['174'],4,"0.337708, 0.021725, 0.059356",-2.795022953987166,-1.2313675370395731,1.8579679294721303,Aspartate OD,Aspartate OD,10,ASP,10,A,13,46,8,1,19,58,16,1,26,86,23,2,32,123,28,2,43,160,36,3,0,1,0.0
1QT8,177,H,6.315257,0.624573,-2.108101,138,['173'],1,"-0.038814, 0.108603, 0.056213",-0.0552295733731627,-0.011648611203456,2.19222725229481,Aspartate HB,Aspartate HB,10,ASP,10,A,14,32,10,0,15,52,12,0,22,78,16,1,27,100,28,1,40,135,33,1,0,0,0.0008848819
1QT8,178,H,6.1681,-0.694691,-0.935637,138,['173'],1,"-0.034216, 0.038945, 0.130289",-0.3696152913747555,-1.5964868885795744,1.466807532049269,Aspartate HB,Aspartate HB,10,ASP,10,A,12,38,10,0,15,58,15,1,23,82,17,1,30,107,28,2,39,142,32,2,0,0,0.0
1QT8,179,N,7.801287,0.962373,0.821774,7,"['169', '180', '183']","8, 8, 9","-0.262781, -0.205937, 0.059469",-0.6365967238074273,-1.1244763110879858,-0.6656944041958028,Alanine N,Glutamate N,11,GLU,11,A,12,30,9,0,16,45,13,0,21,67,17,0,25,93,21,1,33,124,26,1,0,0,0.0
1QT8,180,CA,7.668839,2.033498,1.795427,8,"['179', '181', '184', '185']","12, 9, 36, 9","-0.650124, -0.100143, -0.146196",0.0,0.0,0.0,Alanine CA,Glutamate CA,11,GLU,11,A,11,27,10,0,16,45,11,0,20,69,16,0,27,95,23,0,34,122,28,1,0,0,0.0
1QT8,181,C,8.973174,2.550781,2.403707,9,"['180', '182', '194']","8, 8, 36","-0.190538, -0.301665, -0.137167",1.529338436290019,-2.0816681711721685e-17,-1.1102230246251563e-16,Alanine C,Glutamate C,11,GLU,11,A,11,28,8,0,17,45,12,0,19,63,15,0,26,83,18,0,35,111,29,0,0,0,0.0025158923
1QT8,182,O,9.060852,3.735045,2.757065,11,['181'],9,"-0.331501, -0.354731, -0.016825",2.1452267843046906,1.0750404979924053,-2.220446049250313e-16,Alanine O,Glutamate O,11,GLU,11,A,9,28,8,0,15,42,10,0,21,61,15,0,28,86,21,0,36,109,29,0,0,0,0.15290613
1QT8,183,HN,7.40542,0.055282,1.100108,10,['179'],12,"-0.112497, -0.307040, 0.144560",-1.17033138469658,-1.758751522094619,-0.0575687198228829,Alanine HN,Glutamate HN,11,GLU,11,A,13,36,10,0,17,54,14,0,21,75,17,1,27,98,20,1,32,129,28,2,0,0,0.0
1QT8,184,H,7.248155,2.919795,1.258141,12,['180'],8,"-0.160963, 0.383046, -0.133607",-0.2727106128194563,0.9216674933956244,-0.5721290056748258,Alanine HA,Glutamate HA,11,GLU,11,A,9,25,10,0,15,43,11,0,21,71,16,0,30,95,23,0,38,120,32,0,0,0,0.03628016
1QT8,185,C,6.722501,1.647622,2.978308,153,"['180', '186', '190', '191']","8, 8, 37, 38","-0.487257, 0.024570, 0.062517",-0.4671471000173821,0.1541698587067749,1.483802075545348,Glutamate CB,Glutamate CB,11,GLU,11,A,11,36,9,0,15,54,13,0,21,77,21,0,28,108,26,0,41,132,31,1,0,0,0.0
1QT8,186,C,5.265894,1.331748,2.584637,155,"['185', '187', '192', '193']","9, 9, 8, 9","0.588700, -0.453339, 0.450656",-1.9728713288239297,0.4206348113111494,1.679373465028769,Glutamate CG,Glutamate CG,11,GLU,11,A,11,34,10,0,14,57,16,0,22,78,22,0,33,104,28,1,41,147,34,1,0,0,0.0
1QT8,187,C,4.519914,2.455447,1.905265,157,"['186', '188', '189']","8, 8, 9","0.301535, -0.357574, 0.249050",-2.4992334567488603,1.6759075297485024,1.0251829499506018,Glutamate CD,Glutamate CD,11,GLU,11,A,11,34,9,0,15,51,16,0,21,72,20,0,30,105,26,0,41,144,37,1,0,0,0.0
1QT8,188,O,3.558365,2.15207,1.135785,158,['187'],9,"0.152447, -0.091048, 0.949154",-3.7279824565874016,1.714310850481384,0.7130697745118338,Glutamate OE,Glutamate OE,11,GLU,11,A,10,34,10,0,16,48,15,0,24,67,22,0,27,103,26,1,37,150,36,2,0,1,0.007812722
1QT8,189,O,4.922363,3.643212,2.057639,158,['187'],9,"-0.222484, -0.403875, 0.145891",-1.6936400142543808,2.6057331620584816,0.7381076504014384,Glutamate OE,Glutamate OE,11,GLU,11,A,11,30,7,0,15,54,17,0,23,73,21,0,29,102,26,0,42,138,40,0,0,0,0.16518326
1QT8,190,H,6.708668,2.493675,3.702497,154,['185'],9,"0.041252, 0.050881, -0.052669",0.0952631765140386,1.0008852173006606,1.939010292509935,Glutamate HB,Glutamate HB,11,GLU,11,A,10,34,9,0,17,60,12,0,21,81,19,0,30,107,28,0,40,134,34,0,0,0,0.0
1QT8,191,H,7.155325,0.780733,3.530299,154,['185'],9,"0.105955, -0.001723, 0.011028",-0.171669248804006,-0.7533375549456762,2.060560561383367,Glutamate HB,Glutamate HB,11,GLU,11,A,13,42,9,0,15,53,14,0,20,75,19,0,27,106,24,0,38,135,29,1,0,0,0.0
1QT8,192,H,4.695088,1.032801,3.492966,156,['186'],8,"-0.049013, -0.104998, 0.101833",-2.199534095328324,0.4731769966802684,2.7684619277916487,Glutamate HG,Glutamate HG,11,GLU,11,A,11,38,8,0,14,61,16,0,23,81,25,0,36,115,29,0,40,152,36,1,0,0,0.0
1QT8,193,H,5.241619,0.438866,1.919313,156,['186'],8,"0.030487, -0.182822, -0.004138",-2.560209404645796,-0.4471457744324639,1.3019156445754905,Glutamate HG,Glutamate HG,11,GLU,11,A,11,39,12,0,14,57,18,0,22,76,21,1,31,109,26,1,43,144,36,1,0,0,0.0
1QT8,194,N,9.99117,1.672288,2.5719,1,"['181', '195', '198']","9, 9, 8","-0.114647, -0.242144, -0.107957",-0.5270239302968153,1.332303763888997,-0.2058051772495319,Glycine N,Glycine N,12,GLY,12,A,11,29,10,0,14,44,14,0,19,60,17,0,23,77,19,0,30,105,24,0,0,0,0.0022783095
1QT8,195,CA,11.164224,1.96695,3.367049,2,"['194', '196', '199', '200']","36, 8, 9, 37","-0.279314, -0.029530, -0.686031",0.0,0.0,0.0,Glycine CA,Glycine CA,12,GLY,12,A,11,31,8,0,12,42,10,0,17,53,14,0,21,69,19,0,27,98,22,0,0,0,0.015095353
1QT8,196,C,10.831175,2.00204,4.858575,3,"['195', '197', '201']","9, 9, 38","0.211409, 0.119476, -0.283446",1.528660444041449,5.551115123125783e-17,0.0,Glycine C,Glycine C,12,GLY,12,A,11,37,10,0,14,41,11,0,15,61,15,0,22,79,20,0,29,108,26,0,0,0,0.0
1QT8,197,O,9.738519,1.646896,5.29768,5,['196'],8,"0.092266, 0.052692, -0.081361",2.18700318675895,1.038952563502395,1.1102230246251563e-16,Glycine O,Glycine O,12,GLY,12,A,12,36,10,0,14,52,12,0,17,64,18,0,23,95,24,0,32,119,30,0,0,0,0.0
1QT8,198,HN,9.902423,0.683588,2.301961,4,['194'],36,"-0.041945, -0.232031, -0.048049",-0.7937655876088715,1.8185402892659,0.6606206495664821,Glycine HN,Glycine HN,12,GLY,12,A,10,33,10,0,15,42,15,0,18,66,15,0,24,84,21,0,26,104,24,0,0,0,0.0
1QT8,199,H,11.96097,1.217388,3.175834,6,['195'],9,"0.151981, -0.068956, -0.022142",-0.3773628966933347,-0.423403535509996,0.9547445977337864,Glycine HA,Glycine HA,12,GLY,12,A,9,27,7,0,11,37,9,0,14,49,16,0,18,66,19,0,27,89,21,0,0,0,0.030085985
1QT8,200,H,11.58946,2.951312,3.06682,6,['195'],9,"0.030857, 0.178452, -0.085679",-0.362986118729553,-0.6805793910672379,-0.8031092237331128,Glycine HA,Glycine HA,12,GLY,12,A,10,28,8,0,12,41,9,0,18,49,11,0,21,59,18,0,27,87,23,0,0,0,0.15308456
1QT8,201,N,11.838482,2.383046,5.678399,7,"['196', '202', '205']","8, 8, 9","0.106200, -0.057258, -0.150126",-0.486555269146557,0.6648354494676754,1.2031586842494373,Alanine N,Leucine N,13,LEU,13,A,11,26,5,0,13,38,10,0,17,48,12,0,21,71,19,0,27,99,26,0,0,0,0.0
1QT8,202,CA,11.731698,2.552242,7.122803,8,"['201', '203', '206', '207']","38, 9, 8, 9","-0.129262, -0.838215, -0.329442",0.0,0.0,0.0,Alanine CA,Leucine CA,13,LEU,13,A,10,28,5,0,12,40,8,0,20,60,16,0,24,83,21,0,29,108,27,0,0,0,0.0
1QT8,203,C,12.420549,3.862536,7.538158,9,"['202', '204', '220']","8, 8, 38","-0.520942, -0.193661, 0.079420",1.5374998675323517,-2.775557561562892e-17,0.0,Alanine C,Leucine C,13,LEU,13,A,10,27,4,0,12,37,8,0,17,57,10,0,25,76,20,0,29,98,25,0,0,0,0.0
1QT8,204,O,13.630384,4.061872,7.341698,11,['203'],9,"-0.443497, 0.140503, 0.274767",2.196351417675777,1.0525904876040857,0.0,Alanine O,Leucine O,13,LEU,13,A,11,19,4,0,14,30,6,0,15,46,8,0,20,66,17,0,27,82,21,0,0,0,0.20201467
1QT8,205,HN,12.772791,2.549819,5.280898,10,['201'],38,"0.298162, 0.004455, -0.124058",-0.0332106301745266,1.5607297513566765,1.4281156227268648,Alanine HN,Leucine HN,13,LEU,13,A,9,19,5,0,12,32,8,0,17,45,11,0,19,60,13,0,23,82,24,0,0,0,0.071675435
1QT8,206,H,10.646193,2.61552,7.390222,12,['202'],8,"-0.440212, -0.024593, 0.028587",-0.360172130074247,-1.060151637251782,0.0138807283722796,Alanine HA,Leucine HA,13,LEU,13,A,9,30,7,0,13,46,12,0,19,74,18,0,25,91,24,0,36,119,31,0,0,0,0.0
1QT8,207,C,12.370995,1.325538,7.844924,19,"['202', '208', '211', '212']","8, 1, 1, 4","0.037046, -0.224850, 0.109678",-0.5639193625854124,0.7206875617059751,-1.263948767699688,Leucine CB,Leucine CB,13,LEU,13,A,9,26,6,0,10,40,8,0,18,55,14,0,22,73,20,0,29,98,25,0,0,0,0.0
1QT8,208,C,12.417621,1.410472,9.403328,21,"['207', '209', '210', '213']","9, 4, 39, 8","-0.042406, -0.072738, 0.007304",-0.0496443454362729,0.1775943281199943,-2.634562404658469,Leucine CG,Leucine CG,13,LEU,13,A,8,32,5,0,14,43,11,0,16,58,15,0,25,80,18,0,30,100,25,0,0,0,0.0
1QT8,209,C,10.995426,1.443922,10.005945,23,"['208', '214', '215', '216']","1, 9, 36, 9","-0.045703, -0.085569, 0.059299",-0.4955312974204003,-1.2841045405859517,-2.8615558241403223,Leucine CD,Leucine CD,13,LEU,13,A,10,38,9,0,15,50,14,0,21,74,18,0,27,93,20,0,31,121,30,0,0,0,0.0
1QT8,210,C,13.179797,0.188419,9.981851,23,"['208', '217', '218', '219']","1, 8, 9, 37","-0.034254, -0.086514, -0.015331",-0.5933390870056802,1.0545408232008318,-3.794034493183765,Leucine CD,Leucine CD,13,LEU,13,A,8,26,6,0,12,35,8,0,14,49,10,0,21,64,18,0,25,84,21,0,0,0,0.0037738383
1QT8,211,H,13.411829,1.198748,7.460316,20,['207'],9,"0.016738, 0.021659, -0.013874",-0.3095463262730896,1.8055630406210503,-1.18862289587577,Leucine HB,Leucine HB,13,LEU,13,A,8,21,6,0,9,34,6,0,14,45,11,0,20,64,18,0,25,84,21,0,0,0,0.029201102
1QT8,212,H,11.820093,0.403541,7.536996,20,['207'],9,"-0.032038, 0.008948, -0.025545",-1.679676184023905,0.6687451685929613,-1.236023187881791,Leucine HB,Leucine HB,13,LEU,13,A,8,28,6,0,14,40,11,0,16,58,15,0,22,77,18,0,28,103,27,0,0,0,0.0
1QT8,213,H,12.959697,2.335443,9.716063,22,['208'],1,"-0.056575, -0.061080, 0.008508",1.0659912577251087,0.2191341031729259,-2.6637611869839684,Leucine HG,Leucine HG,13,LEU,13,A,9,28,5,0,13,39,10,0,18,57,15,0,22,78,16,0,31,99,21,0,0,0,0.011503465
1QT8,214,H,11.02895,1.55828,11.112303,24,['209'],4,"-0.005861, -0.011107, 0.038653",-0.0841706315615515,-1.6878955069935833,-3.813377705027579,Leucine HD,Leucine HD,13,LEU,13,A,10,36,9,0,15,52,14,0,21,73,18,0,25,98,20,0,29,117,29,0,0,0,0.0
1QT8,215,H,10.437625,0.503596,9.801998,24,['209'],4,"-0.031073, -0.053012, -0.003735",-1.601909082941872,-1.3727257573026796,-2.932434568050259,Leucine HD,Leucine HD,13,LEU,13,A,12,37,9,0,16,52,14,0,21,76,18,0,27,92,24,0,32,118,33,0,0,0,0.0
1QT8,216,H,10.38404,2.287384,9.620947,24,['209'],4,"0.022077, -0.049487, 0.021018",-0.1546411893170436,-1.9686092151346164,-2.056141811869423,Leucine HD,Leucine HD,13,LEU,13,A,8,37,9,0,16,56,15,0,23,84,16,0,28,105,24,0,35,126,34,0,0,0,0.0
1QT8,217,H,13.218095,0.231453,11.094265,24,['210'],39,"-0.066410, -0.001016, -0.020347",-0.2389874957834874,0.6772835061007998,-4.780389112906704,Leucine HD,Leucine HD,13,LEU,13,A,9,27,6,0,12,36,9,0,15,48,12,0,20,65,18,0,24,89,21,0,0,0,0.0
1QT8,218,H,14.232058,0.148,9.619261,24,['210'],39,"-0.002411, 0.009815, -0.021529",-0.2542907979728809,2.1117964025110325,-3.7067687295454217,Leucine HD,Leucine HD,13,LEU,13,A,6,20,5,0,8,29,7,0,13,40,10,0,18,52,13,0,24,75,22,0,0,0,0.09468236
1QT8,219,H,12.696845,-0.78177,9.718317,24,['210'],39,"-0.035462, -0.082104, 0.025143",-1.7077293997918033,1.0624316861316356,-3.8391062607512207,Leucine HD,Leucine HD,13,LEU,13,A,7,29,5,0,11,36,9,0,15,49,11,0,21,64,20,0,24,82,23,0,0,0,0.0026546456
1QT8,220,N,11.640055,4.803747,8.117598,7,"['203', '221', '224']","9, 40, 5","-0.302297, -0.084880, -0.066571",-0.412779259954534,0.8266715611697517,1.1311097129573913,Alanine N,Arginine N,14,ARG,14,A,7,33,7,0,12,49,9,0,17,60,15,0,22,84,23,0,30,111,27,0,0,0,0.0
1QT8,221,CA,12.103646,6.073722,8.670254,8,"['220', '222', '225', '226']","38, 6, 1, 4","-0.089714, -0.034754, -0.510987",0.0,0.0,0.0,Alanine CA,Arginine CA,14,ARG,14,A,7,33,6,0,11,47,10,0,15,60,13,0,23,81,19,0,27,103,25,0,0,0,0.0
1QT8,222,C,11.624038,6.112801,10.13263,9,"['221', '223', '244']","40, 3, 6","0.335653, 0.128522, -0.001347",1.5395111455527049,5.551115123125783e-17,1.3877787807814457e-17,Alanine C,Arginine C,14,ARG,14,A,9,37,7,0,11,52,11,0,17,72,15,0,24,89,20,0,26,113,26,0,0,0,0.0
1QT8,223,O,10.431794,5.939059,10.397148,11,['222'],6,"0.384564, 0.070373, 0.017269",2.15778849563988,1.0673963316374953,5.551115123125783e-17,Alanine O,Arginine O,14,ARG,14,A,9,44,8,0,14,59,12,0,19,83,19,0,26,105,22,0,33,130,29,0,0,0,0.0
1QT8,224,HN,10.629185,4.630607,8.240982,10,['220'],38,"-0.321269, -0.021353, 0.007390",0.0149467770970491,1.766780984987084,1.148543485755972,Alanine HN,Arginine HN,14,ARG,14,A,8,35,7,0,14,52,10,0,18,68,18,0,24,95,24,0,36,129,29,0,0,0,0.0
1QT8,225,H,13.219847,6.127586,8.643969,12,['221'],40,"0.372634, -0.014698, -0.018549",-0.3713338047362823,-1.0469475356520033,0.1245350038112778,Alanine HA,Arginine HA,14,ARG,14,A,5,28,5,0,8,40,9,0,15,49,10,0,20,71,14,0,25,87,22,0,0,0,0.039819684
1QT8,226,C,11.483906,7.266955,7.881289,202,"['221', '227', '233', '234']","40, 1, 30, 31","-0.098339, 0.165896, -0.139579",-0.5260766502747444,0.6072087966466089,-1.3359974799469805,Arginine CB,Arginine CB,14,ARG,14,A,8,34,9,0,12,46,10,0,14,60,14,0,20,81,18,0,28,103,25,0,0,0,0.0
1QT8,227,C,11.730811,7.36014,6.351065,204,"['226', '228', '235', '236']","4, 4, 32, 33","-0.210427, -0.173652, 0.128706",-2.054184384762374,0.8221818566089876,-1.5089262187832186,Arginine CG,Arginine CG,14,ARG,14,A,5,27,7,0,11,38,11,0,15,55,12,0,20,72,18,0,23,85,24,0,0,0,0.0012579461
1QT8,228,C,13.082312,7.990474,5.916073,206,"['227', '229', '237', '238']","1, 40, 34, 35","0.043831, -0.349712, 0.109701",-2.87241797394614,-0.4238430052291497,-1.9459728774293013,Arginine CD,Arginine CD,14,ARG,14,A,4,17,4,0,9,30,8,0,13,42,11,0,16,57,12,0,21,72,20,0,0,0,0.0012579461
1QT8,229,N,12.834863,9.061256,4.943369,208,"['228', '230', '239']","4, 6, 41","0.152128, -0.196856, 0.073130",-3.6921167325939375,-0.0879947093514994,-3.116125875104536,Arginine NE,Arginine NE,14,ARG,14,A,4,12,5,0,6,21,8,0,11,36,9,0,15,52,13,0,20,71,18,0,0,0,0.029618025
1QT8,230,C,13.298605,10.316978,5.04878,210,"['229', '231', '232']","40, 41, 42","0.228325, -0.100407, 0.039511",-3.704582700519821,-0.7770309318483672,-4.268549211600252,Arginine CZ,Arginine CZ,14,ARG,14,A,2,12,4,0,6,18,5,0,8,29,8,0,13,46,11,0,16,61,16,0,0,0,0.06667115
1QT8,231,N,14.333221,10.674439,5.811104,211,"['230', '240', '241']","6, 42, 7","0.244516, -0.181136, 0.041192",-3.293696795898517,-2.0399299093663443,-4.393471030833646,Arginine NH,Arginine NH,14,ARG,14,A,1,11,3,0,6,17,4,0,7,24,6,0,9,37,9,0,13,53,13,0,0,0,0.09113238
1QT8,232,N,12.550033,11.286483,4.495972,211,"['230', '242', '243']","6, 3, 5","0.085845, -0.162542, 0.050747",-3.971878424442147,-0.0808771779279453,-5.386502527239301,Arginine NH,Arginine NH,14,ARG,14,A,3,13,4,0,4,19,6,0,7,28,9,0,13,46,11,0,19,66,16,0,0,0,0.06721013
1QT8,233,H,11.758377,8.229249,8.374468,203,['226'],4,"-0.052206, 0.003499, -0.001141",-0.1186875027691993,0.0302421829622409,-2.199544356211552,Arginine HB,Arginine HB,14,ARG,14,A,8,34,8,0,10,42,12,0,14,56,13,0,18,77,15,0,24,99,22,0,0,0,0.0044244095
1QT8,234,H,10.379322,7.19961,8.022873,203,['226'],4,"-0.061280, 0.007800, 0.024649",-0.0491820246516101,1.610802907705181,-1.4362849040704628,Arginine HB,Arginine HB,14,ARG,14,A,9,38,10,0,13,54,12,0,17,68,17,0,25,93,21,0,30,114,28,0,0,0,0.0
1QT8,235,H,10.88275,7.944607,5.921186,205,['227'],1,"-0.075329, 0.040975, 0.008106",-2.1834900459120603,1.642669219753054,-2.254369456975463,Arginine HG,Arginine HG,14,ARG,14,A,7,26,10,0,13,42,10,0,15,58,13,0,20,78,21,0,24,92,26,0,0,0,0.0008848819
1QT8,236,H,11.624508,6.351342,5.888179,205,['227'],1,"-0.012117, -0.054643, -0.019626",-2.486368605627584,1.2407496544209102,-0.5701743988227934,Arginine HG,Arginine HG,14,ARG,14,A,7,22,5,0,10,42,9,0,18,56,15,0,20,71,19,0,24,88,25,0,0,0,0.02389181
1QT8,237,H,13.737351,7.213623,5.456368,207,['228'],4,"0.182297, -0.161419, -0.085944",-3.5328757218216587,-0.7604085726897917,-1.1126533487861203,Arginine HD,Arginine HD,14,ARG,14,A,2,12,5,0,6,23,5,0,12,37,8,0,17,52,13,0,18,69,16,0,0,0,0.17786126
1QT8,238,H,13.63847,8.369123,6.800863,207,['228'],4,"0.082762, -0.062873, 0.128604",-2.195608934754075,-1.279454050618129,-2.1590442122946305,Arginine HD,Arginine HD,14,ARG,14,A,5,17,4,0,8,28,8,0,10,41,10,0,15,48,12,0,18,70,15,0,0,0,0.053977795
1QT8,239,HN,12.173232,8.822399,4.190417,209,['229'],40,"0.024287, 0.006318, -0.038292",-4.207286569654302,0.8017156440348836,-3.0471295927824067,Arginine HE,Arginine HE,14,ARG,14,A,3,14,4,0,7,19,9,0,12,37,11,0,18,55,15,0,22,78,22,0,0,0,0.14069621
1QT8,240,HN,15.086481,9.979347,5.933735,212,['231'],41,"0.267133, -0.290220, -0.148272",-3.429519385878487,-2.6590897131941658,-3.578740867159792,Arginine HH,Arginine HH,14,ARG,14,A,1,8,3,0,4,16,4,0,7,23,5,0,9,33,10,0,11,49,11,0,0,0,0.22122046
1QT8,241,HN,14.521276,11.648716,6.074046,212,['231'],41,"0.033936, -0.126184, 0.020600",-3.0777833485712724,-2.468469682739881,-5.300914636253963,Arginine HH,Arginine HH,14,ARG,14,A,1,9,2,0,6,16,4,0,6,23,6,0,8,32,8,0,11,50,11,0,0,0,0.26192504
1QT8,242,HN,11.695639,11.041538,3.977954,212,['232'],42,"0.046678, -0.039524, 0.004611",-4.203987883281247,0.9193944723458284,-5.323959475179106,Arginine HH,Arginine HH,14,ARG,14,A,3,15,4,0,4,19,8,0,11,33,11,0,15,54,14,0,22,72,21,0,0,0,0.0681359
1QT8,243,HN,12.83556,12.271151,4.572731,212,['232'],42,"0.017293, -0.083368, 0.013271",-3.962921472893057,-0.5462430112436687,-6.303204821463172,Arginine HH,Arginine HH,14,ARG,14,A,2,12,4,0,3,19,4,0,7,26,7,0,11,39,11,0,17,62,14,0,0,0,0.21591118
1QT8,244,N,12.548963,6.349445,11.097096,7,"['222', '245', '248']","6, 16, 44","0.266653, -0.125639, 0.053473",-0.6078876350557492,-1.3291055833190208,0.0182073937600457,Alanine N,Leucine N,15,LEU,15,A,8,35,5,0,15,50,11,0,18,64,13,0,23,80,17,0,31,102,22,0,0,0,0.0
1QT8,245,CA,12.241158,6.41829,12.524295,8,"['244', '246', '249', '250']","6, 6, 45, 43","0.253373, -0.618126, 0.167384",0.0,0.0,0.0,Alanine CA,Leucine CA,15,LEU,15,A,9,41,8,0,14,48,11,0,17,68,13,0,24,86,16,0,28,110,26,0,0,0,0.0
1QT8,246,C,11.952496,7.837077,13.049623,9,"['245', '247', '263']","16, 43, 55","0.030631, -0.196466, -0.198148",1.540211611823843,5.551115123125783e-17,2.775557561562892e-17,Alanine C,Leucine C,15,LEU,15,A,8,34,7,0,11,48,11,0,16,66,13,0,20,86,17,0,29,101,21,0,0,0,0.0
1QT8,247,O,11.693457,8.032977,14.238984,11,['246'],6,"0.082967, -0.033283, -0.297582",2.174877470087611,1.0570037134259815,0.0,Alanine O,Leucine O,15,LEU,15,A,8,34,7,0,12,44,10,0,14,69,14,0,21,86,17,0,30,104,23,0,0,0,0.0
1QT8,248,HN,13.524399,6.578582,10.846912,10,['244'],6,"0.340662, 0.082252, -0.020094",-0.6649599032364251,-1.7729311764567344,0.948977391021276,Alanine HN,Leucine HN,15,LEU,15,A,9,26,5,0,11,44,8,0,17,58,12,0,20,71,14,0,28,90,19,0,0,0,0.045128975
1QT8,249,H,11.275094,5.887355,12.712251,12,['245'],16,"-0.372351, -0.161321, 0.080705",-0.2439139901458981,0.4962986386397604,-0.9719530394789806,Alanine HA,Leucine HA,15,LEU,15,A,11,42,9,0,13,53,13,0,20,74,16,0,25,99,21,0,31,122,27,0,0,0,0.0
1QT8,250,C,13.354626,5.734406,13.371061,19,"['245', '251', '254', '255']","16, 46, 48, 49","0.076761, -0.194323, 0.389396",-0.549841159990462,0.8833188980593615,1.1584228046561993,Leucine CB,Leucine CB,15,LEU,15,A,7,32,5,0,10,45,9,0,15,57,12,0,21,74,18,0,26,97,23,0,0,0,0.0012579461
1QT8,251,C,13.580697,4.221718,13.071902,21,"['250', '252', '253', '256']","43, 46, 47, 50","-0.045933, 0.006330, 0.108336",-2.0876796994657125,1.1343197041958266,1.128751075864756,Leucine CG,Leucine CG,15,LEU,15,A,9,29,5,0,11,42,7,0,16,58,13,0,22,72,18,0,26,90,21,0,0,0,0.0
1QT8,252,C,14.640808,3.648699,14.046975,23,"['251', '257', '258', '259']","46, 50, 51, 52","-0.012785, 0.044530, 0.178380",-2.48163369632754,2.102034785482892,2.27386296202137,Leucine CD,Leucine CD,15,LEU,15,A,8,23,5,0,9,35,5,0,13,49,12,0,18,62,16,0,21,74,20,0,0,0,0.052833736
1QT8,253,C,12.277458,3.394281,13.185076,23,"['251', '260', '261', '262']","46, 53, 54, 54","-0.040084, 0.004472, 0.133543",-2.567034488094225,1.715518872533263,-0.2234022984640553,Leucine CD,Leucine CD,15,LEU,15,A,11,34,6,0,14,54,12,0,16,66,18,0,22,83,19,0,30,106,25,0,0,0,0.0
1QT8,254,H,13.091876,5.859269,14.452415,20,['250'],43,"-0.083766, 0.002499, 0.218331",-0.0167550116392389,1.867527224537484,1.1251371754418609,Leucine HB,Leucine HB,15,LEU,15,A,7,30,6,0,10,40,9,0,14,57,10,0,21,72,18,0,25,97,23,0,0,0,0.007963937
1QT8,255,H,14.317114,6.280633,13.243,20,['250'],43,"-0.044633, -0.064282, 0.034734",-0.2707418315053541,0.4369991476038431,2.140282749142421,Leucine HB,Leucine HB,15,LEU,15,A,6,26,5,0,9,38,7,0,14,49,10,0,19,64,12,0,24,83,21,0,0,0,0.0026546456
1QT8,256,H,13.971173,4.125305,12.028986,22,['251'],46,"-0.045686, 0.028661, 0.079460",-2.605386529143995,0.1580993054909776,1.297315982823489,Leucine HG,Leucine HG,15,LEU,15,A,9,25,5,0,11,38,7,0,18,57,10,0,21,74,17,0,27,87,21,0,0,0,0.06459638
1QT8,257,H,14.845642,2.570979,13.858656,24,['252'],46,"-0.039345, 0.051459, 0.044934",-3.577010557811011,2.297903235707762,2.3000639782254644,Leucine HD,Leucine HD,15,LEU,15,A,6,21,5,0,10,30,8,0,13,47,9,0,16,62,15,0,20,71,20,0,0,0,0.07079055
1QT8,258,H,14.309115,3.74063,15.108509,24,['252'],46,"-0.038097, 0.081105, 0.111685",-1.972722323631924,3.089249077461836,2.165497171203523,Leucine HD,Leucine HD,15,LEU,15,A,7,23,4,0,10,35,8,0,14,52,11,0,17,60,17,0,20,72,20,0,0,0,0.06105685
1QT8,259,H,15.610971,4.190143,13.971393,24,['252'],46,"-0.007731, 0.033725, 0.052912",-2.190479434027841,1.704759807831647,3.272608314003506,Leucine HD,Leucine HD,15,LEU,15,A,6,16,4,0,8,32,5,0,9,40,7,0,14,51,13,0,21,69,17,0,0,0,0.20706236
1QT8,260,H,12.466051,2.311932,13.008735,24,['253'],47,"-0.006597, 0.035486, 0.031163",-3.659546176202089,1.926267090385928,-0.2113099144711466,Leucine HD,Leucine HD,15,LEU,15,A,11,32,8,0,14,46,12,0,16,67,17,0,22,79,19,0,28,97,24,0,0,0,0.0
1QT8,261,H,11.50999,3.703046,12.441783,24,['253'],47,"0.014485, -0.013604, 0.024075",-2.392293570222362,1.019537785341499,-1.0730512718587568,Leucine HD,Leucine HD,15,LEU,15,A,12,36,8,0,14,60,14,0,19,71,17,0,27,92,23,0,30,123,25,0,0,0,0.0
1QT8,262,H,11.815627,3.484615,14.1954,24,['253'],47,"-0.027158, 0.024220, 0.117625",-2.052670588244204,2.6734336037246864,-0.4684162478435497,Leucine HD,Leucine HD,15,LEU,15,A,11,39,5,0,13,56,15,0,17,67,18,0,20,83,20,0,30,105,25,0,0,0,0.0
1QT8,263,N,11.971874,8.858055,12.162661,7,"['246', '264', '267']","6, 47, 45","0.012205, -0.078884, -0.204620",-0.3996578249595454,1.2675510824050995,0.5988379631847549,Alanine N,Lysine N,16,LYS,16,A,7,41,8,0,11,50,10,0,15,62,13,0,19,70,15,0,24,100,21,0,0,0,0.0
1QT8,264,CA,11.569908,10.233938,12.427969,8,"['263', '265', '268', '269']","55, 48, 50, 57","0.457858, -0.187724, 0.252216",0.0,0.0,0.0,Alanine CA,Lysine CA,16,LYS,16,A,7,35,7,0,11,47,8,0,14,58,13,0,18,77,14,0,24,103,20,0,0,0,0.0
1QT8,265,C,10.343383,10.49439,11.536512,9,"['264', '266', '285']","47, 56, 58","0.001524, 0.228518, 0.300607",1.538471450101691,-1.1102230246251563e-16,5.551115123125783e-17,Alanine C,Lysine C,16,LYS,16,A,9,39,6,0,14,54,11,0,14,68,13,0,19,91,18,0,30,123,24,0,0,0,0.0
1QT8,266,O,10.190707,9.837471,10.503235,11,['265'],48,"-0.063956, 0.139349, 0.148883",2.1477041258455576,1.0730095242223932,1.1102230246251563e-16,Alanine O,Lysine O,16,LYS,16,A,13,38,8,0,13,54,10,0,15,71,14,0,23,92,20,0,29,126,25,0,0,0,0.0
1QT8,267,HN,12.010974,8.663294,11.155498,10,['263'],55,"-0.118423, -0.038762, -0.172606",0.1197924950097831,2.0561599488290074,0.1962148309986352,Alanine HN,Lysine HN,16,LYS,16,A,9,36,8,0,11,52,10,0,15,61,12,0,20,70,15,0,21,100,21,0,0,0,0.0
1QT8,268,H,11.260947,10.339088,13.498741,12,['264'],47,"-0.157866, 0.037563, 0.420089",-0.3563356839951526,-0.8492159857527548,0.636335750888387,Alanine HA,Lysine HA,16,LYS,16,A,7,34,8,0,10,48,9,0,14,64,13,0,20,84,17,0,27,108,22,0,0,0,0.0
1QT8,269,C,12.702207,11.259249,12.077083,182,"['264', '270', '274', '275']","47, 58, 56, 43","0.125308, 0.118088, 0.072298",-0.5258134295878756,-0.1523900759218497,-1.4685987059587,Lysine CB,Lysine CB,16,LYS,16,A,6,25,4,0,11,36,8,0,13,51,10,0,16,65,13,0,19,91,16,0,0,0,0.0037738383
1QT8,270,C,14.170766,10.782081,12.200912,184,"['269', '271', '276', '277']","57, 51, 44, 54","-0.080835, 0.056942, -0.029020",-1.8491346495750471,0.5628951701738294,-1.8385668443105208,Lysine CG,Lysine CG,16,LYS,16,A,6,17,4,0,9,29,5,0,11,39,9,0,14,52,12,0,18,72,14,0,0,0,0.0025158923
1QT8,271,C,14.665202,10.488638,13.63983,186,"['270', '272', '278', '279']","58, 53, 47, 43","-0.267654, 0.209839, 0.165809",-3.126766063880509,0.0119715442333566,-1.156509742134006,Lysine CD,Lysine CD,16,LYS,16,A,4,13,4,0,5,24,6,0,9,35,7,0,12,48,11,0,18,71,15,0,0,0,0.0
1QT8,272,C,15.494598,9.19459,13.810144,188,"['271', '273', '280', '281']","51, 59, 60, 60","0.347081, -0.005383, -0.174416",-4.105750708668324,1.078041997730237,-0.6119478419182158,Lysine CE,Lysine CE,16,LYS,16,A,4,14,4,0,4,19,6,0,7,30,7,0,13,44,10,0,14,63,13,0,0,0,0.0050317845
1QT8,273,N,16.582957,9.020619,12.856572,190,"['272', '282', '283', '284']","53, 49, 50, 61","0.272302, 0.017005, -0.049278",-4.450340907549141,2.1436040036563817,-1.5446460713943573,Lysine NZ,Lysine NZ,16,LYS,16,A,1,10,1,0,4,15,5,0,7,25,7,0,11,37,8,0,15,52,10,0,0,0,0.0056957738
1QT8,274,H,12.547261,12.195109,12.664667,183,['269'],57,"-0.017047, 0.006530, -0.001850",-0.5843222296777646,-1.235902583064989,-1.7287419871489489,Lysine HB,Lysine HB,16,LYS,16,A,6,22,5,0,7,31,7,0,14,49,10,0,18,67,12,0,19,86,18,0,0,0,0.119459055
1QT8,275,H,12.558086,11.570166,11.014935,183,['269'],57,"-0.047529, -0.018899, 0.045815",0.2571755778229389,0.2560192942779705,-2.151041830358686,Lysine HB,Lysine HB,16,LYS,16,A,7,26,5,0,11,35,6,0,13,48,10,0,15,68,13,0,20,88,14,0,0,0,0.07609984
1QT8,276,H,14.837902,11.562267,11.754453,185,['270'],58,"0.074439, 0.063174, -0.031785",-1.9902220760272264,0.5003572570603826,-2.947291166806206,Lysine HG,Lysine HG,16,LYS,16,A,3,13,3,0,8,23,4,0,9,30,7,0,12,42,10,0,15,57,12,0,0,0,0.19732866
1QT8,277,H,14.297526,9.888459,11.546487,185,['270'],58,"-0.081994, 0.004635, 0.018999",-1.7222737961818295,1.65011626009708,-1.6270081465185269,Lysine HG,Lysine HG,16,LYS,16,A,6,22,4,0,9,29,6,0,10,44,8,0,15,59,12,0,17,66,14,0,0,0,0.039819684
1QT8,278,H,13.794568,10.4147,14.330721,187,['271'],51,"-0.036186, -0.030336, 0.043892",-2.8455145342155284,-0.6438783734883393,-0.3011973862273723,Lysine HD,Lysine HD,16,LYS,16,A,4,19,6,0,6,28,8,0,10,43,8,0,17,58,13,0,20,77,16,0,0,0,0.0
1QT8,279,H,15.255283,11.360134,14.015383,187,['271'],51,"0.075479, 0.053806, 0.034240",-3.6672737041094106,-0.660295413850824,-1.866896642568148,Lysine HD,Lysine HD,16,LYS,16,A,4,9,3,0,4,16,6,0,7,26,8,0,13,42,9,0,16,56,12,0,0,0,0.15927874
1QT8,280,H,14.815177,8.31933,13.716359,189,['272'],53,"0.089443, -0.003974, -0.002756",-3.657923796310308,1.5466131413641877,0.2915900537936657,Lysine HE,Lysine HE,16,LYS,16,A,4,18,4,0,6,26,7,0,9,37,8,0,14,57,12,0,20,74,15,0,0,0,0.0
1QT8,281,H,15.925164,9.129542,14.837202,189,['272'],53,"0.171650, -0.098294, 0.027480",-5.055147519545415,0.606622438334214,-0.2642759383377449,Lysine HE,Lysine HE,16,LYS,16,A,3,12,3,0,5,16,5,0,5,26,6,0,10,37,10,0,15,57,11,0,0,0,0.14866015
1QT8,282,HN,16.838828,8.044546,12.739642,191,['273'],59,"0.047404, 0.023646, -0.035425",-4.751818244831117,2.988541949036188,-1.0681459366276196,Lysine HN,Lysine HN,16,LYS,16,A,1,10,2,0,4,15,4,0,8,22,6,0,11,37,8,0,14,53,9,0,0,0,0.1902496
1QT8,283,HN,17.44232,9.473534,13.161993,191,['273'],59,"0.436116, 0.064218, 0.052644",-5.235755075821247,1.895873589726385,-2.1435391975249787,Lysine HN,Lysine HN,16,LYS,16,A,1,8,1,0,1,12,2,0,6,17,6,0,8,26,7,0,11,41,9,0,0,0,0.2592704
1QT8,284,HN,16.395214,9.363739,11.922098,191,['273'],59,"0.068154, -0.067893, 0.046332",-3.701102979307569,2.434721705263895,-2.1611794734254506,Lysine HN,Lysine HN,16,LYS,16,A,2,11,1,0,6,16,6,0,8,26,6,0,11,39,7,0,14,54,11,0,0,0,0.13538693
1QT8,285,N,9.506224,11.502741,11.887073,7,"['265', '286', '289']","48, 51, 48","0.001760, 0.138182, 0.226708",-0.4468330913852337,1.046279399126498,0.9225588540643932,Alanine N,Isoleucine N,17,ILE,17,A,9,34,6,0,14,63,9,0,17,79,15,0,23,99,21,0,37,122,25,0,0,0,0.0
1QT8,286,CA,8.429663,11.972672,11.012055,8,"['285', '287', '290', '291']","58, 53, 56, 48","-0.077180, -0.167332, 0.557197",0.0,0.0,0.0,Alanine CA,Isoleucine CA,17,ILE,17,A,8,40,6,0,14,64,11,0,21,87,16,0,28,106,18,0,38,138,31,0,0,0,0.0
1QT8,287,C,9.069626,12.449735,9.694038,9,"['286', '288', '304']","51, 62, 63","-0.386867, -0.221964, 0.002417",1.5408798005123563,1.1102230246251563e-16,4.163336342344337e-17,Alanine C,Isoleucine C,17,ILE,17,A,8,38,6,0,13,53,10,0,19,76,15,0,23,95,19,0,33,119,24,0,0,0,0.0
1QT8,288,O,10.120243,13.103403,9.703982,11,['287'],53,"-0.492878, -0.191152, 0.088431",2.1710979803367048,1.0648952360997237,6.938893903907227e-17,Alanine O,Isoleucine O,17,ILE,17,A,8,26,5,0,10,50,7,0,16,64,11,0,20,86,17,0,26,102,22,0,0,0,0.18304092
1QT8,289,HN,9.614538,11.959432,12.803716,10,['285'],58,"0.033624, 0.052899, 0.287389",-1.0445200269332051,1.7957513339122908,0.5462675738442488,Alanine HN,Isoleucine HN,17,ILE,17,A,7,34,8,0,12,57,9,0,18,83,14,0,23,95,19,0,33,115,26,0,0,0,0.0044244095
1QT8,290,H,7.761584,11.102614,10.787397,12,['286'],51,"-0.238881, -0.279942, -0.100723",-0.354677410504881,-0.985387143254656,0.3962547197888965,Alanine HA,Isoleucine HA,17,ILE,17,A,8,44,9,0,16,65,12,0,23,91,16,0,30,115,24,0,41,145,34,0,0,0,0.0
1QT8,291,C,7.56127,13.119052,11.657478,25,"['286', '292', '293', '295']","51, 63, 54, 64","-0.303161, -0.032913, 0.215427",-0.5578127466037244,0.1830840132523243,-1.462938665698542,Isoleucine CB,Isoleucine CB,17,ILE,17,A,8,45,6,0,12,63,10,0,22,86,17,0,31,112,26,0,39,140,34,0,0,0,0.0
1QT8,292,C,6.813663,12.589464,12.921107,27,"['291', '294', '296', '297']","48, 56, 58, 51","0.049875, 0.007770, -0.008597",-2.113139879506056,0.0526839644113991,-1.4724918198424823,Isoleucine CG1,Isoleucine CG1,17,ILE,17,A,8,45,9,0,16,66,12,0,23,89,21,0,26,123,30,0,42,144,33,0,0,0,0.0
1QT8,293,C,6.536073,13.684772,10.634711,29,"['291', '298', '299', '300']","48, 58, 61, 56","-0.033397, 0.052884, -0.056111",0.0663892355159624,-0.8600704023123554,-2.432124455061844,Isoleucine CG2,Isoleucine CG2,17,ILE,17,A,7,48,8,0,15,63,10,0,22,81,20,0,32,114,26,0,41,144,34,0,0,0,0.0
1QT8,294,C,5.907013,13.630843,13.596332,31,"['292', '301', '302', '303']","63, 48, 56, 54","-0.038013, -0.023962, -0.013228",-2.744842036010634,0.1775777955384403,-2.8681161106814885,Isoleucine CD,Isoleucine CD,17,ILE,17,A,11,44,7,0,17,65,14,0,23,92,24,0,26,113,29,0,34,140,35,0,0,0,0.0
1QT8,295,H,8.253101,13.94477,11.959088,26,['291'],48,"0.023834, -0.013185, -0.062775",-0.2728206005771605,1.2066465053243889,-1.812950439373939,Isoleucine HB,Isoleucine HB,17,ILE,17,A,9,38,7,0,10,58,9,0,18,75,15,0,28,101,23,0,35,123,32,0,0,0,0.055747557
1QT8,296,H,7.554763,12.236468,13.676125,28,['292'],63,"0.031495, -0.020015, 0.058151",-2.5604501178029166,0.8389406628889529,-0.8201103967823336,Isoleucine HG1,Isoleucine HG1,17,ILE,17,A,8,42,9,0,13,68,13,0,20,86,19,0,28,110,26,0,42,139,36,0,0,0,0.0
1QT8,297,H,6.205448,11.693807,12.659888,28,['292'],63,"-0.035272, -0.009804, 0.004317",-2.419606891764885,-0.9182282742533736,-1.021083236579929,Isoleucine HG1,Isoleucine HG1,17,ILE,17,A,9,44,9,0,17,65,15,0,24,99,21,0,30,127,30,0,45,156,37,0,0,0,0.0
1QT8,298,H,5.936157,14.526152,11.044168,30,['293'],54,"-0.000076, 0.033032, -0.002627",-0.2725106986407212,-0.7310870346846765,-3.4828312037833977,Isoleucine HG2,Isoleucine HG2,17,ILE,17,A,9,43,8,0,14,64,12,0,22,83,20,0,29,110,25,0,40,144,34,0,0,0,0.0
1QT8,299,H,5.830489,12.903181,10.273539,30,['293'],54,"0.007218, -0.032618, -0.008770",-0.1597055997756419,-1.905527224897467,-2.123774583186234,Isoleucine HG2,Isoleucine HG2,17,ILE,17,A,10,47,9,0,14,69,13,0,22,89,22,0,36,122,28,0,44,151,36,0,0,0,0.0
1QT8,300,H,7.04946,14.105931,9.744237,30,['293'],54,"0.014353, 0.002162, -0.007660",1.171685008871998,-0.7574885676117777,-2.4731522543782227,Isoleucine HG2,Isoleucine HG2,17,ILE,17,A,5,44,7,0,11,59,10,0,22,76,18,0,29,104,25,0,39,135,31,0,0,0,0.005309291
1QT8,301,H,5.538489,13.268568,14.581711,32,['294'],56,"-0.020189, -0.024197, -0.022684",-3.8529206777140734,0.2565947322211181,-2.805323313642778,Isoleucine HD,Isoleucine HD,17,ILE,17,A,11,43,9,0,15,69,19,0,23,91,23,0,29,110,31,0,38,140,37,0,0,0,0.0
1QT8,302,H,5.004388,13.857986,12.989309,32,['294'],56,"-0.020064, -0.001612, -0.004258",-2.530171461826319,-0.7062298903559778,-3.506554263156989,Isoleucine HD,Isoleucine HD,17,ILE,17,A,12,50,10,0,18,62,13,0,22,90,24,0,31,117,32,0,38,147,35,0,0,0,0.0
1QT8,303,H,6.44994,14.587905,13.761608,32,['294'],56,"-0.008200, -0.007502, -0.023121",-2.364412957298534,1.0771022650902051,-3.401204283591821,Isoleucine HD,Isoleucine HD,17,ILE,17,A,9,39,7,0,16,59,14,0,22,82,20,0,27,103,27,0,31,126,32,0,0,0,0.0
1QT8,304,N,8.409507,12.164549,8.546698,7,"['287', '305', '308']","53, 48, 58","-0.262146, -0.203520, 0.072731",-0.502790903381713,1.2793152311032374,0.4768896521448861,Alanine N,Tyrosine N,18,TYR,18,A,11,35,8,0,13,50,11,0,17,71,16,0,30,99,20,0,36,121,28,0,0,0,0.0
1QT8,305,CA,8.82886,12.559662,7.210697,8,"['304', '306', '309', '310']","63, 61, 58, 51","0.517057, -0.236893, 0.494088",0.0,0.0,0.0,Alanine CA,Tyrosine CA,18,TYR,18,A,11,32,5,0,12,46,10,0,18,61,15,0,23,78,20,0,33,105,24,0,0,0,0.0
1QT8,306,C,7.606408,12.889694,6.347964,9,"['305', '307', '325']","48, 52, 73","0.371482, 0.112334, -0.087014",1.532193931138288,0.0,5.551115123125783e-17,Alanine C,Tyrosine C,18,TYR,18,A,10,34,9,0,15,51,11,0,18,60,16,0,25,86,23,0,30,109,31,0,0,0,0.0
1QT8,307,O,6.4793,12.474538,6.629933,11,['306'],61,"0.372884, 0.160960, -0.244213",2.1832581876099875,1.0480213733058843,1.1102230246251563e-16,Alanine O,Tyrosine O,18,TYR,18,A,10,39,10,0,17,54,13,0,21,76,17,0,29,95,25,0,32,121,30,0,0,0,0.0
1QT8,308,HN,7.509617,11.661652,8.576447,10,['304'],63,"-0.376730, -0.225570, -0.012071",0.0901071398079699,2.086004406261336,0.2292671717950828,Alanine HN,Tyrosine HN,18,TYR,18,A,11,39,10,0,14,58,12,0,23,80,18,0,29,107,24,0,38,126,31,0,0,0,0.0
1QT8,309,H,9.44103,13.494144,7.294652,12,['305'],48,"0.220641, 0.318431, 0.079535",-0.3344029864746632,-0.7982155666989382,0.71139560791821,Alanine HA,Tyrosine HA,18,TYR,18,A,8,28,5,0,11,40,8,0,15,57,11,0,19,69,17,0,30,90,24,0,0,0,0.09114283
1QT8,310,C,9.667806,11.431352,6.548074,70,"['305', '311', '318', '319']","48, 65, 68, 67","0.124674, -0.189793, -0.015586",-0.5392808808733138,-0.2985537592356814,-1.4268934338330044,Tyrosine CB,Tyrosine CB,18,TYR,18,A,9,27,6,0,14,40,10,0,17,56,16,0,25,73,20,0,29,102,22,0,0,0,0.0012579461
1QT8,311,C,8.924867,10.140204,6.258737,72,"['310', '312', '313']","51, 66, 67","-0.088584, -0.070230, 0.081908",-0.0617253490031394,0.6373975034488287,-2.521732857243335,Tyrosine CG,Tyrosine CG,18,TYR,18,A,12,28,8,0,16,47,14,0,21,62,20,0,25,87,22,0,31,112,27,0,0,0,0.0
1QT8,312,C,8.49298,9.805799,4.960185,73,"['311', '314', '320']","65, 68, 69","-0.078933, -0.005764, -0.013689",0.9419990538454436,0.2614252513637487,-3.435938835284569,Tyrosine CD,Tyrosine CD,18,TYR,18,A,11,26,11,0,16,40,15,0,24,65,18,0,28,84,24,0,30,105,28,0,0,0,0.0012579461
1QT8,313,C,8.677513,9.224093,7.292704,73,"['311', '315', '321']","65, 67, 70","-0.035918, 0.030493, 0.139893",-0.6439003512838987,1.9061727979572884,-2.665998728087309,Tyrosine CD,Tyrosine CD,18,TYR,18,A,14,35,9,0,19,52,15,0,21,72,21,0,27,98,21,0,32,121,29,0,0,0,0.0
1QT8,314,C,7.818428,8.602119,4.71081,75,"['312', '316', '322']","66, 68, 71","0.032422, -0.035128, -0.047440",1.3613314585506862,1.1361016591029445,-4.448438390759817,Tyrosine CE,Tyrosine CE,18,TYR,18,A,14,26,14,0,19,48,18,0,25,63,21,0,28,88,22,0,32,111,29,0,0,0,0.02264303
1QT8,315,C,8.025444,8.017514,7.035238,75,"['313', '316', '323']","67, 68, 70","0.008220, 0.023024, 0.033203",-0.238574514510338,2.764342416995916,-3.689019488463612,Tyrosine CE,Tyrosine CE,18,TYR,18,A,17,39,12,0,19,55,16,0,22,81,20,0,26,97,25,0,35,124,31,0,0,0,0.0
1QT8,316,C,7.57736,7.701592,5.75267,77,"['314', '315', '317']","68, 67, 67","0.056462, -0.088748, -0.004868",0.7730536608189266,2.39785810945454,-4.576636716197448,Tyrosine CZ,Tyrosine CZ,18,TYR,18,A,14,39,13,0,20,52,18,0,24,71,21,0,27,94,25,0,34,123,30,0,0,0,0.0
1QT8,317,OH,6.910668,6.535439,5.540748,78,"['316', '324']","68, 72","0.053205, -0.018395, -0.027160",1.1731095886338996,3.2712675410853627,-5.53914032435454,Tyrosine OH,Tyrosine OH,18,TYR,18,A,14,37,12,0,18,53,19,0,26,70,23,0,29,101,26,0,41,141,32,0,0,0,0.0033483095
1QT8,318,H,10.549696,11.193776,7.18884,71,['310'],51,"-0.033677, 0.017701, 0.052981",-1.654861497303604,-0.2874503210264769,-1.4164055104470783,Tyrosine HB,Tyrosine HB,18,TYR,18,A,11,25,5,0,12,37,11,0,15,53,15,0,23,68,17,0,29,98,21,0,0,0,0.013273228
1QT8,319,H,10.091562,11.809936,5.592113,71,['310'],51,"-0.046287, -0.033257, 0.047421",-0.2575524667238646,-1.3364761644008634,-1.7099174745609222,Tyrosine HB,Tyrosine HB,18,TYR,18,A,7,21,6,0,13,36,8,0,16,49,15,0,21,66,18,0,27,87,22,0,0,0,0.0
1QT8,320,H,8.690123,10.48414,4.114356,74,['312'],66,"-0.046537, 0.076911, -0.049190",1.4070844183355626,-0.7358032685775069,-3.3753628109526126,Tyrosine HD,Tyrosine HD,18,TYR,18,A,9,23,9,0,16,33,13,0,22,58,20,0,27,80,21,0,29,96,27,0,0,0,0.015042992
1QT8,321,H,9.006966,9.439506,8.322063,74,['313'],67,"0.050796, 0.069300, 0.144973",-1.4399544596439688,2.2380081989784344,-1.9799192036506807,Tyrosine HD,Tyrosine HD,18,TYR,18,A,11,34,9,0,16,49,14,0,24,73,16,0,25,106,22,0,32,123,29,0,0,0,0.0
1QT8,322,H,7.493934,8.348715,3.68851,76,['314'],68,"-0.007420, -0.071805, -0.038732",2.1412711463238936,0.8258925397876413,-5.162631375170792,Tyrosine HE,Tyrosine HE,18,TYR,18,A,11,25,12,0,18,46,18,0,24,61,21,0,28,86,23,0,35,112,30,0,0,0,0.111495115
1QT8,323,H,7.890114,7.283284,7.839893,76,['315'],67,"0.008619, -0.070891, -0.035993",-0.7418315583116721,3.72986848356815,-3.828193241229327,Tyrosine HE,Tyrosine HE,18,TYR,18,A,15,38,12,0,20,63,17,0,23,81,19,0,27,106,25,0,36,132,35,0,0,0,0.0
1QT8,324,HO,6.935362,5.981647,6.309751,79,['317'],67,"0.046603, -0.009613, 0.066223",0.6011189558424552,4.026323639853665,-5.576261620407297,Tyrosine HH,Tyrosine HH,18,TYR,18,A,13,37,11,0,18,53,15,0,24,74,23,0,32,107,27,0,39,142,35,0,0,0,0.0
1QT8,325,N,7.846365,13.642676,5.249012,7,"['306', '326', '329']","61, 74, 76","0.130825, 0.111410, -0.054803",-0.4334910222363874,1.026462697114855,0.9389672051824528,Alanine N,Lysine N,19,LYS,19,A,10,34,9,0,13,45,10,0,15,56,13,0,19,79,18,0,26,105,26,0,0,0,0.0
1QT8,326,CA,6.884031,13.923092,4.19143,8,"['325', '327', '330', '331']","73, 70, 76, 76","-0.018599, 0.368018, 0.327786",0.0,0.0,0.0,Alanine CA,Lysine CA,19,LYS,19,A,9,36,9,0,13,43,11,0,15,56,13,0,17,74,18,0,26,100,25,0,0,0,0.0
1QT8,327,C,7.144029,12.918757,3.059061,9,"['326', '328', '347']","74, 75, 88","-0.453872, 0.068372, -0.097221",1.5357562646429292,-2.775557561562892e-17,1.1102230246251563e-16,Alanine C,Lysine C,19,LYS,19,A,10,36,8,0,12,44,11,0,14,53,13,0,16,68,18,0,23,92,24,0,0,0,0.0
1QT8,328,O,8.30105,12.650104,2.71372,11,['327'],70,"-0.288833, 0.083151, 0.136960",2.161958626100069,1.066772251999695,2.220446049250313e-16,Alanine O,Lysine O,19,LYS,19,A,11,24,7,0,13,40,9,0,14,48,13,0,15,57,17,0,22,78,22,0,0,0,0.13728069
1QT8,329,HN,8.808385,13.939571,5.039706,10,['325'],73,"0.097718, 0.026760, -0.052230",-0.3104553124696879,1.9906350398088897,0.6033006581940744,Alanine HN,Lysine HN,19,LYS,19,A,8,30,8,0,13,40,9,0,14,50,10,0,17,65,15,0,22,84,22,0,0,0,0.06105685
1QT8,330,H,5.848305,13.76621,4.57709,12,['326'],74,"-0.440530, -0.130240, 0.138639",-0.3571100741988583,-0.9990613728457244,0.3470197585056257,Alanine HA,Lysine HA,19,LYS,19,A,10,37,10,0,12,45,12,0,16,64,16,0,21,90,20,0,28,109,29,0,0,0,0.0
1QT8,331,C,7.058829,15.374127,3.645718,182,"['326', '332', '336', '337']","74, 77, 78, 79","-0.093951, 0.177151, -0.058770",-0.5169640345094685,0.3042832031717811,-1.4401452767912726,Lysine CB,Lysine CB,19,LYS,19,A,10,27,5,0,10,38,11,0,13,48,13,0,15,66,16,0,22,85,20,0,0,0,0.0
1QT8,332,C,6.384205,16.452276,4.527113,184,"['331', '333', '338', '339']","76, 78, 80, 81","-0.029768, -0.174504, 0.099007",-1.9861346922287784,-0.1218487973526928,-1.673231205640751,Lysine CG,Lysine CG,19,LYS,19,A,6,24,5,0,9,34,13,0,12,54,15,0,21,76,18,0,24,91,19,0,0,0,0.0
1QT8,333,C,6.835233,17.894259,4.173324,186,"['332', '334', '340', '341']","77, 78, 82, 83","0.343985, -0.197171, 0.266171",-2.591926082203223,0.4743249909120811,-2.9714998571966835,Lysine CD,Lysine CD,19,LYS,19,A,4,15,5,0,6,24,8,0,13,41,12,0,13,61,16,0,21,77,18,0,0,0,0.0037738383
1QT8,334,C,5.709975,18.949895,4.094393,188,"['333', '335', '342', '343']","78, 78, 81, 84","-0.187067, -0.142084, -0.283390",-3.414581358363693,-0.5035220853525486,-3.839748914706713,Lysine CE,Lysine CE,19,LYS,19,A,4,15,6,0,7,25,8,0,10,41,12,0,13,59,17,0,18,74,17,0,0,0,0.0075476766
1QT8,335,N,4.904574,18.818296,2.886898,190,"['334', '344', '345', '346']","78, 85, 86, 87","-0.244651, -0.230600, -0.060518",-2.574541328690132,-1.4461308960843413,-4.567660050151034,Lysine NZ,Lysine NZ,19,LYS,19,A,4,14,7,0,6,28,10,0,11,39,12,0,14,53,14,0,17,73,18,0,0,0,0.0011391548
1QT8,336,H,6.636989,15.429616,2.613272,183,['331'],76,"0.026341, -0.048136, -0.057813",0.1365919799095034,-0.2166315557217001,-2.1807430810148167,Lysine HB,Lysine HB,19,LYS,19,A,8,24,8,0,10,35,8,0,11,48,12,0,14,60,16,0,22,78,19,0,0,0,0.019467402
1QT8,337,H,8.147006,15.594011,3.527933,183,['331'],76,"-0.032154, -0.005013, -0.034217",-0.3896894573704687,1.392563753416568,-1.6541501575369952,Lysine HB,Lysine HB,19,LYS,19,A,7,19,6,0,10,31,9,0,12,44,11,0,15,56,15,0,16,75,16,0,0,0,0.11768929
1QT8,338,H,6.626279,16.261378,5.60127,185,['332'],77,"-0.001956, -0.011536, 0.062175",-2.6123263682071247,0.2086268735063816,-0.8086359567325259,Lysine HG,Lysine HG,19,LYS,19,A,6,25,8,0,9,40,11,0,14,58,17,0,24,76,18,0,25,99,21,0,0,0,0.0044244095
1QT8,339,H,5.274868,16.336812,4.460776,185,['332'],77,"-0.061480, -0.013292, 0.023388",-2.0495190356783746,-1.2372753951011235,-1.6603067143616366,Lysine HG,Lysine HG,19,LYS,19,A,7,25,9,0,9,40,15,0,17,63,16,0,21,83,17,0,24,97,21,0,0,0,0.0
1QT8,340,H,7.402351,17.907372,3.210641,187,['333'],78,"0.094874, -0.003242, -0.023569",-1.7946693070725157,0.9297684301341836,-3.608293578396672,Lysine HD,Lysine HD,19,LYS,19,A,4,15,5,0,6,19,7,0,9,34,10,0,13,51,15,0,17,69,16,0,0,0,0.14069621
1QT8,341,H,7.580308,18.224621,4.937541,187,['333'],78,"0.060698, 0.021543, 0.040257",-3.245318663171341,1.335385251554363,-2.688733535941012,Lysine HD,Lysine HD,19,LYS,19,A,3,14,4,0,5,24,7,0,8,36,9,0,14,55,16,0,19,71,18,0,0,0,0.15219969
1QT8,342,H,6.162391,19.969417,4.099002,189,['334'],78,"-0.041210, 0.022389, -0.049896",-4.008121806421012,0.0773347200558109,-4.58435733297212,Lysine HE,Lysine HE,19,LYS,19,A,2,10,2,0,7,19,7,0,7,31,10,0,12,46,13,0,16,60,17,0,0,0,0.21591118
1QT8,343,H,5.037727,18.894643,4.983162,189,['334'],78,"-0.052628, 0.016122, -0.034746",-4.147579235540986,-1.0761699116382304,-3.2235759913541338,Lysine HE,Lysine HE,19,LYS,19,A,6,17,5,0,7,32,11,0,10,48,13,0,17,65,17,0,19,81,17,0,0,0,0.010618582
1QT8,344,HN,4.332366,19.634706,2.707967,191,['335'],78,"0.025991, -0.129564, 0.023508",-3.0733875147892817,-1.9215995792423737,-5.309984507565242,Lysine HN,Lysine HN,19,LYS,19,A,3,16,6,0,6,24,9,0,9,36,11,0,13,48,14,0,14,65,15,0,0,0,0.24068788
1QT8,345,HN,4.248986,18.039974,2.994846,191,['335'],78,"-0.425545, -0.416518, 0.030912",-2.2561265518845848,-2.183028108244588,-3.932972677695642,Lysine HN,Lysine HN,19,LYS,19,A,4,21,8,0,7,35,12,0,13,45,13,0,16,66,16,0,18,79,19,0,0,0,0.0
1QT8,346,HN,5.449689,18.639128,2.049264,191,['335'],78,"-0.086571, -0.004947, 0.059099",-1.747467197697527,-1.024112877204106,-4.978429361307828,Lysine HN,Lysine HN,19,LYS,19,A,4,11,6,0,6,24,9,0,7,35,11,0,13,48,14,0,15,64,17,0,0,0,0.12388346
1QT8,347,N,6.050361,12.357491,2.49263,7,"['327', '348', '351']","70, 89, 92","-0.321096, 0.157508, 0.051109",-0.4681532190286024,1.3832769041136992,-0.0847881405668063,Alanine N,Aspartate N,20,ASP,20,A,12,38,8,0,14,45,8,0,14,60,13,0,20,72,19,0,26,96,23,0,0,0,0.0
1QT8,348,CA,6.076732,11.450075,1.345585,8,"['347', '349', '352', '353']","88, 90, 93, 94","-0.370729, -0.253127, 0.607337",0.0,0.0,0.0,Alanine CA,Aspartate CA,20,ASP,20,A,9,33,6,0,12,39,9,0,14,53,14,0,20,72,20,0,28,93,24,0,0,0,0.0
1QT8,349,C,6.137793,12.28633,0.058484,9,"['348', '350', '359']","89, 91, 100","-0.021624, -0.216561, 0.095014",1.5361249477002186,0.0,-3.903127820947816e-18,Alanine C,Aspartate C,20,ASP,20,A,6,23,6,0,11,36,8,0,13,44,10,0,16,55,14,0,22,78,21,0,0,0,0.02264303
1QT8,350,O,6.221481,13.51144,0.092314,11,['349'],90,"0.139769, -0.149188, -0.004963",2.178046563949131,1.0473677964002837,-3.2526065174565127e-17,Alanine O,Aspartate O,20,ASP,20,A,7,23,6,0,9,33,8,0,12,45,8,0,14,54,12,0,20,67,16,0,0,0,0.08928825
1QT8,351,HN,5.107251,12.714258,2.714556,10,['347'],88,"-0.411261, 0.074133, -0.027850",-0.4973697412380702,1.7503058549264645,-1.0493742994765554,Alanine HN,Aspartate HN,20,ASP,20,A,11,40,8,0,13,48,9,0,16,60,14,0,21,81,20,0,27,98,25,0,0,0,0.0
1QT8,352,H,7.007851,10.836538,1.384059,12,['348'],89,"0.303057, -0.145269, 0.005393",-0.3292298919480194,-0.4402326183848569,0.9709239986548428,Alanine HA,Aspartate HA,20,ASP,20,A,9,27,4,0,12,37,9,0,16,52,11,0,22,69,21,0,27,94,25,0,0,0,0.07256032
1QT8,353,C,4.82593,10.522237,1.365184,137,"['348', '354', '357', '358']","89, 95, 98, 99","0.171882, -0.425931, 0.033976",-0.571249286345325,-0.8344923661182888,-1.1845124997184522,Aspartate CB,Aspartate CB,20,ASP,20,A,9,32,7,0,9,43,11,0,19,57,17,0,21,81,20,0,34,111,29,0,0,0,0.0037738383
1QT8,354,C,3.47456,11.207363,1.2617,139,"['353', '355', '356']","94, 96, 97","0.143119, -0.269117, -0.015804",-0.1652807481885571,-0.3932334129514947,-2.579785782379953,Aspartate CG,Aspartate CG,20,ASP,20,A,9,35,7,0,10,42,13,0,16,60,15,0,23,78,18,0,31,109,27,0,0,0,0.0
1QT8,355,O,3.430997,12.452581,1.441564,140,['354'],95,"0.034139, -0.491799, -0.236317",0.3601691152430724,0.7435883427454385,-2.707674006164721,Aspartate OD,Aspartate OD,20,ASP,20,A,10,36,7,0,10,44,10,0,14,60,16,0,21,73,17,0,28,99,23,0,0,0,0.0
1QT8,356,O,2.457021,10.500722,1.081095,140,['354'],95,"-0.007920, -0.204496, -0.358935",-0.4390912496446433,-1.139116329665521,-3.547273130759014,Aspartate OD,Aspartate OD,20,ASP,20,A,8,31,8,0,11,44,13,0,19,61,16,0,25,83,21,0,33,108,28,0,0,0,0.11272642
1QT8,357,H,4.826734,9.921725,2.304068,138,['353'],94,"0.091180, -0.044162, 0.073499",-1.6848114398413343,-0.8240317696063165,-1.139921242302402,Aspartate HB,Aspartate HB,20,ASP,20,A,9,37,7,0,14,47,13,0,20,68,18,0,26,93,25,0,34,117,30,0,0,0,0.020352283
1QT8,358,H,4.886253,9.773138,0.54359,138,['353'],94,"0.025845, -0.058339, -0.030092",-0.2882514363964438,-1.905880402657934,-1.07567882363409,Aspartate HB,Aspartate HB,20,ASP,20,A,7,25,5,0,11,41,12,0,16,60,17,0,25,79,22,0,33,108,26,0,0,0,0.09556724
1QT8,359,N,6.04718,11.585317,-1.097765,7,"['349', '360', '363']","90, 101, 104","0.067485, -0.142014, -0.057661",-0.6104803828586373,-0.936824978605747,-0.9238384121290436,Alanine N,Threonine N,21,THR,21,A,6,18,7,0,7,28,11,0,14,39,12,0,19,54,16,0,26,77,23,0,0,0,0.015948167
1QT8,360,CA,5.914078,12.152463,-2.426085,8,"['359', '361', '364', '365']","100, 102, 105, 106","0.492147, -0.059878, 0.077827",0.0,0.0,0.0,Alanine CA,Threonine CA,21,THR,21,A,4,15,8,0,6,23,10,0,13,36,10,0,17,49,13,0,21,62,22,0,0,0,0.0
1QT8,361,C,4.840661,13.245417,-2.558551,9,"['360', '362', '373']","101, 103","-0.027879, -0.077820, -0.042973",1.5376344634408403,8.326672684688674e-17,0.0,Alanine C,Threonine C,21,THR,21,A,5,14,8,0,8,29,10,0,13,36,11,0,16,43,12,0,20,57,19,0,0,0,0.0
1QT8,362,O,5.098699,14.276335,-3.177501,11,['361'],102,"-0.061620, -0.076230, 0.074220",2.143599944040807,1.070177775413623,0.0,Alanine O,Threonine O,21,THR,21,A,5,12,7,0,8,24,10,0,10,35,11,0,16,38,12,0,16,49,15,0,0,0,0.2779097
1QT8,363,HN,6.181196,10.566734,-1.078721,10,['359'],100,"0.008513, -0.081559, -0.030086",-1.4296881525253218,-1.4328827315557364,-0.5514681314446919,Alanine HN,Threonine HN,21,THR,21,A,5,17,6,0,8,28,11,0,14,42,14,0,20,67,18,0,29,84,24,0,0,0,0.063711494
1QT8,364,H,6.870142,12.67999,-2.664081,12,['360'],101,"0.253908, 0.215720, -0.147627",-0.2719542503347954,1.030333893821668,-0.3368058146887034,Alanine HA,Threonine HA,21,THR,21,A,3,14,8,0,5,17,9,0,10,31,10,0,16,44,12,0,21,56,18,0,0,0,0.15396945
1QT8,365,C,5.755063,11.024314,-3.495162,37,"['360', '366', '367', '368']",101,"-0.235374, -0.409204, -0.190229",-0.5987828875457714,-0.1677422743206448,1.4332666016282811,Threonine CB,Threonine CB,21,THR,21,A,5,16,8,0,7,20,8,0,14,31,13,0,17,50,19,0,26,77,23,0,0,0,0.0
1QT8,366,OH,5.567907,11.600269,-4.787151,39,"['365', '369']",106,"0.075207, -0.018557, 0.003094",0.0525639649140909,0.7203829714653042,2.340442401608791,Threonine OG1,Threonine OG1,21,THR,21,A,4,17,6,0,9,22,9,0,12,26,13,0,16,47,17,0,26,69,20,0,0,0,0.06919839
1QT8,367,C,4.539738,10.103878,-3.248745,41,"['365', '370', '371', '372']",106,"-0.152190, -0.087478, -0.086301",-0.4258455350205495,-1.5878875769057474,2.01483226022328,Threonine CG2,Threonine CG2,21,THR,21,A,6,16,7,0,12,24,8,0,15,41,17,0,21,62,22,0,31,90,24,1,0,0,0.0163533
1QT8,368,H,6.6969,10.418571,-3.517612,38,['365'],106,"0.120871, 0.008749, -0.072880",-1.6849052786983654,0.1038074482147973,1.4003360877255553,Threonine HB,Threonine HB,21,THR,21,A,4,14,6,0,6,20,8,0,10,31,12,0,19,49,19,0,28,77,23,0,0,0,0.16193338
1QT8,369,HO,6.153036,11.141184,-5.376888,40,['366'],,"0.075579, -0.035823, -0.018435",-0.631425713027636,1.1476001941035412,2.841010357220658,Threonine HG1,Threonine HG1,21,THR,21,A,4,18,4,0,9,20,11,0,10,27,14,0,17,43,15,0,24,65,22,0,0,0,0.12299858
1QT8,370,H,4.404047,9.391721,-4.087159,42,['367'],,"-0.008412, 0.022049, -0.023164",-0.7650942180526009,-1.6296372458430493,3.069196984467525,Threonine HG2,Threonine HG2,21,THR,21,A,5,20,8,0,11,24,11,0,17,43,18,0,25,70,20,1,30,94,26,1,0,0,0.0026546456
1QT8,371,H,3.590671,10.675015,-3.1727,42,['367'],,"-0.002459, 0.028378, -0.049418",0.6361089037561314,-1.911829756759547,2.0195987428964446,Threonine HG2,Threonine HG2,21,THR,21,A,8,18,7,0,12,28,10,0,15,46,17,0,20,61,19,0,30,84,24,1,0,0,0.0
1QT8,372,H,4.636098,9.488166,-2.327008,42,['367'],,"-0.052992, -0.008000, -0.081964",-1.010170477113374,-2.360013884055796,1.4667711855536338,Threonine HG2,Threonine HG2,21,THR,21,A,6,18,7,0,10,28,12,0,15,47,17,0,22,68,23,0,35,96,26,1,0,0,0.08848819
1QT8,373,N,3.63065,13.023937,-1.967579,7,"['361', '374', '377']",102,"-0.089257, -0.160040, -0.029554",-0.6124279492720686,-1.323762126883164,-0.0404051791008291,Alanine N,Glutamate N,22,GLU,22,A,6,23,7,0,10,29,8,0,15,37,9,0,17,47,13,0,18,71,19,0,0,0,0.0
1QT8,374,CA,2.505533,13.951972,-2.011277,8,"['373', '375', '378', '379']",,"-0.262582, -0.370063, -0.410799",0.0,0.0,0.0,Alanine CA,Glutamate CA,22,GLU,22,A,7,21,6,0,9,28,7,0,12,34,10,0,16,49,13,0,19,65,17,0,0,0,0.0
1QT8,375,C,2.527202,15.052096,-0.92043,9,"['374', '376', '388']",,"0.112066, -0.195443, -0.106793",1.5494158700445797,-1.1102230246251563e-16,-1.1102230246251563e-16,Alanine C,Glutamate C,22,GLU,22,A,5,23,6,0,10,27,8,0,12,37,10,0,16,54,14,0,20,73,15,0,0,0,0.013837407
1QT8,376,O,1.640114,15.908649,-0.88624,11,['375'],,"0.141773, -0.175041, -0.083905",2.1692547914068405,1.0665724678696091,1.1102230246251563e-16,Alanine O,Glutamate O,22,GLU,22,A,6,19,6,0,8,28,7,0,12,34,10,0,18,54,12,0,18,68,15,0,0,0,0.20089857
1QT8,377,HN,3.475536,12.195311,-1.377231,10,['373'],,"-0.027561, -0.094562, 0.091696",-0.7873152570458068,-1.739651691988462,0.8846042593332766,Alanine HN,Glutamate HN,22,GLU,22,A,6,24,7,0,11,29,8,0,15,46,10,0,18,54,15,0,21,85,23,0,0,0,0.0
1QT8,378,H,2.566855,14.526211,-2.969742,12,['374'],,"0.047374, 0.224806, -0.298221",-0.266213729816212,0.5341482719501,-0.9465631762645657,Alanine HA,Glutamate HA,22,GLU,22,A,7,22,5,0,9,25,7,0,10,34,9,0,16,39,11,0,16,56,16,0,0,0,0.05309291
1QT8,379,C,1.132607,13.203346,-1.962116,153,"['374', '380', '384', '385']",,"-0.368038, -0.156429, -0.278843",-0.5161327240878146,0.8422009061161808,1.213296393358101,Glutamate CB,Glutamate CB,22,GLU,22,A,7,20,6,0,10,26,6,0,13,40,11,0,18,57,14,0,23,76,19,1,0,0,0.0
1QT8,380,C,0.818203,12.156561,-3.057352,155,"['379', '381', '386', '387']",,"0.007836, 0.031159, 0.852697",-2.03486056985352,1.110534941534234,1.3382491166942576,Glutamate CG,Glutamate CG,22,GLU,22,A,7,22,4,0,11,29,7,0,14,43,11,0,20,58,15,1,26,74,20,1,0,0,0.006289731
1QT8,381,C,0.794403,12.608876,-4.497733,157,"['380', '382', '383']",,"0.254156, -0.349075, 0.431133",-2.728120816255988,1.850294822205464,0.2193218294707852,Glutamate CD,Glutamate CD,22,GLU,22,A,6,17,5,0,10,29,7,0,12,40,10,0,18,52,13,1,24,68,19,1,0,0,0.0
1QT8,382,O,1.022197,11.762992,-5.406513,158,['381'],,"0.166930, 0.033969, 0.221198",-3.965349113159159,1.6713977077189135,0.0445279506807527,Glutamate OE,Glutamate OE,22,GLU,22,A,9,18,6,0,10,29,9,0,15,43,12,1,18,55,14,1,22,73,19,1,0,0,0.060269568
1QT8,383,O,0.36033,13.759662,-4.777612,158,['381'],,"0.385515, -0.117908, 0.862417",-2.11414995116692,2.769724188562615,-0.3879256150424621,Glutamate OE,Glutamate OE,22,GLU,22,A,5,15,2,0,8,24,7,0,11,33,9,0,13,45,12,0,20,56,17,1,0,1,0.09821708
1QT8,384,H,0.327883,13.976755,-2.002327,154,['379'],,"-0.003700, 0.124300, 0.031404",-0.0065573383521021,1.835192346695252,1.1725527169530203,Glutamate HB,Glutamate HB,22,GLU,22,A,6,18,5,0,8,27,6,0,13,36,9,0,16,50,13,0,22,65,17,0,0,0,0.009733701
1QT8,385,H,1.022012,12.719083,-0.960925,154,['379'],,"0.021171, 0.056877, 0.107374",-0.1566421716295046,0.3684544338544813,2.159581840983612,Glutamate HB,Glutamate HB,22,GLU,22,A,8,20,6,0,10,32,7,0,13,44,11,0,20,65,14,0,25,80,21,1,0,0,0.0008848819
1QT8,386,H,-0.211118,11.772937,-2.86322,156,['380'],,"-0.026359, -0.075471, 0.092589",-2.1849623087199928,1.7520106150402153,2.238435073111213,Glutamate HG,Glutamate HG,22,GLU,22,A,7,17,3,0,9,32,5,0,15,45,11,1,19,60,14,1,26,75,21,1,0,0,0.14423575
1QT8,387,H,1.476752,11.265692,-2.962443,156,['380'],,"0.030584, -0.107748, 0.078090",-2.591370341195408,0.1738183987207314,1.5600622625254277,Glutamate HG,Glutamate HG,22,GLU,22,A,7,22,4,0,12,31,8,0,15,45,13,0,18,62,16,1,30,82,25,1,0,0,0.06194173
1QT8,388,N,3.561424,15.077582,-0.041034,1,"['375', '389', '392']",,"0.235372, -0.263986, -0.220986",-0.7115628304093431,-1.2443499866689662,0.1774441727890407,Glycine N,Glycine N,23,GLY,23,A,8,29,9,0,9,31,11,0,13,47,13,0,15,62,14,0,21,80,18,0,0,0,0.0022783095
1QT8,389,CA,3.792254,16.082762,0.970176,2,"['388', '390', '393', '394']",,"0.134181, -0.029915, -0.796693",0.0,0.0,0.0,Glycine CA,Glycine CA,23,GLY,23,A,7,26,7,0,8,39,12,0,11,50,14,0,17,62,15,0,20,76,16,0,0,0,0.013837407
1QT8,390,C,3.083605,15.970228,2.318676,3,"['389', '391', '395']",,"-0.014372, -0.474599, -0.576717",1.5275141755011636,5.551115123125783e-17,1.1102230246251563e-16,Glycine C,Glycine C,23,GLY,23,A,8,37,11,0,13,45,13,0,14,61,14,0,17,74,17,0,23,91,19,0,0,0,0.0025158923
1QT8,391,O,3.154134,16.903672,3.139918,5,['390'],,"-0.548837, -0.670821, -0.079228",2.151024163073306,1.077945155812107,2.220446049250313e-16,Glycine O,Glycine O,23,GLY,23,A,8,38,11,0,12,45,13,0,17,60,15,0,18,78,16,0,20,95,20,0,0,0,0.060269568
1QT8,392,HN,4.226232,14.296683,0.021225,4,['388'],,"0.169706, -0.258293, 0.007026",-0.907490030055664,-1.7163081085515188,-0.7139127544706539,Glycine HN,Glycine HN,23,GLY,23,A,8,29,9,0,9,34,10,0,12,47,13,0,16,61,16,0,22,78,19,0,0,0,0.0
1QT8,393,H,4.886045,16.138371,1.169819,6,['389'],,"0.136879, -0.012582, -0.030156",-0.3352854096407762,0.4657573609679585,-0.9539298793921808,Glycine HA,Glycine HA,23,GLY,23,A,7,25,8,0,8,39,9,0,10,47,14,0,15,61,16,0,20,73,17,0,0,0,0.030085985
1QT8,394,H,3.519868,17.077366,0.544238,6,['389'],,"-0.110884, 0.154581, -0.136223",-0.3229286516180178,0.7057382135271125,0.801564151885383,Glycine HA,Glycine HA,23,GLY,23,A,6,25,7,0,7,34,10,0,9,46,14,0,16,57,15,0,19,68,15,0,0,0,0.111495115
1QT8,395,N,2.450658,14.811363,2.617468,7,"['390', '396', '399']",,"-0.053459, -0.419248, -0.307904",-0.5049576382950504,1.1648991392346366,0.7200974297495356,Alanine N,Tyrosine N,24,TYR,24,A,11,33,12,0,13,46,13,0,16,63,16,0,20,75,18,0,25,87,23,0,0,0,0.0
1QT8,396,CA,1.739027,14.493675,3.851635,8,"['395', '397', '400', '401']",,"-0.332173, 0.063845, -0.609499",0.0,0.0,0.0,Alanine CA,Tyrosine CA,24,TYR,24,A,12,41,11,0,15,52,13,0,18,71,18,0,22,84,21,0,23,99,25,0,0,0,0.0
1QT8,397,C,2.691526,13.837871,4.859736,9,"['396', '398', '416']",,"-0.425945, 0.274193, 0.031233",1.5341449923713208,0.0,1.3877787807814457e-17,Alanine C,Tyrosine C,24,TYR,24,A,13,41,12,0,16,63,13,0,19,77,19,0,22,97,24,0,27,110,29,0,0,0,0.0
1QT8,398,O,3.636081,13.128185,4.493727,11,['397'],,"-0.188447, 0.338848, 0.039271",2.1834503556409866,1.0527124488345554,-1.457167719820518e-16,Alanine O,Tyrosine O,24,TYR,24,A,13,42,10,0,16,61,14,0,17,75,18,0,24,90,24,0,28,110,30,0,0,0,0.0
1QT8,399,HN,2.667312,13.980988,2.048672,10,['395'],,"0.221906, -0.517928, -0.277497",-0.3892435764998841,2.045479421609894,0.1993488261491249,Alanine HN,Tyrosine HN,24,TYR,24,A,10,32,11,0,11,46,14,0,15,59,15,0,21,72,19,0,26,86,24,0,0,0,0.0
1QT8,400,H,1.357449,15.441083,4.306944,12,['396'],,"-0.098533, 0.335501, 0.160932",-0.3427115193540619,-0.9279897534883652,0.5214151953593565,Alanine HA,Tyrosine HA,24,TYR,24,A,12,39,10,0,15,53,13,0,18,68,16,0,22,86,20,0,25,97,25,0,0,0,0.0008848819
1QT8,401,C,0.559255,13.519406,3.56404,70,"['396', '402', '409', '410']",,"-0.327847, -0.038897, -0.104479",-0.5049893940269028,0.0097084520813641,-1.4726385837158162,Tyrosine CB,Tyrosine CB,24,TYR,24,A,12,39,10,0,16,51,11,0,17,66,17,0,20,79,22,0,25,94,24,0,0,0,0.0
1QT8,402,C,-0.434363,13.964025,2.507932,72,"['401', '403', '404']",,"0.021273, 0.113264, -0.152616",-2.0059339673340046,0.11139782118241,-1.6653859645561062,Tyrosine CG,Tyrosine CG,24,TYR,24,A,10,23,8,0,14,42,11,0,16,59,14,0,20,65,21,0,22,82,22,0,0,0,0.0
1QT8,403,C,-0.999064,13.023076,1.625113,73,"['402', '405', '411']",,"0.016772, 0.035057, -0.112501",-2.5344170902158893,0.8719605040889368,-2.726466367241048,Tyrosine CD,Tyrosine CD,24,TYR,24,A,7,22,8,0,12,31,13,0,17,48,13,0,20,65,20,0,25,82,22,0,0,0,0.0012579461
1QT8,404,C,-0.879498,15.294859,2.430283,73,"['402', '406', '412']",,"0.015454, 0.124169, -0.102092",-2.9022214396964543,-0.6053641523337157,-0.8540816374448776,Tyrosine CD,Tyrosine CD,24,TYR,24,A,9,20,7,0,12,39,10,0,15,55,14,0,19,63,17,0,21,69,21,0,0,0,0.0025158923
1QT8,405,C,-1.965223,13.401864,0.687771,75,"['403', '407', '413']",,"0.037335, 0.145636, -0.104197",-3.912130138816335,0.9253665646234286,-2.960150204087441,Tyrosine CE,Tyrosine CE,24,TYR,24,A,5,18,8,0,9,21,8,0,13,35,13,0,19,56,14,0,24,74,21,0,0,0,0.0012579461
1QT8,406,C,-1.834837,15.67642,1.483795,75,"['404', '407', '414']",,"0.022580, 0.054850, -0.124244",-4.280412016210913,-0.5406447406700858,-1.0788105148653344,Tyrosine CE,Tyrosine CE,24,TYR,24,A,6,17,8,0,9,24,8,0,14,40,12,0,17,56,13,0,20,63,18,0,0,0,0.013837407
1QT8,407,C,-2.390525,14.730726,0.617245,77,"['405', '406', '408']",,"-0.120399, 0.146288, -0.344402",-4.790580404321496,0.21425094204425,-2.138950091275867,Tyrosine CZ,Tyrosine CZ,24,TYR,24,A,5,15,7,0,7,21,9,0,13,28,12,0,16,49,13,0,19,65,16,0,0,0,0.0
1QT8,408,OH,-3.411362,15.09412,-0.194108,78,"['407', '415']",,"0.044607, -0.004007, -0.213962",-6.112872131100477,0.1509870215776207,-2.4217916300799365,Tyrosine OH,Tyrosine OH,24,TYR,24,A,3,11,3,0,7,15,8,0,9,23,9,0,13,32,12,0,17,53,14,0,0,0,0.17076378
1QT8,409,H,-0.003878,13.305623,4.50269,71,['401'],,"0.003294, 0.014504, 0.033434",-0.1464378010873339,-0.8989490924271434,-2.010846713797728,Tyrosine HB,Tyrosine HB,24,TYR,24,A,10,38,9,0,16,51,13,0,18,64,16,0,22,80,21,0,24,105,26,0,0,0,0.0
1QT8,410,H,0.990875,12.549124,3.229179,71,['401'],,"0.007234, 0.052539, -0.054140",-0.0422829812192228,0.882129753703154,-1.98708850476566,Tyrosine HB,Tyrosine HB,24,TYR,24,A,11,36,9,0,15,51,13,0,17,66,20,0,20,80,21,0,27,101,26,0,0,0,0.0
1QT8,411,H,-0.70247,11.962588,1.671751,74,['403'],,"0.030296, 0.003710, -0.060395",-1.8662966841963304,1.4247028435585454,-3.4068110822509623,Tyrosine HD,Tyrosine HD,24,TYR,24,A,8,25,9,0,12,33,12,0,17,50,17,0,21,67,21,0,28,87,25,1,0,0,0.06548126
1QT8,412,H,-0.490571,16.063156,3.116647,74,['404'],,"-0.067233, 0.055920, 0.023667",-2.538159000796405,-1.237530874036866,-0.0291793349949224,Tyrosine HD,Tyrosine HD,24,TYR,24,A,7,30,8,0,13,43,10,0,17,53,14,0,18,64,17,0,22,76,20,0,0,0,0.02831622
1QT8,413,H,-2.415905,12.646,0.025768,76,['405'],,"0.027677, 0.042496, -0.017197",-4.303841097658712,1.50232492141048,-3.8124261000773294,Tyrosine HE,Tyrosine HE,24,TYR,24,A,4,15,6,0,9,22,9,0,14,34,13,0,19,47,14,1,24,69,17,1,0,0,0.14069621
1QT8,414,H,-2.177265,16.722652,1.448128,76,['406'],,"0.005559, 0.045724, -0.007267",-4.963686023348098,-1.1193691235217749,-0.4374485361352068,Tyrosine HE,Tyrosine HE,24,TYR,24,A,5,16,5,0,8,23,8,0,10,34,9,0,15,47,13,0,19,60,16,0,0,0,0.18494031
1QT8,415,HO,-3.175883,14.949771,-1.112103,79,['408'],,"0.003253, 0.040319, -0.430733",-6.508189077604064,1.0225841778437652,-2.3666126280696536,Tyrosine HH,Tyrosine HH,24,TYR,24,A,4,11,4,0,6,15,7,0,8,21,9,0,15,33,12,0,17,48,15,0,0,0,0.22122046
1QT8,416,N,2.437356,14.05173,6.176259,7,"['397', '417', '420']",,"-0.193291, 0.196934, 0.026478",-0.5062422853882468,0.8077477356220891,1.104365125006342,Alanine N,Tyrosine N,25,TYR,25,A,13,44,10,0,17,68,17,0,21,87,20,0,26,102,25,0,31,118,25,0,0,0,0.0
1QT8,417,CA,3.299156,13.571062,7.250791,8,"['416', '418', '421', '422']",,"-0.060634, 0.642198, -0.050132",0.0,0.0,0.0,Alanine CA,Tyrosine CA,25,TYR,25,A,11,52,11,0,17,67,18,0,21,88,24,0,30,110,24,0,35,133,31,0,0,0,0.0
1QT8,418,C,2.976812,12.098707,7.577257,9,"['417', '419', '437']",,"0.439629, 0.196633, -0.016505",1.5421786373559323,9.714451465470121e-17,5.551115123125783e-17,Alanine C,Tyrosine C,25,TYR,25,A,12,54,10,0,16,69,17,0,21,88,22,0,30,112,25,0,37,137,34,0,0,0,0.0
1QT8,419,O,1.827476,11.72265,7.850115,11,['418'],,"0.383318, 0.238533, -0.227787",2.199203577984223,1.0512667709489305,0.0,Alanine O,Tyrosine O,25,TYR,25,A,12,40,10,0,16,69,15,0,22,90,21,0,30,110,26,0,35,130,37,0,0,0,0.0
1QT8,420,HN,1.506149,14.385322,6.465545,10,['416'],,"-0.274530, 0.004567, 0.072820",-0.5688516448600816,1.8207066356019008,0.9251701915756856,Alanine HN,Tyrosine HN,25,TYR,25,A,13,48,11,0,19,61,17,0,21,87,20,0,25,99,22,0,30,115,27,0,0,0,0.0
1QT8,421,H,4.353745,13.614438,6.879471,12,['417'],,"0.402313, -0.032102, -0.183034",-0.3404460738194138,-1.0520878743834992,0.1706621050296668,Alanine HA,Tyrosine HA,25,TYR,25,A,11,48,11,0,16,66,16,0,24,80,22,0,28,106,25,0,34,135,28,0,0,0,0.0
1QT8,422,C,3.196822,14.451632,8.529778,70,"['417', '423', '430', '431']",,"0.073580, 0.214856, 0.142091",-0.5485610428130645,0.4716897488518975,-1.3777783137213613,Tyrosine CB,Tyrosine CB,25,TYR,25,A,14,48,10,0,21,68,18,0,24,94,20,0,26,115,26,0,34,131,31,0,0,0,0.0
1QT8,423,C,3.786968,15.84324,8.365846,72,"['422', '424', '425']",,"-0.034074, 0.083336, -0.071899",-2.035217120027841,0.2152752811350552,-1.5670510175903023,Tyrosine CG,Tyrosine CG,25,TYR,25,A,13,43,10,0,20,60,16,0,22,86,19,0,27,107,24,0,32,124,27,0,0,0,0.0
1QT8,424,C,2.987465,16.999161,8.409031,73,"['423', '426', '432']",,"-0.105457, 0.095243, -0.055831",-2.962549790881674,1.2666444414612563,-1.6761397693343656,Tyrosine CD,Tyrosine CD,25,TYR,25,A,14,39,9,0,17,59,13,0,19,73,17,0,25,91,22,0,27,117,26,0,0,0,0.0
1QT8,425,C,5.177843,16.012844,8.219955,73,"['423', '427', '433']",,"0.010417, 0.074154, 0.006282",-2.5187447358068287,-1.1016894913812152,-1.6950658567780184,Tyrosine CD,Tyrosine CD,25,TYR,25,A,8,33,10,0,16,49,13,0,21,78,18,0,24,101,23,0,36,118,28,0,0,0,0.0
1QT8,426,C,3.563842,18.269906,8.307197,75,"['424', '428', '434']",,"-0.084778, 0.026243, -0.044826",-4.317791466638737,1.0025040388238944,-1.9018017127270337,Tyrosine CE,Tyrosine CE,25,TYR,25,A,8,30,9,0,15,47,9,0,19,64,15,0,22,77,20,0,26,95,23,0,0,0,0.0025158923
1QT8,427,C,5.755455,17.285945,8.127577,75,"['425', '428', '435']",,"0.025150, 0.053864, 0.041522",-3.8744921251726216,-1.365252503515497,-1.9305207961858448,Tyrosine CE,Tyrosine CE,25,TYR,25,A,7,30,8,0,13,38,11,0,18,61,16,0,23,85,19,0,27,103,24,0,0,0,0.0
1QT8,428,C,4.94714,18.427386,8.170909,77,"['426', '427', '429']",,"0.059395, 0.099195, 0.020760",-4.786127401675622,-0.3088420112713818,-2.035669987537174,Tyrosine CZ,Tyrosine CZ,25,TYR,25,A,7,26,7,0,13,39,9,0,18,60,13,0,21,75,19,0,24,88,23,0,0,0,0.0
1QT8,429,OH,5.43751,19.691776,8.069154,78,"['428', '436']",,"0.088633, -0.032568, 0.014244",-6.117308020984248,-0.4916960767524996,-2.24548285306056,Tyrosine OH,Tyrosine OH,25,TYR,25,A,5,19,5,0,8,29,7,0,14,46,10,0,19,62,16,0,21,75,19,0,0,0,0.0703145
1QT8,430,H,3.740462,13.959856,9.368601,71,['422'],,"0.000595, 0.020241, -0.023136",-0.0151099043324535,-0.0624281057013074,-2.197021934023784,Tyrosine HB,Tyrosine HB,25,TYR,25,A,12,42,12,0,18,72,16,0,25,99,23,0,30,118,27,0,38,135,36,0,0,0,0.0
1QT8,431,H,2.135366,14.521145,8.860455,71,['422'],,"-0.018605, -0.013808, -0.010250",-0.3230612538734149,1.5521934362041685,-1.5278776216488783,Tyrosine HB,Tyrosine HB,25,TYR,25,A,13,44,12,0,20,65,16,0,25,95,20,0,27,118,28,0,32,131,32,0,0,0,0.0
1QT8,432,H,1.893391,16.927294,8.527348,74,['424'],,"-0.110026, 0.068179, -0.032476",-2.640208142565695,2.317740120938267,-1.589794937412014,Tyrosine HD,Tyrosine HD,25,TYR,25,A,13,38,10,0,16,56,13,0,19,75,15,0,26,92,21,0,27,113,26,0,0,0,0.0
1QT8,433,H,5.839967,15.134221,8.173067,74,['425'],,"-0.000288, 0.010746, 0.007678",-1.8282242572410088,-1.955015770951128,-1.607883396812694,Tyrosine HD,Tyrosine HD,25,TYR,25,A,9,35,9,0,14,51,14,0,21,76,18,0,29,100,22,0,38,122,29,0,0,0,0.0
1QT8,434,H,2.919541,19.160373,8.338528,76,['426'],,"-0.036016, 0.062657, -0.032763",-5.026638318433572,1.8395237036191383,-1.979074668524066,Tyrosine HE,Tyrosine HE,25,TYR,25,A,8,30,7,0,12,41,9,0,16,53,12,0,20,70,18,0,23,84,20,0,0,0,0.0
1QT8,435,H,6.848896,17.381888,8.016949,76,['427'],,"0.072345, 0.010450, 0.001912",-4.218059705012408,-2.409006989367368,-2.028473465680488,Tyrosine HE,Tyrosine HE,25,TYR,25,A,5,25,7,0,10,32,10,0,14,49,14,0,21,77,17,0,29,97,23,0,0,0,0.07963937
1QT8,436,HO,6.383361,19.787715,8.063182,79,['429'],,"0.216364, 0.142658, -0.001402",-6.407867950415806,-1.380056244560598,-2.419451845604333,Tyrosine HH,Tyrosine HH,25,TYR,25,A,4,15,5,0,7,26,7,0,12,38,8,0,17,53,13,0,21,71,20,0,0,0,0.15308456
1QT8,437,N,4.034695,11.251802,7.551971,7,"['418', '438', '441']",,"0.301847, 0.160111, -0.041069",-0.4820506843159024,1.3236788308269731,0.3604689302299227,Alanine N,Histidine N,26,HIS,26,A,11,55,13,0,13,72,16,0,21,85,21,0,30,112,28,0,37,142,35,0,0,0,0.0
1QT8,438,CA,4.075952,9.817417,7.787075,8,"['437', '439', '442', '443']",,"-0.326676, 0.303880, -0.310911",0.0,0.0,0.0,Alanine CA,Histidine CA,26,HIS,26,A,11,52,11,0,15,67,17,0,17,86,21,0,27,108,26,0,34,151,39,0,0,0,0.0
1QT8,439,C,5.238209,9.489644,8.749402,9,"['438', '440', '455']",,"-0.247314, -0.390454, -0.030198",1.544133973626317,-8.326672684688674e-17,-1.1102230246251563e-16,Alanine C,Histidine C,26,HIS,26,A,12,50,11,0,17,70,15,0,22,92,21,0,28,115,27,0,34,156,38,0,0,0,0.0
1QT8,440,O,6.132368,10.311297,8.982765,11,['439'],,"-0.254091, -0.343382, 0.015178",2.188183272962354,1.0556006628852403,1.1102230246251563e-16,Alanine O,Histidine O,26,HIS,26,A,11,45,9,0,18,73,16,0,24,92,19,0,28,116,26,0,35,152,38,0,0,0,0.0
1QT8,441,HN,4.978648,11.645998,7.437805,10,['437'],,"0.433797, 0.155585, -0.064205",0.073629176878996,2.065824112223454,-0.0866461571294231,Alanine HN,Histidine HN,26,HIS,26,A,10,52,11,0,12,69,17,0,22,87,22,0,32,110,26,0,36,141,32,0,0,0,0.0
1QT8,442,H,3.13096,9.486919,8.278233,12,['438'],,"-0.300495, -0.225842, 0.173676",-0.3350361109593698,-0.7447228158266235,0.7593508549889747,Alanine HA,Histidine HA,26,HIS,26,A,12,48,9,0,16,67,15,0,19,84,20,0,23,110,30,0,31,151,41,0,0,0,0.0
1QT8,443,C,4.298523,9.067886,6.434761,106,"['438', '444', '449', '450']",,"-0.165838, -0.118020, -0.314715",-0.5161518113588734,-0.378924896073865,-1.4248126035954225,Histidine (+) CB,Histidine (+) CB,26,HIS,26,A,11,46,13,0,16,64,18,0,22,82,23,0,25,111,27,0,35,143,36,0,0,0,0.0
1QT8,444,C,3.187501,9.055251,5.417369,108,"['443', '445', '446']",,"-0.132935, 0.081287, -0.130459",-1.9837806017940145,-0.659341792056842,-1.617291452579296,Histidine (+) CG,Histidine (+) CG,26,HIS,26,A,11,42,12,0,14,56,15,0,19,81,23,0,25,113,29,0,33,138,33,0,0,0,0.0
1QT8,445,N,2.779401,10.151369,4.690031,109,"['444', '447', '451']",,"-0.063105, 0.098561, -0.075438",-2.9769146100035364,0.2933061883314173,-1.5608333852384706,Histidine (+) ND1,Histidine (+) ND1,26,HIS,26,A,11,41,12,0,15,59,14,0,16,84,20,0,24,105,28,0,31,124,33,0,0,0,0.0
1QT8,446,C,2.450145,7.992654,4.940038,111,"['444', '448', '452']",,"-0.039592, -0.060153, -0.101840",-2.610704878950208,-1.8340481111770788,-1.974617848521676,Histidine (+) CD2,Histidine (+) CD2,26,HIS,26,A,7,32,11,0,14,54,18,0,21,77,21,0,25,111,27,0,35,139,34,0,0,0,0.026416868
1QT8,447,C,1.819335,9.786837,3.801171,113,"['445', '448', '453']",,"0.037719, 0.124946, -0.273050",-4.176119918981553,-0.268506800153914,-1.8624211765499263,Histidine (+) CE1,Histidine (+) CE1,26,HIS,26,A,11,32,11,0,14,55,16,0,16,79,21,0,25,100,28,0,29,121,33,0,0,0,0.0
1QT8,448,N,1.618204,8.458472,3.949818,115,"['446', '447', '454']",,"0.022731, 0.054481, -0.067598",-3.952898815156261,-1.576174477299701,-2.121806542270817,Histidine (+) NE2,Histidine (+) NE2,26,HIS,26,A,8,24,11,0,12,56,16,0,20,81,23,0,25,106,29,0,32,126,37,0,0,0,0.015948167
1QT8,449,H,4.53649,8.000507,6.651427,107,['443'],,"-0.051751, 0.033948, -0.019383",0.0245657588317402,-1.2901802609262871,-1.7713794046610114,Histidine (+) HB,Histidine (+) HB,26,HIS,26,A,11,44,12,0,15,59,17,0,20,82,23,0,28,108,30,0,34,150,35,0,0,0,0.0
1QT8,450,H,5.215276,9.46518,5.936663,107,['443'],,"-0.044400, 0.009790, 0.011863",-0.2208748477012238,0.416593918101521,-2.1503065967305184,Histidine (+) HB,Histidine (+) HB,26,HIS,26,A,11,47,11,0,17,61,18,0,21,83,21,0,29,111,25,0,31,132,35,0,0,0,0.0
1QT8,451,HN,3.182668,11.099096,4.734507,110,['445'],,"0.073817, 0.199806, -0.048751",-2.846834558187638,1.3030522733982963,-1.3987196035736114,Histidine (+) HD1,Histidine (+) HD1,26,HIS,26,A,12,44,11,0,14,64,14,0,18,84,20,0,23,99,26,0,29,121,34,0,0,0,0.0
1QT8,452,H,2.479358,6.947194,5.200053,112,['446'],,"-0.073739, -0.189911, -0.008421",-2.204751742802387,-2.8132633270353176,-2.1690077234572085,Histidine (+) HD2,Histidine (+) HD2,26,HIS,26,A,6,33,14,0,13,54,18,0,20,77,22,0,27,102,25,0,36,150,35,0,0,0,0.0
1QT8,453,H,1.400161,10.387114,3.017607,114,['447'],,"0.188648, -0.024879, -0.311912",-5.107378039603018,0.2386286217840009,-2.0223706613675674,Histidine (+) HE1,Histidine (+) HE1,26,HIS,26,A,9,35,12,0,13,56,16,0,17,71,23,0,22,94,24,0,28,113,30,0,0,0,0.0026546456
1QT8,454,HN,0.976545,7.886776,3.385239,116,['448'],,"-0.018255, -0.003786, -0.016901",-4.666370434526648,-2.2541977876849884,-2.419387917469557,Histidine (+) HE2,Histidine (+) HE2,26,HIS,26,A,6,24,11,0,14,48,14,0,21,81,19,0,26,105,30,0,31,118,35,1,0,0,0.15485433
1QT8,455,N,5.269818,8.237973,9.274515,7,"['439', '456', '459']",,"-0.241420, -0.227116, 0.012641",-0.4736843498207736,1.3034827063316436,0.4636853593205278,Alanine N,Isoleucine N,27,ILE,27,A,13,48,10,0,20,67,12,0,22,89,24,0,30,130,30,0,40,156,40,0,0,0,0.0
1QT8,456,CA,6.362037,7.659376,10.056008,8,"['455', '457', '460', '461']",,"-0.243585, 0.635586, 0.037876",0.0,0.0,0.0,Alanine CA,Isoleucine CA,27,ILE,27,A,13,51,10,0,17,71,13,0,25,98,22,0,34,123,30,0,40,161,38,0,0,0,0.0
1QT8,457,C,6.400451,6.138444,9.810376,9,"['456', '458', '474']",,"0.328944, 0.229544, 0.235728",1.5411180562967914,1.3877787807814457e-17,2.775557561562892e-17,Alanine C,Isoleucine C,27,ILE,27,A,12,48,8,0,18,72,18,0,24,96,22,0,33,126,30,0,39,160,41,0,0,0,0.0
1QT8,458,O,5.418007,5.539831,9.36439,11,['457'],,"0.245080, 0.121563, 0.151061",2.1784855134092616,1.056503655324951,1.1102230246251563e-16,Alanine O,Isoleucine O,27,ILE,27,A,10,42,9,0,18,70,16,0,21,99,21,0,30,127,30,0,40,160,43,0,0,0,0.0
1QT8,459,HN,4.500373,7.578907,9.081019,10,['455'],,"-0.358060, -0.314527, -0.106384",0.1884102344227425,2.0746689303075314,0.2883089873024658,Alanine HN,Isoleucine HN,27,ILE,27,A,13,47,10,0,17,61,14,0,21,91,25,0,29,126,32,0,38,157,38,0,0,0,0.0
1QT8,460,H,7.321145,8.084108,9.67672,12,['456'],,"0.266689, 0.170366, -0.067839",-0.3348089027883219,-0.7704342106235662,0.7338112428591721,Alanine HA,Isoleucine HA,27,ILE,27,A,10,48,10,0,16,69,13,0,26,92,21,0,31,125,26,0,37,155,34,0,0,0,0.0
1QT8,461,C,6.261794,8.040061,11.573256,25,"['456', '462', '463', '465']",,"0.250099, 0.020489, 0.296586",-0.6200247864554138,-0.3889126166107132,-1.3861195700948488,Isoleucine CB,Isoleucine CB,27,ILE,27,A,11,46,10,0,19,73,14,0,25,101,22,0,33,131,28,0,45,163,41,0,0,0,0.0
1QT8,462,C,7.647357,7.89467,12.276581,27,"['461', '464', '466', '467']",,"-0.027142, 0.077747, 0.035707",-0.554101403961195,-1.9316385950667767,-1.6124823066755434,Isoleucine CG1,Isoleucine CG1,27,ILE,27,A,10,47,10,0,14,71,12,0,20,100,19,0,36,125,29,0,46,153,37,0,0,0,0.0
1QT8,463,C,5.178818,7.197066,12.294373,29,"['461', '468', '469', '470']",,"-0.030658, -0.025111, 0.010891",0.0699984184425276,0.3751023618460671,-2.54527288337401,Isoleucine CG2,Isoleucine CG2,27,ILE,27,A,10,47,7,0,17,72,19,0,29,102,24,0,34,129,31,0,46,177,47,0,0,0,0.0
1QT8,464,C,7.768248,8.654207,13.605829,31,"['462', '471', '472', '473']",,"0.032071, 0.003433, 0.062704",-1.5125393771657245,-2.457321759277673,-2.6911227454403868,Isoleucine CD,Isoleucine CD,27,ILE,27,A,8,47,8,0,13,66,15,0,22,100,21,0,34,127,27,0,47,153,38,0,0,0,0.0
1QT8,465,H,5.964906,9.11743,11.611343,26,['461'],,"-0.043377, 0.011571, -0.065842",-1.6967528299327252,-0.0897807681093307,-1.3474682586595454,Isoleucine HB,Isoleucine HB,27,ILE,27,A,8,52,11,0,20,71,13,0,26,101,20,0,34,131,32,0,46,170,41,0,0,0,0.0
1QT8,466,H,8.451284,8.278971,11.60502,28,['462'],,"0.063508, 0.037954, 0.014460",-0.8062928331732553,-2.461324805987105,-0.6633711131666665,Isoleucine HG1,Isoleucine HG1,27,ILE,27,A,10,49,10,0,13,67,13,0,22,91,17,0,31,115,28,0,41,145,34,0,0,0,0.0
1QT8,467,H,7.890294,6.821585,12.449924,28,['462'],,"0.009085, -0.019807, 0.050751",0.4833550730616735,-2.248588671915243,-1.865077448972558,Isoleucine HG1,Isoleucine HG1,27,ILE,27,A,10,44,10,0,14,76,14,0,23,102,19,0,34,125,28,0,45,160,35,0,0,0,0.0
1QT8,468,H,5.094993,7.462349,13.36613,30,['463'],,"-0.000548, -0.009244, 0.035605",-0.3647218614170563,0.1125755444008724,-3.5292254819090725,Isoleucine HG2,Isoleucine HG2,27,ILE,27,A,9,44,10,0,19,70,17,0,27,100,27,0,38,131,36,0,46,168,48,0,0,0,0.0
1QT8,469,H,5.39263,6.105579,12.263774,30,['463'],,"-0.004275, -0.012854, 0.024803",1.157395303303418,0.1516249800416585,-2.62025031951769,Isoleucine HG2,Isoleucine HG2,27,ILE,27,A,10,46,8,0,20,73,18,0,25,106,26,0,34,135,35,0,46,171,41,0,0,0,0.0
1QT8,470,H,4.174569,7.347766,11.840525,30,['463'],,"0.042206, 0.006136, -0.011554",-0.031422806824006,1.476338370037174,-2.426119451053529,Isoleucine HG2,Isoleucine HG2,27,ILE,27,A,10,47,8,0,16,68,19,0,28,97,23,0,34,126,31,0,43,173,44,0,0,0,0.0
1QT8,471,H,8.789099,8.551906,14.039263,32,['464'],,"0.029619, -0.009282, 0.021363",-1.4552156866171364,-3.566198170852346,-2.778153714142146,Isoleucine HD,Isoleucine HD,27,ILE,27,A,9,43,9,0,13,63,13,0,20,87,19,0,31,117,25,0,42,151,33,0,0,0,0.0
1QT8,472,H,7.055505,8.268439,14.365186,32,['464'],,"0.001901, -0.005224, 0.022727",-1.2706207220525183,-2.042460767148292,-3.692525915417215,Isoleucine HD,Isoleucine HD,27,ILE,27,A,8,41,9,0,13,70,17,0,23,100,23,0,38,132,29,0,47,156,42,0,0,0,0.0
1QT8,473,H,7.575104,9.741688,13.481739,32,['464'],,"0.017544, -0.002210, 0.014092",-2.5708123656394344,-2.2030641757251743,-2.4658912616954,Isoleucine HD,Isoleucine HD,27,ILE,27,A,8,43,8,0,11,68,14,0,20,93,21,0,33,125,24,0,44,155,37,0,0,0,0.0
1QT8,474,N,7.534069,5.496084,10.172152,1,"['457', '475', '478']",,"0.246512, 0.154448, 0.121165",-0.5292818756536155,0.913417684426691,-0.9864372548901288,Glycine N,Glycine N,28,GLY,28,A,11,53,10,0,16,74,16,0,24,103,22,0,32,135,27,0,43,165,40,0,0,0,0.0
1QT8,475,CA,7.727057,4.065631,10.108203,2,"['474', '476', '479', '480']",,"0.022807, 0.459948, 0.384073",0.0,0.0,0.0,Glycine CA,Glycine CA,28,GLY,28,A,10,48,12,0,15,75,17,0,26,104,20,0,34,135,35,0,42,160,36,0,0,0,0.0
1QT8,476,C,7.71365,3.56493,8.67102,3,"['475', '477', '481']",,"-0.229363, -0.164373, 0.348201",1.5219645904353352,5.551115123125783e-17,0.0,Glycine C,Glycine C,28,GLY,28,A,10,47,11,0,15,75,15,0,22,98,23,0,33,127,31,0,44,157,38,0,0,0,0.0
1QT8,477,O,8.374635,4.140331,7.797928,5,['476'],,"-0.161588, -0.151633, 0.052536",2.1513007155064368,1.0649944427885485,-1.1102230246251563e-16,Glycine O,Glycine O,28,GLY,28,A,8,47,12,0,14,62,13,0,25,90,22,0,33,120,27,0,44,156,37,0,0,0,0.0
1QT8,478,HN,8.398005,6.016015,10.374239,4,['474'],,"0.320006, 0.087226, 0.010089",-0.8987706049171176,1.7831965106839602,-0.5808319236039522,Glycine HN,Glycine HN,28,GLY,28,A,11,53,10,0,14,77,18,0,24,98,20,0,32,123,25,0,43,154,35,0,0,0,0.0
1QT8,479,H,8.707877,3.799116,10.560963,6,['475'],,"0.156068, -0.082501, 0.082316",-0.3484998962119644,0.2995102488042281,1.0133465194228863,Glycine HA,Glycine HA,28,GLY,28,A,10,46,12,0,16,70,15,0,24,96,20,0,32,134,29,0,40,155,36,0,0,0,0.0
1QT8,480,H,6.958821,3.552228,10.73111,6,['475'],,"-0.098980, -0.061358, 0.127282",-0.412539305691998,-1.0210704006830031,-0.1703199367725784,Glycine HA,Glycine HA,28,GLY,28,A,11,49,10,0,17,76,17,0,25,111,26,0,31,133,31,0,41,168,38,0,0,0,0.0
1QT8,481,N,7.039877,2.405805,8.463925,7,"['476', '482', '485']",,"-0.025695, -0.214440, -0.015975",-0.4129580690848129,-0.152773767586734,1.38643660180482,Alanine N,Isoleucine N,29,ILE,29,A,10,45,11,0,16,69,17,0,22,95,24,0,34,124,32,0,44,154,36,0,0,0,0.0
1QT8,482,CA,6.895059,1.711744,7.193733,8,"['481', '483', '486', '487']",,"0.388537, -0.330965, 0.140192",0.0,0.0,0.0,Alanine CA,Isoleucine CA,29,ILE,29,A,10,42,12,0,14,65,16,0,22,93,24,0,33,115,31,0,43,151,39,0,0,0,0.0
1QT8,483,C,5.557226,2.171994,6.595355,9,"['482', '484', '500']",,"0.217873, -0.097858, -0.063972",1.5361261111227162,-2.775557561562892e-17,1.1102230246251563e-16,Alanine C,Isoleucine C,29,ILE,29,A,10,41,11,0,14,69,16,0,27,94,21,0,34,118,31,0,42,151,43,0,0,0,0.0
1QT8,484,O,4.535257,1.510162,6.740879,11,['483'],,"0.107002, 0.027758, 0.013059",2.1711894096640085,1.0489585666778525,5.551115123125783e-17,Alanine O,Isoleucine O,29,ILE,29,A,8,38,14,0,16,67,16,0,25,89,22,0,34,121,31,0,41,155,46,0,0,1,0.0011161031
1QT8,485,HN,6.466419,1.997967,9.215961,10,['481'],,"-0.082743, -0.066978, 0.082374",-0.3286669432010378,0.7165509640168368,1.932251198919651,Alanine HN,Isoleucine HN,29,ILE,29,A,11,49,10,0,16,70,18,0,22,98,27,0,32,129,31,0,44,160,39,0,0,0,0.0008848819
1QT8,486,H,7.716741,2.015119,6.498408,12,['482'],,"0.362806, 0.036508, -0.284134",-0.353862722969218,-0.8741794873581314,-0.6010540346333968,Alanine HA,Isoleucine HA,29,ILE,29,A,10,47,12,0,16,58,15,0,23,87,20,0,30,106,29,0,41,145,36,0,0,0,0.0
1QT8,487,C,6.957658,0.146225,7.38887,25,"['482', '488', '489', '491']",,"0.184271, -0.316043, 0.031958",-0.5995880213440508,1.316839235262012,-0.6318824701368801,Isoleucine CB,Isoleucine CB,29,ILE,29,A,11,44,11,0,15,63,18,0,22,89,25,0,32,121,32,0,40,150,38,0,0,0,0.0
1QT8,488,C,8.271167,-0.251024,8.141072,27,"['487', '490', '492', '493']",,"-0.103069, -0.030164, -0.011943",-2.155573984538224,1.334151304243492,-0.4659653688595251,Isoleucine CG1,Isoleucine CG1,29,ILE,29,A,11,38,11,0,17,55,16,0,21,82,23,0,29,113,31,0,38,144,37,0,0,0,0.0
1QT8,489,C,6.903819,-0.586469,6.021547,29,"['487', '494', '495', '496']",,"-0.088271, -0.052137, -0.066785",-0.2396037886192781,1.4239464570903977,-2.1379537556701256,Isoleucine CG2,Isoleucine CG2,29,ILE,29,A,11,40,9,0,17,64,19,0,22,84,23,0,31,109,29,0,38,151,39,0,0,0,0.0
1QT8,490,C,8.315074,-1.702217,8.643868,31,"['488', '497', '498', '499']",,"-0.005205, -0.040544, 0.058748",-2.824473412279879,2.68171333355014,-0.7779636032324699,Isoleucine CD,Isoleucine CD,29,ILE,29,A,7,33,10,0,16,55,14,0,24,78,23,0,31,110,29,0,34,133,36,0,0,0,0.0012579461
1QT8,491,H,6.070629,-0.158353,7.999649,26,['487'],,"-0.149624, 0.000268, -0.076909",-0.1562403545973109,2.189537936267395,-0.0892232626965762,Isoleucine HB,Isoleucine HB,29,ILE,29,A,9,47,10,0,16,66,19,0,24,94,24,0,33,126,33,0,42,155,37,0,0,0,0.0
1QT8,492,H,8.390797,0.39766,9.036796,28,['488'],,"-0.002530, -0.017961, -0.025754",-2.414322067513976,1.089234833491143,0.5878320997475073,Isoleucine HG1,Isoleucine HG1,29,ILE,29,A,10,38,9,0,17,63,16,0,24,87,23,0,28,116,29,0,38,143,37,0,0,0,0.0
1QT8,493,H,9.157303,-0.0424,7.49565,28,['488'],,"-0.009338, 0.025915, -0.042771",-2.6133986752844764,0.5268226635107092,-1.085600390748746,Isoleucine HG1,Isoleucine HG1,29,ILE,29,A,11,37,10,0,15,50,14,0,21,74,23,0,26,109,28,0,36,131,35,0,0,0,0.0
1QT8,494,H,6.903298,-1.69148,6.139719,30,['489'],,"-0.060112, -0.028790, 0.006594",-0.6162628549443204,2.3660840482297547,-2.591295690927913,Isoleucine HG2,Isoleucine HG2,29,ILE,29,A,10,43,9,0,18,67,16,0,22,85,23,0,31,112,32,0,37,139,40,1,0,0,0.0
1QT8,495,H,7.76403,-0.316713,5.369018,30,['489'],,"0.023211, 0.049727, 0.009252",-0.6537654002176988,0.575884438517522,-2.7276878754480967,Isoleucine HG2,Isoleucine HG2,29,ILE,29,A,12,41,10,0,15,56,17,0,21,79,22,0,26,101,28,0,38,140,34,0,0,0,0.0
1QT8,496,H,5.968361,-0.341019,5.470765,30,['489'],,"-0.066401, -0.015604, 0.037092",0.8631902882107001,1.4364029725387986,-2.287547348847108,Isoleucine HG2,Isoleucine HG2,29,ILE,29,A,11,40,12,0,16,62,17,0,25,90,25,0,34,117,31,0,42,155,40,1,0,0,0.0
1QT8,497,H,9.248143,-1.911575,9.215268,32,['490'],,"0.003579, -0.036092, 0.054497",-3.922404562570878,2.648728639369564,-0.5924758944873838,Isoleucine HD,Isoleucine HD,29,ILE,29,A,8,35,9,0,16,45,12,0,24,73,20,0,27,95,25,0,34,129,32,0,0,0,0.008848819
1QT8,498,H,8.261544,-2.442583,7.817224,32,['490'],,"-0.039347, 0.000431, 0.026088",-2.6776714467451743,2.997434887939135,-1.8330070433814247,Isoleucine HD,Isoleucine HD,29,ILE,29,A,9,40,9,0,15,54,12,0,25,79,21,0,28,104,31,0,35,136,35,0,0,0,0.01415811
1QT8,499,H,7.468922,-1.909578,9.335332,32,['490'],,"-0.010799, -0.009136, 0.000224",-2.4190279749135435,3.4873889586801115,-0.1271218105429952,Isoleucine HD,Isoleucine HD,29,ILE,29,A,9,31,9,0,14,57,18,0,25,84,22,0,31,113,29,0,34,139,37,0,0,0,0.0
1QT8,500,N,5.570104,3.380767,5.98165,1,"['483', '501', '504']",,"0.159002, 0.000699, -0.146843",-0.7497912354164382,-1.2234133228982729,0.1581409578625861,Glycine N,Glycine N,30,GLY,30,A,10,39,10,0,15,70,15,0,21,94,21,0,35,123,29,0,45,152,40,0,0,0,0.0
1QT8,501,CA,4.426099,3.990483,5.346485,2,"['500', '502', '505', '506']",,"0.373503, -0.270764, -0.407514",0.0,0.0,0.0,Glycine CA,Glycine CA,30,GLY,30,A,11,37,10,0,15,62,14,0,21,94,24,0,32,122,30,0,45,150,39,0,0,0,0.0
1QT8,502,C,3.225736,4.459528,6.159789,3,"['501', '503', '507']",,"0.343779, -0.246737, -0.105993",1.5239218943928847,-2.220446049250313e-16,-7.93635990259389e-17,Glycine C,Glycine C,30,GLY,30,A,11,39,11,0,15,60,16,0,20,93,23,0,31,118,28,0,43,148,38,0,0,0,0.0
1QT8,503,O,2.212414,4.849245,5.571438,5,['502'],,"0.072203, -0.262176, 0.072191",2.12804788525528,1.0769816628608535,-1.587271980518778e-16,Glycine O,Glycine O,30,GLY,30,A,10,40,10,0,14,57,15,0,21,77,21,0,29,109,30,0,37,143,38,0,0,0,0.07589501
1QT8,504,HN,6.464521,3.85932,5.809224,4,['500'],,"0.137904, -0.009680, -0.018827",-1.3990350979991506,-1.433407689795967,-0.6119955507798217,Glycine HN,Glycine HN,30,GLY,30,A,10,40,10,0,13,62,16,0,23,90,18,0,36,122,28,0,44,150,39,0,0,0,0.0
1QT8,505,H,4.766979,4.852053,4.730293,6,['501'],,"0.012906, 0.149938, -0.218960",-0.3321797915106876,0.5139947285104136,-0.9293334306584604,Glycine HA,Glycine HA,30,GLY,30,A,10,36,9,0,16,56,14,0,21,92,24,0,30,118,32,0,44,150,40,0,0,0,0.008848819
1QT8,506,H,4.014236,3.278901,4.59827,6,['501'],,"-0.083082, -0.066078, -0.187353",-0.2939160641559266,0.7036420764421903,0.8088924126292762,Glycine HA,Glycine HA,30,GLY,30,A,11,41,11,0,15,65,14,0,23,88,22,0,31,117,35,0,42,145,42,0,0,0,0.0
1QT8,507,N,3.283455,4.471125,7.513753,7,"['502', '508', '511']",,"0.215789, -0.179861, 0.114224",-0.4946588680638615,0.7063412677124359,1.1811491022517715,Alanine N,Histidine N,31,HIS,31,A,10,38,10,0,10,63,17,0,16,84,21,0,27,115,27,0,38,153,37,0,0,0,0.0
1QT8,508,CA,2.132598,4.82808,8.342505,8,"['507', '509', '512', '513']",,"0.355745, -0.609132, -0.039607",0.0,0.0,0.0,Alanine CA,Histidine CA,31,HIS,31,A,10,39,11,0,11,58,14,0,13,75,22,0,23,104,29,0,37,152,39,0,0,0,0.0
1QT8,509,C,1.83259,6.326976,8.196827,9,"['508', '510', '525']",,"-0.240383, -0.338966, -0.083057",1.5355507476355188,2.0816681711721685e-17,2.775557561562892e-17,Alanine C,Histidine C,31,HIS,31,A,10,35,9,0,10,46,15,0,13,71,20,0,22,115,30,0,34,148,37,0,0,0,0.0
1QT8,510,O,2.67513,7.187364,8.483981,11,['509'],,"-0.357237, -0.284912, -0.095233",2.1835471570333684,1.0548455978329212,0.0,Alanine O,Histidine O,31,HIS,31,A,10,35,10,0,12,52,14,0,16,85,23,0,21,117,30,0,35,150,36,0,0,0,0.0
1QT8,511,HN,4.176233,4.349354,8.010364,10,['507'],,"0.215283, 0.049419, 0.121475",-0.8350630553581456,1.6644107683605882,1.0238880446236465,Alanine HN,Histidine HN,31,HIS,31,A,10,42,12,0,11,69,16,0,19,86,22,0,30,124,28,0,37,161,40,0,0,0,0.0
1QT8,512,H,1.25437,4.240979,7.966052,12,['508'],,"-0.292252, -0.276804, -0.152157",-0.3657886236602081,-1.0581142364651468,0.0654355467964407,Alanine HA,Histidine HA,31,HIS,31,A,9,36,9,0,11,56,16,0,16,70,19,0,24,100,29,0,37,141,36,0,0,0,0.015927874
1QT8,513,C,2.356515,4.475068,9.841316,106,"['508', '514', '519', '520']",,"-0.210243, -0.146871, 0.352227",-0.5305255825640509,0.6248307698939679,-1.3226185481811414,Histidine (+) CB,Histidine (+) CB,31,HIS,31,A,8,36,9,0,12,58,13,0,19,79,18,0,24,116,29,0,33,156,42,0,0,0,0.0
1QT8,514,C,1.156925,4.780527,10.69266,108,"['513', '515', '516']",,"-0.350225, -0.309872, -0.038007",-0.0787555711722401,-0.1299411250858947,-2.5405394070519263,Histidine (+) CG,Histidine (+) CG,31,HIS,31,A,8,33,8,0,12,51,13,0,20,77,20,0,23,107,27,0,31,139,35,0,0,0,0.0
1QT8,515,N,0.044174,3.949341,10.702457,109,"['514', '517', '521']",,"-0.227575, -0.448459, -0.257635",-0.6736264195766718,-1.3285926327056332,-2.9127546308210785,Histidine (+) ND1,Histidine (+) ND1,31,HIS,31,A,7,24,7,0,12,49,14,0,17,69,21,0,24,100,26,0,28,127,31,0,0,0,0.0
1QT8,516,C,0.785834,5.882072,11.427133,111,"['514', '518', '522']",,"-0.205121, -0.190816, -0.085004",0.999316975699352,0.0098109002547477,-3.382435754668416,Histidine (+) CD2,Histidine (+) CD2,31,HIS,31,A,4,29,9,0,14,51,15,0,17,72,18,0,26,106,28,0,34,139,37,0,0,0,0.0
1QT8,517,C,-0.96455,4.507798,11.403492,113,"['515', '518', '523']",,"-0.010686, -0.271927, -0.413210",0.0020717676253322,-1.9030327343113969,-3.929759512682068,Histidine (+) CE1,Histidine (+) CE1,31,HIS,31,A,5,22,6,0,7,35,12,0,18,60,20,0,24,88,25,0,30,125,29,0,0,0,0.046544008
1QT8,518,N,-0.500186,5.706776,11.849269,115,"['516', '517', '524']",,"-0.089121, -0.135940, -0.155767",1.039413264819596,-1.0700723342435416,-4.216114000732387,Histidine (+) NE2,Histidine (+) NE2,31,HIS,31,A,3,24,8,0,11,44,12,0,17,64,20,0,25,91,27,0,32,123,34,0,0,0,0.0
1QT8,519,H,3.245959,5.007752,10.24902,107,['513'],,"-0.037204, 0.026796, -0.064027",-0.2230110971410764,1.6918235349852206,-1.4123219767999249,Histidine (+) HB,Histidine (+) HB,31,HIS,31,A,8,42,10,0,12,56,13,0,18,86,20,0,29,128,32,0,35,162,44,0,0,0,0.0
1QT8,520,H,2.55901,3.379189,9.929531,107,['513'],,"-0.134450, -0.046331, -0.055676",-1.6481765341569337,0.6033054299803646,-1.3112210030012672,Histidine (+) HB,Histidine (+) HB,31,HIS,31,A,9,40,11,0,14,61,13,0,19,85,22,0,22,116,28,0,34,152,36,0,0,0,0.0008848819
1QT8,521,HN,-0.021696,3.070951,10.190991,110,['515'],,"-0.032573, -0.660293, -0.332609",-1.4696563706637322,-1.74789502512695,-2.435232758193141,Histidine (+) HD1,Histidine (+) HD1,31,HIS,31,A,8,26,11,0,13,48,12,0,14,72,20,0,25,99,25,0,28,130,32,0,0,0,0.0
1QT8,522,H,1.354556,6.788605,11.607548,112,['516'],,"-0.067337, -0.109975, -0.034274",1.7559803703876202,0.7877758236512381,-3.3771964129617884,Histidine (+) HD2,Histidine (+) HD2,31,HIS,31,A,7,36,9,0,13,52,14,0,18,81,19,0,28,110,29,0,37,149,40,0,0,0,0.0
1QT8,523,H,-1.955769,4.103807,11.493666,114,['517'],,"0.010396, -0.019185, -0.098894",-0.2071712239532603,-2.871182134408874,-4.345402741766984,Histidine (+) HE1,Histidine (+) HE1,31,HIS,31,A,4,17,5,0,7,32,12,0,13,51,17,0,21,78,23,0,30,115,30,0,0,0,0.20794724
1QT8,524,HN,-1.073288,6.393305,12.361764,116,['518'],,"0.004869, -0.079487, -0.094789",1.7729035203024088,-1.2789314401940133,-4.909503511933219,Histidine (+) HE2,Histidine (+) HE2,31,HIS,31,A,5,26,6,0,9,44,13,0,17,64,16,0,23,88,26,0,31,115,32,0,0,0,0.104416065
1QT8,525,N,0.593194,6.657046,7.758664,7,"['509', '526', '529']",,"-0.153145, -0.237835, -0.149604",-0.4675247788178999,0.7126490280165146,1.1862498077430348,Alanine N,Leucine N,32,LEU,32,A,10,28,9,0,13,41,14,0,14,67,19,0,22,94,25,0,31,139,34,0,0,0,0.0
1QT8,526,CA,0.073012,8.012664,7.599456,8,"['525', '527', '530', '531']",,"-0.097906, -0.478337, -0.576497",0.0,0.0,0.0,Alanine CA,Leucine CA,32,LEU,32,A,10,29,9,0,12,41,14,0,16,63,19,0,21,104,24,0,31,131,34,0,0,0,0.0
1QT8,527,C,-0.339833,8.544903,8.977076,9,"['526', '528', '544']",,"0.188021, 0.160375, -0.182281",1.533478467910783,-2.775557561562892e-17,0.0,Alanine C,Leucine C,32,LEU,32,A,11,29,7,0,11,43,13,0,14,63,17,0,24,95,26,0,32,126,34,0,0,0,0.0
1QT8,528,O,-1.18969,7.955119,9.646702,11,['527'],,"0.146774, 0.284682, -0.034260",2.1591431622551047,1.061623641989959,0.0,Alanine O,Leucine O,32,LEU,32,A,9,26,8,0,12,39,12,0,15,54,14,0,21,83,21,0,31,120,34,0,0,0,0.10379759
1QT8,529,HN,-0.100049,5.906959,7.620296,10,['525'],,"-0.169908, -0.158737, 0.003014",-0.6655335405787898,1.7137373294257603,1.041416071723171,Alanine HN,Leucine HN,32,LEU,32,A,10,27,9,0,11,39,12,0,17,61,19,0,22,92,27,0,32,129,33,0,0,0,0.053977795
1QT8,530,H,0.880951,8.661178,7.182752,12,['526'],,"0.230398, 0.174181, -0.120427",-0.3667797819523886,-1.0537354519904918,0.0457411007995315,Alanine HA,Leucine HA,32,LEU,32,A,11,34,10,0,15,45,13,0,18,73,19,0,22,108,27,0,33,136,35,0,0,0,0.0
1QT8,531,C,-1.135287,7.990675,6.612914,19,"['526', '532', '535', '536']",,"-0.193921, 0.024112, -0.180193",-0.5686047838310626,0.6923281090723226,-1.277147405931975,Leucine CB,Leucine CB,32,LEU,32,A,10,22,6,0,11,35,13,0,16,57,17,0,20,83,22,0,29,116,31,0,0,0,0.0012579461
1QT8,532,C,-1.937189,9.314738,6.439154,21,"['531', '533', '534', '537']",,"0.029064, -0.022195, 0.037192",-0.0492600628503858,0.1830148337611217,-2.6545591931453263,Leucine CG,Leucine CG,32,LEU,32,A,8,29,5,0,13,40,10,0,14,49,17,0,19,74,23,0,26,106,29,0,0,0,0.0
1QT8,533,C,-1.048722,10.449797,5.876464,23,"['532', '538', '539', '540']",,"0.005249, 0.030266, 0.032625",-0.3999982705063223,-1.307020631125439,-2.880677752181492,Leucine CD,Leucine CD,32,LEU,32,A,8,35,9,0,13,44,11,0,16,61,16,0,23,87,23,0,29,116,32,0,0,0,0.0
1QT8,534,C,-3.111208,9.059994,5.454753,23,"['532', '541', '542', '543']",,"0.063422, -0.094697, 0.036811",-0.7059548547589927,1.0304737704551077,-3.7783143922859614,Leucine CD,Leucine CD,32,LEU,32,A,6,17,6,0,11,34,9,0,15,47,13,0,17,65,18,0,23,90,27,0,0,0,0.05534963
1QT8,535,H,-1.851712,7.205118,6.962785,20,['531'],,"-0.088948, -0.045329, 0.048919",-0.3340676178074673,1.7847197994953514,-1.2104615006495312,Leucine HB,Leucine HB,32,LEU,32,A,7,20,8,0,10,30,10,0,15,59,15,0,19,80,23,0,27,106,29,0,0,0,0.1026463
1QT8,536,H,-0.773741,7.635097,5.617731,20,['531'],,"0.005947, -0.048431, -0.016635",-1.6833898804232756,0.6297193690442293,-1.2475710339944763,Leucine HB,Leucine HB,32,LEU,32,A,8,21,8,0,14,40,14,0,17,68,19,0,23,87,21,0,31,117,34,0,0,0,0.045128975
1QT8,537,H,-2.362748,9.637929,7.422431,22,['532'],,"0.003303, -0.024829, 0.046255",1.0608219215828234,0.3101221700112059,-2.7173943473126725,Leucine HG,Leucine HG,32,LEU,32,A,9,28,5,0,13,42,7,0,14,48,16,0,18,68,22,0,26,95,28,0,0,0,0.04778362
1QT8,538,H,-1.629523,11.387904,5.726079,24,['533'],,"0.023285, 0.012929, -0.001478",-0.0531368388993498,-1.6625170105389446,-3.8773219538715695,Leucine HD,Leucine HD,32,LEU,32,A,10,32,8,0,10,40,11,0,15,58,15,0,20,79,22,0,27,106,29,0,0,0,0.0
1QT8,539,H,-0.610415,10.185388,4.89039,24,['533'],,"-0.026487, 0.011449, 0.018378",-1.495622978778229,-1.4872739308647638,-2.84217677085392,Leucine HD,Leucine HD,32,LEU,32,A,8,33,8,0,13,43,13,0,18,63,18,0,24,93,23,0,30,111,31,0,0,0,0.0008848819
1QT8,540,H,-0.209591,10.712249,6.558092,24,['533'],,"0.030097, 0.061799, 0.016034",0.0775307806127728,-1.976060536816123,-2.131017677361113,Leucine HD,Leucine HD,32,LEU,32,A,9,36,10,0,14,48,13,0,19,72,16,0,24,94,26,0,32,126,32,0,0,0,0.0
1QT8,541,H,-3.723585,9.974976,5.288724,24,['534'],,"0.077910, -0.040659, -0.052682",-0.372672694638871,0.711237210161759,-4.791613114091007,Leucine HD,Leucine HD,32,LEU,32,A,6,20,3,0,8,27,8,0,14,43,12,0,17,59,17,0,22,77,24,0,0,0,0.07521496
1QT8,542,H,-3.793485,8.261124,5.833612,24,['534'],,"-0.005566, -0.130421, 0.026840",-0.4591899854546686,2.1140031429911343,-3.6674066755170127,Leucine HD,Leucine HD,32,LEU,32,A,5,13,5,0,9,29,7,0,14,44,13,0,19,63,17,0,21,80,26,0,0,0,0.22829953
1QT8,543,H,-2.745992,8.724612,4.456172,24,['534'],,"0.044212, -0.028321, -0.012622",-1.8177710117610708,0.9498141864883196,-3.758649939981465,Leucine HD,Leucine HD,32,LEU,32,A,6,18,7,0,11,35,11,0,16,54,13,0,20,69,19,0,27,93,29,1,0,0,0.16812755
1QT8,544,N,0.269763,9.695122,9.376345,7,"['527', '545', '548']",,"0.216247, -0.004337, -0.086266",-0.5398186193532949,-0.8407567452619013,-1.0587624426749924,Alanine N,Leucine N,33,LEU,33,A,11,35,9,0,13,50,13,0,20,76,18,0,28,103,28,0,32,131,36,0,0,0,0.0
1QT8,545,CA,-0.039258,10.456331,10.578144,8,"['544', '546', '549', '550']",,"0.383856, -0.277536, 0.215722",0.0,0.0,0.0,Alanine CA,Leucine CA,33,LEU,33,A,12,37,9,0,15,53,14,0,21,72,20,0,26,108,26,0,35,137,34,0,0,0,0.0
1QT8,546,C,-1.121344,11.506669,10.321718,9,"['545', '547', '563']",,"0.202487, -0.061335, -0.029659",1.5296647734441684,0.0,-1.3877787807814454e-16,Alanine C,Leucine C,33,LEU,33,A,11,30,9,0,15,50,14,0,19,72,20,0,26,94,25,0,34,127,28,0,0,0,0.0
1QT8,547,O,-2.109953,11.569239,11.048376,11,['546'],,"0.131868, -0.109318, -0.057617",2.150157327893807,1.060322403148005,-3.8857805861880484e-16,Alanine O,Leucine O,33,LEU,33,A,9,24,9,0,13,40,10,0,19,67,17,0,24,87,22,0,30,112,27,0,0,0,0.09263656
1QT8,548,HN,0.976028,10.129705,8.764848,10,['544'],,"0.176004, 0.183156, -0.158637",-0.6385178262874154,-1.834921480382708,-0.806777996496758,Alanine HN,Leucine HN,33,LEU,33,A,11,38,10,0,15,60,12,0,22,84,18,0,24,110,29,0,34,131,37,0,0,0,0.0
1QT8,549,H,-0.503037,9.77484,11.331915,12,['545'],,"-0.288567, -0.185135, 0.246664",-0.2662240907156933,1.0645620535904607,-0.2086241403597989,Alanine HA,Leucine HA,33,LEU,33,A,10,36,9,0,17,49,12,0,21,73,19,0,25,94,25,0,30,129,33,0,0,0,0.005309291
1QT8,550,C,1.220506,11.15088,11.186682,19,"['545', '551', '554', '555']",,"0.159420, 0.020235, 0.169434",-0.5162613136157331,-0.4144218671495082,1.414726446573002,Leucine CB,Leucine CB,33,LEU,33,A,12,47,9,0,18,61,17,0,24,85,21,0,31,122,26,0,37,149,38,0,0,0,0.0
1QT8,551,C,2.313172,10.162046,11.67843,21,"['550', '552', '553', '556']",,"-0.027388, -0.007226, -0.019637",-2.0506272221222,-0.256635466765147,1.600070648756056,Leucine CG,Leucine CG,33,LEU,33,A,11,50,10,0,19,64,16,0,22,93,22,0,32,124,31,0,39,154,44,0,0,0,0.0
1QT8,552,C,3.591144,10.947963,12.059652,23,"['551', '557', '558', '559']",,"-0.008672, 0.011151, 0.033863",-2.4789252149843017,-0.8899014060038337,2.9460807737058787,Leucine CD,Leucine CD,33,LEU,33,A,13,46,13,0,19,71,17,0,26,104,24,0,35,131,31,0,42,160,42,0,0,0,0.0
1QT8,553,C,1.812877,9.364221,12.905953,23,"['551', '560', '561', '562']",,"0.018917, 0.061879, 0.048647",-2.450317744445857,1.2378822629557058,1.5828434872467425,Leucine CD,Leucine CD,33,LEU,33,A,11,45,11,0,17,64,13,0,22,90,23,0,31,119,34,0,41,145,43,0,0,0,0.0
1QT8,554,H,0.899535,11.801864,12.037004,20,['550'],,"0.004356, 0.003843, 0.045655",0.0152451988179695,0.1949629167332478,2.186737500375814,Leucine HB,Leucine HB,33,LEU,33,A,12,43,12,0,15,64,17,0,26,88,20,0,31,115,27,0,35,146,35,0,0,0,0.0
1QT8,555,H,1.653279,11.84932,10.430477,20,['550'],,"-0.010195, -0.005881, -0.020767",-0.2160575699300843,-1.4706274979056928,1.617862565936473,Leucine HB,Leucine HB,33,LEU,33,A,12,44,10,0,17,71,16,0,26,96,25,0,31,117,29,0,38,148,35,0,0,0,0.0
1QT8,556,H,2.570082,9.450286,10.854837,22,['551'],,"-0.011362, -0.012026, -0.007400",-2.5830292520704465,-0.7910364247614522,0.7743139231106526,Leucine HG,Leucine HG,33,LEU,33,A,12,47,9,0,17,70,15,0,24,90,23,0,31,117,30,0,42,157,42,0,0,0,0.0
1QT8,557,H,4.369598,10.272543,12.4767,24,['552'],,"-0.026488, -0.003637, 0.000744",-3.563290525768875,-0.7351897759786052,3.136679895220152,Leucine HD,Leucine HD,33,LEU,33,A,9,46,13,0,21,73,17,0,25,106,25,0,35,137,31,0,42,159,45,0,0,0,0.0
1QT8,558,H,3.393743,11.726979,12.83153,24,['552'],,"-0.044091, 0.025969, 0.053287",-1.9337695754330344,-0.4499203744702698,3.812597219306949,Leucine HD,Leucine HD,33,LEU,33,A,11,47,12,0,18,71,20,0,27,105,26,0,34,129,30,0,41,155,39,0,0,0,0.0
1QT8,559,H,4.043268,11.456152,11.177917,24,['552'],,"-0.003468, -0.017342, 0.007269",-2.302002172088671,-1.9892610807428768,2.961421040072945,Leucine HD,Leucine HD,33,LEU,33,A,12,48,13,0,17,77,16,0,28,101,21,0,35,131,32,0,42,159,39,0,0,0,0.0
1QT8,560,H,2.55379,8.600649,13.227828,24,['553'],,"0.010267, 0.013604, 0.022525",-3.552701364621148,1.367714389250779,1.6419346145749527,Leucine HD,Leucine HD,33,LEU,33,A,12,43,9,0,17,65,13,0,24,94,27,0,34,123,37,0,43,151,46,0,0,0,0.0
1QT8,561,H,0.865994,8.820542,12.703304,24,['553'],,"0.016911, 0.049809, 0.027128",-2.119835794618534,1.7563669736389418,0.6580753143747231,Leucine HD,Leucine HD,33,LEU,33,A,10,40,9,0,17,62,15,0,22,79,19,0,29,107,29,0,36,135,40,0,0,0,0.0
1QT8,562,H,1.621326,10.028374,13.778908,24,['553'],,"-0.017019, 0.048098, 0.033219",-2.0051146894414296,1.793392216873278,2.4390235827571547,Leucine HD,Leucine HD,33,LEU,33,A,14,45,11,0,16,69,15,0,24,89,23,0,32,115,32,0,42,141,42,0,0,0,0.0
1QT8,563,N,-0.946211,12.37343,9.292911,7,"['546', '564', '567']",,"0.249678, -0.079175, -0.038568",-0.5217715823939384,1.205051718955655,0.6177583641175127,Alanine N,Threonine N,34,THR,34,A,8,39,10,0,15,53,15,0,20,76,19,0,28,102,25,0,34,128,28,0,0,0,0.0
1QT8,564,CA,-1.933199,13.386516,8.968054,8,"['563', '565', '568', '569']",,"0.189124, -0.447850, 0.481329",0.0,0.0,0.0,Alanine CA,Threonine CA,34,THR,34,A,6,38,10,0,12,50,12,0,20,68,17,0,24,90,22,0,30,113,26,0,0,0,0.0
1QT8,565,C,-1.732507,13.913761,7.54734,9,"['564', '566', '577']",,"-0.265693, 0.133748, 0.174985",1.528624492373781,0.0,0.0,Alanine C,Threonine C,34,THR,34,A,9,37,6,0,13,56,10,0,16,68,19,0,24,84,20,0,31,110,24,0,0,0,0.0
1QT8,566,O,-0.63224,13.908118,6.990134,11,['565'],,"-0.274264, 0.021585, 0.045574",2.18900244088186,1.0416327598046549,0.0,Alanine O,Threonine O,34,THR,34,A,10,42,7,0,12,60,14,0,20,76,18,0,27,93,23,0,31,118,26,0,0,0,0.0
1QT8,567,HN,-0.125057,12.337699,8.668329,10,['563'],,"0.275081, 0.015460, -0.221282",0.1542037432508725,1.9781763251773583,0.7226820181471388,Alanine HN,Threonine HN,34,THR,34,A,10,40,11,0,14,58,14,0,24,83,21,0,28,114,24,0,34,130,33,0,0,0,0.0
1QT8,568,H,-2.936202,12.891276,8.98934,12,['564'],,"-0.231703, -0.089445, 0.097407",-0.3222824261535753,-0.8638447029471734,0.6337484803829329,Alanine HA,Threonine HA,34,THR,34,A,5,28,8,0,10,44,11,0,19,59,13,0,23,79,20,0,25,101,24,0,0,0,0.08494866
1QT8,569,C,-1.984721,14.550271,10.011298,37,"['564', '570', '571', '572']",,"0.330259, 0.371975, 0.310974",-0.5749661927110413,-0.2542756502288315,-1.4318156414095615,Threonine CB,Threonine CB,34,THR,34,A,9,33,10,0,13,52,12,0,19,71,17,0,23,88,21,0,28,110,23,0,0,0,0.0
1QT8,570,OH,-3.068826,15.411533,9.657146,39,"['569', '573']",,"0.018448, -0.120726, 0.382910",-0.0910843821367707,-1.5213962387018136,-1.882085927389272,Threonine OG1,Threonine OG1,34,THR,34,A,8,26,8,0,11,44,10,0,17,60,14,0,20,75,17,0,22,89,22,0,0,0,0.013393238
1QT8,571,C,-0.722656,15.428648,10.007723,41,"['569', '574', '575', '576']",,"0.131899, 0.198939, 0.003837",-0.1029828596593683,0.7767560699954238,-2.470359007953226,Threonine CG2,Threonine CG2,34,THR,34,A,12,43,9,0,15,58,14,0,17,81,19,0,25,97,22,0,30,112,24,0,0,0,0.0
1QT8,572,H,-2.174689,14.126182,11.027822,38,['569'],,"-0.059272, -0.117906, 0.005584",-1.690945786985309,-0.2889014276823418,-1.3803281262220728,Threonine HB,Threonine HB,34,THR,34,A,9,31,10,0,14,48,13,0,19,66,17,0,24,94,21,0,27,113,22,0,0,0,0.0
1QT8,573,HO,-3.643694,15.496011,10.418134,40,['570'],,"-0.236724, 0.020852, 0.199835",-0.8446881067435328,-2.058388563231852,-2.127917487012205,Threonine HG1,Threonine HG1,34,THR,34,A,6,19,7,0,10,36,10,0,16,59,14,0,18,69,17,0,22,87,19,0,0,0,0.14423575
1QT8,574,H,-0.795974,16.244313,10.760207,42,['571'],,"-0.025428, 0.038979, -0.020764",-0.5306376564838275,0.5634880312193737,-3.474622524165301,Threonine HG2,Threonine HG2,34,THR,34,A,12,39,10,0,15,59,12,0,16,72,18,0,19,87,22,0,28,110,23,0,0,0,0.0
1QT8,575,H,-0.54264,15.916756,9.022269,42,['571'],,"-0.023415, 0.071878, -0.048513",1.004894566181259,0.7890390272627776,-2.5896548767396754,Threonine HG2,Threonine HG2,34,THR,34,A,11,42,10,0,14,58,12,0,18,78,17,0,26,96,21,0,29,109,25,0,0,0,0.0
1QT8,576,H,0.178785,14.827392,10.250271,42,['571'],,"-0.071091, -0.002349, -0.012926",-0.4174410959483501,1.801810962315848,-2.181719662608576,Threonine HG2,Threonine HG2,34,THR,34,A,13,46,9,0,17,64,17,0,20,85,21,0,26,106,22,0,32,127,27,0,0,0,0.0
1QT8,577,N,-2.862763,14.420291,7.001866,7,"['565', '578', '581']",,"-0.157891, -0.060238, -0.009349",-0.537678202558496,-1.223145642377529,-0.5448300887839475,Alanine N,Lysine N,35,LYS,35,A,6,29,4,0,10,41,9,0,12,57,14,0,18,70,19,0,24,85,23,0,0,0,0.0011391548
1QT8,578,CA,-2.978538,15.102623,5.735753,8,"['577', '579', '582', '583']",,"-0.176568, -0.468465, -0.234999",0.0,0.0,0.0,Alanine CA,Lysine CA,35,LYS,35,A,5,26,5,0,8,37,6,0,12,53,12,0,16,65,15,0,19,81,21,0,0,0,0.0
1QT8,579,C,-2.628823,16.598699,5.855593,9,"['578', '580', '599']",,"-0.057458, -0.068326, 0.121189",1.5410728745263804,1.3877787807814457e-17,-2.0816681711721685e-17,Alanine C,Lysine C,35,LYS,35,A,6,29,4,0,6,35,8,0,13,51,11,0,15,65,13,0,21,79,18,0,0,0,0.0
1QT8,580,O,-2.246481,17.219721,4.861354,11,['579'],,"-0.139057, -0.191331, 0.293641",2.153410717882436,1.0702370224221611,-2.775557561562892e-17,Alanine O,Lysine O,35,LYS,35,A,6,25,4,0,8,34,8,0,11,47,10,0,16,62,12,0,19,77,17,0,0,0,0.07477891
1QT8,581,HN,-3.686991,14.513036,7.611349,10,['577'],,"-0.062348, 0.064282, 0.173883",-0.5872870724203427,-2.0016037401500344,0.1267091195586798,Alanine HN,Lysine HN,35,LYS,35,A,5,23,4,0,8,39,8,0,12,50,11,0,16,63,17,0,22,76,22,0,0,0,0.043359213
1QT8,582,H,-2.239374,14.665314,5.023746,12,['578'],,"0.288328, -0.064362, -0.301326",-0.3121706235027005,0.8503667199421235,-0.6511393797512232,Alanine HA,Lysine HA,35,LYS,35,A,6,29,6,0,10,42,9,0,15,55,12,0,17,73,16,0,21,83,25,0,0,0,0.0
1QT8,583,C,-4.442462,14.945466,5.200261,182,"['578', '584', '588', '589']",,"-0.203590, 0.130865, -0.218311",-0.5264179081221718,0.1844778759780716,1.4640271793146105,Lysine CB,Lysine CB,35,LYS,35,A,3,19,2,0,5,23,4,0,9,36,8,0,12,52,12,0,15,66,15,0,0,0,0.0
1QT8,584,C,-4.558043,14.701827,3.673308,184,"['583', '585', '590', '591']",,"0.114929, 0.230831, -0.044039",-0.9079137654674538,1.638608028400701,1.843857147503969,Lysine CG,Lysine CG,35,LYS,35,A,1,17,2,0,5,21,3,0,9,32,9,0,10,45,11,0,16,54,15,0,0,0,0.0
1QT8,585,C,-4.909348,13.238891,3.306698,186,"['584', '586', '592', '593']",,"0.443275, 0.078318, 0.038710",-2.4363649169646884,1.8792952213067289,1.9063598504758568,Lysine CD,Lysine CD,35,LYS,35,A,1,13,1,0,4,20,1,0,8,29,9,0,11,41,13,0,15,55,15,0,0,0,0.0
1QT8,586,C,-5.974592,13.063074,2.204082,188,"['585', '587', '594', '595']",,"-0.263044, 0.197620, 0.019499",-2.934527537099016,2.706059656397096,3.110400137697016,Lysine CE,Lysine CE,35,LYS,35,A,0,11,0,0,1,12,1,0,3,20,4,0,8,37,12,0,16,50,14,0,0,0,0.0037738383
1QT8,587,N,-7.309453,13.550593,2.53394,190,"['586', '596', '597', '598']",,"-0.166642, 0.204689, -0.106985",-2.738511664947716,2.093485982727191,4.419852785576016,Lysine NZ,Lysine NZ,35,LYS,35,A,0,7,0,0,1,11,0,0,1,13,2,0,3,25,4,0,11,38,11,0,0,0,0.009113238
1QT8,588,H,-5.003329,15.882157,5.440341,183,['583'],,"-0.127671, 0.122811, -0.059795",0.2743154830162863,-0.1535346779571144,2.167002127138584,Lysine HB,Lysine HB,35,LYS,35,A,3,16,2,0,4,23,3,0,6,32,5,0,9,47,11,0,15,59,15,0,0,0,0.14069621
1QT8,589,H,-5.001644,14.161238,5.758923,183,['583'],,"0.063122, 0.068284, -0.069864",-1.3711988330853104,-0.5059989140186816,1.686261935026227,Lysine HB,Lysine HB,35,LYS,35,A,2,18,3,0,5,24,4,0,8,35,7,0,12,48,14,0,13,63,16,0,0,0,0.09999165
1QT8,590,H,-3.618582,15.013494,3.163786,185,['584'],,"0.096021, 0.068583, -0.095146",-0.4317779396048989,2.355998759851134,1.138179337414128,Lysine HG,Lysine HG,35,LYS,35,A,3,18,3,0,6,25,8,0,8,37,10,0,13,47,12,0,17,67,19,0,0,0,0.0
1QT8,591,H,-5.323059,15.40432,3.267992,185,['584'],,"0.005045, 0.109481, 0.030291",-0.4310561880385797,1.876638379631368,2.823130019538455,Lysine HG,Lysine HG,35,LYS,35,A,1,12,1,0,3,18,2,0,5,25,4,0,8,37,10,0,13,47,12,0,0,0,0.0929126
1QT8,592,H,-5.233144,12.662367,4.204037,187,['585'],,"0.044964, 0.000134, -0.007789",-2.999753544819704,0.9178071314067432,1.8823815249062947,Lysine HD,Lysine HD,35,LYS,35,A,2,14,1,0,2,22,2,0,7,27,7,0,11,40,12,0,14,57,18,0,0,0,0.04601386
1QT8,593,H,-3.972308,12.733608,2.968451,187,['585'],,"0.075467, -0.001227, -0.050267",-2.740555818080946,2.409125376650944,0.9712054210557725,Lysine HD,Lysine HD,35,LYS,35,A,2,15,1,0,6,25,6,0,9,38,13,0,15,50,14,0,19,62,18,0,0,0,0.016812757
1QT8,594,H,-6.074556,11.972414,1.984052,189,['586'],,"-0.090062, 0.038592, -0.048661",-4.033137202875089,2.870451643132196,2.992174443549468,Lysine HE,Lysine HE,35,LYS,35,A,0,10,0,0,1,13,2,0,4,22,4,0,10,39,10,0,17,51,17,1,0,0,0.22387512
1QT8,595,H,-5.65294,13.539072,1.247905,189,['586'],,"-0.058458, 0.049100, -0.097869",-2.4737917256493365,3.721842858927886,3.1250820293018493,Lysine HE,Lysine HE,35,LYS,35,A,0,8,0,0,1,14,2,0,3,21,5,0,11,34,11,0,16,50,13,0,0,0,0.081409134
1QT8,596,HN,-7.956154,13.160781,1.852889,191,['587'],,"-0.029783, -0.115377, -0.211331",-3.3166586069220334,2.5997345275105106,5.085784139197777,Lysine HN,Lysine HN,35,LYS,35,A,0,4,0,0,0,7,0,0,1,12,2,0,3,22,2,0,9,33,8,0,0,0,0.26634943
1QT8,597,HN,-7.443279,14.560657,2.471381,191,['587'],,"-0.240445, 0.269433, -0.031706",-1.793173840374213,2.1490224073971573,4.801040946224425,Lysine HN,Lysine HN,35,LYS,35,A,0,5,0,0,1,9,0,0,1,15,1,0,4,20,4,0,6,35,8,0,0,0,0.2052926
1QT8,598,HN,-7.640686,13.270705,3.450769,191,['587'],,"0.007760, 0.079077, -0.161790",-3.014097646469532,1.1186960119899894,4.469500422104076,Lysine HN,Lysine HN,35,LYS,35,A,0,5,0,0,1,11,1,0,2,16,1,0,2,23,4,0,10,34,9,0,0,0,0.21856582
1QT8,599,N,-2.854186,17.205845,7.056921,7,"['579', '600', '603']",,"-0.042465, -0.126062, 0.217925",-0.5367575696374717,1.2418012111502492,0.5345041770357393,Alanine N,Serine N,36,SER,36,A,5,29,5,0,9,43,8,0,12,50,9,0,16,65,15,0,19,81,19,0,0,0,0.0
1QT8,600,CA,-2.811132,18.648928,7.234492,8,"['599', '601', '604', '605']",,"-0.301570, -0.434566, -0.113373",0.0,0.0,0.0,Alanine CA,Serine CA,36,SER,36,A,4,21,4,0,9,35,5,0,11,46,9,0,13,60,11,0,18,69,16,0,0,0,0.0
1QT8,601,C,-1.375367,19.190725,7.132299,9,"['600', '602', '610']",,"-0.225466, -0.092165, -0.020496",1.537988469944752,-1.7347234759768068e-17,-1.3877787807814457e-17,Alanine C,Serine C,36,SER,36,A,5,26,5,0,10,41,5,0,11,51,10,0,16,62,12,0,19,75,16,0,0,0,0.0
1QT8,602,O,-0.39985,18.474156,7.3456,11,['601'],,"-0.091379, 0.007276, -0.040578",2.1820637548229183,1.046789803666481,1.3877787807814457e-17,Alanine O,Serine O,36,SER,36,A,9,37,5,0,11,47,9,0,13,58,11,0,18,73,15,0,24,92,19,0,0,0,0.006696619
1QT8,603,HN,-2.999469,16.671227,7.924978,10,['599'],,"0.027288, -0.147068, 0.262670",-0.9183963371004592,1.884075496787529,-0.1742144585598376,Alanine HN,Serine HN,36,SER,36,A,6,32,5,0,11,43,8,0,12,57,12,0,17,68,16,0,22,87,19,0,0,0,0.0
1QT8,604,H,-3.401699,19.061132,6.378197,12,['600'],,"-0.248075, 0.117841, -0.374845",-0.3492075485138668,-0.7921488935170422,0.7088560253610463,Alanine HA,Serine HA,36,SER,36,A,3,18,4,0,6,27,5,0,10,39,6,0,11,50,10,0,16,63,13,0,0,0,0.058402203
1QT8,605,C,-3.508576,19.11532,8.54879,33,"['600', '606', '607', '608']",,"-0.258720, 0.083956, 0.054654",-0.5741187083032689,-0.3481632874309169,-1.407301992347585,Serine CB,Serine CB,36,SER,36,A,4,20,4,0,7,26,5,0,9,39,8,0,12,56,12,0,17,64,14,0,0,0,0.013837407
1QT8,606,OH,-2.605397,19.204892,9.645694,35,"['605', '609']",,"-0.152819, -0.116953, -0.032125",0.2276992191037543,0.1623704971856689,-2.467206280712705,Serine OG,Serine OG,36,SER,36,A,6,24,5,0,8,32,8,0,10,45,12,0,15,59,13,0,18,78,15,0,0,0,0.0044644126
1QT8,607,H,-4.348775,18.435012,8.826886,34,['605'],,"-0.063994, 0.005263, 0.027695",-1.6166080679904675,0.0326380923606982,-1.526871903984149,Serine HB,Serine HB,36,SER,36,A,4,19,3,0,6,26,6,0,9,39,7,0,14,53,13,0,15,64,15,0,0,0,0.15927874
1QT8,608,H,-3.971458,20.119625,8.403614,34,['605'],,"-0.024994, -0.051197, -0.027369",-0.6427956650822723,-1.4543415678815057,-1.5322717382541498,Serine HB,Serine HB,36,SER,36,A,3,15,3,0,6,21,4,0,8,30,5,0,10,42,10,0,13,57,12,0,0,0,0.14689039
1QT8,609,HO,-3.14169,19.23703,10.428229,36,['606'],,"-0.068572, -0.004888, 0.019963",-0.3136234648328215,0.1331153659326963,-3.24638401927373,Serine HG,Serine HG,36,SER,36,A,6,21,5,0,8,29,8,0,11,38,10,0,13,58,13,0,17,70,16,0,0,0,0.086718425
1QT8,610,N,-1.230942,20.535129,6.92907,50,"['601', '611', '617']",,"-0.170578, -0.069601, -0.125758",-0.7073257388182138,-1.243171272004028,-0.3009023903081396,Proline N,Proline N,37,PRO,37,A,4,17,5,0,8,31,5,0,11,43,6,0,11,51,11,0,16,64,14,0,0,0,0.0
1QT8,611,CA,0.084744,21.170917,6.896348,51,"['610', '612', '614', '615']",,"-0.054782, 0.044515, -0.493444",0.0,0.0,0.0,Proline CA,Proline CA,37,PRO,37,A,4,16,4,0,8,29,5,0,10,43,6,0,13,51,10,0,16,61,14,0,0,0,0.0
1QT8,612,C,0.920213,21.210175,8.177571,52,"['611', '613', '624']",,"-0.379660, -0.086915, -0.185805",1.5300594812797317,0.0,0.0,Proline C,Proline C,37,PRO,37,A,5,19,4,0,9,32,6,0,11,44,8,0,13,52,11,0,16,63,15,0,0,0,0.0012579461
1QT8,613,O,2.118755,21.511443,8.098173,53,['612'],,"-0.381668, -0.130620, 0.254767",2.125752219202359,1.0856885087253365,1.1102230246251563e-16,Proline O,Proline O,37,PRO,37,A,5,19,5,0,8,29,5,0,11,41,6,0,13,52,11,0,16,62,14,0,0,0,0.1395129
1QT8,614,H,0.715613,20.674974,6.114085,54,['611'],,"0.217349, -0.252987, -0.282761",-0.3232891213930302,0.7934157264154467,-0.7224030624551445,Proline HA,Proline HA,37,PRO,37,A,5,21,5,0,7,35,5,0,11,45,8,0,12,54,10,0,18,66,15,0,0,0,0.086718425
1QT8,615,C,-0.257636,22.624085,6.487507,55,"['611', '616', '618', '619']",,"-0.046940, 0.490202, -0.380745",-0.4920174075777428,0.3251287625969349,1.4311821764812709,Proline CB,Proline CB,37,PRO,37,A,3,10,3,0,4,12,4,0,8,28,5,0,10,43,6,0,13,52,9,0,0,0,0.017611247
1QT8,616,C,-1.370295,22.37335,5.475278,57,"['615', '617', '620', '621']",,"-0.090852, 0.291189, -0.116326",-1.953611914281202,-0.0967940816661527,1.3253131516901728,Proline CG,Proline CG,37,PRO,37,A,2,7,2,0,4,14,4,0,6,24,5,0,8,38,6,0,12,48,8,0,0,0,0.0327066
1QT8,617,C,-2.223006,21.373619,6.257209,59,"['610', '616', '622', '623']",,"-0.080523, 0.157484, -0.259783",-1.7901104696532055,-1.4624503220122067,0.657297791498933,Proline CD,Proline CD,37,PRO,37,A,2,10,3,0,4,19,5,0,8,29,5,0,11,45,6,0,13,52,11,0,0,0,0.013837407
1QT8,618,H,0.608788,23.172946,6.060359,56,['615'],,"0.014506, -0.054095, 0.018050",-0.3625154251945011,1.3941012226354956,1.7049000517450477,Proline HB,Proline HB,37,PRO,37,A,4,9,3,0,4,12,4,0,4,24,4,0,10,37,6,0,12,50,8,0,0,0,0.21679606
1QT8,619,H,-0.628602,23.216145,7.36114,56,['615'],,"0.012803, -0.007852, 0.098340",0.0521648296308349,-0.2825775122095106,2.1966521051607324,Proline HB,Proline HB,37,PRO,37,A,3,7,3,0,3,12,3,0,6,20,4,0,10,36,6,0,11,49,8,0,0,0,0.12830788
1QT8,620,H,-0.978254,21.919944,4.533259,58,['616'],,"-0.032504, -0.081494, -0.085572",-2.539993117582913,0.6008077888062267,0.6801917231157744,Proline HG,Proline HG,37,PRO,37,A,3,7,3,0,3,17,4,0,7,28,6,0,8,40,7,0,13,48,8,0,0,0,0.2150263
1QT8,621,H,-1.934486,23.289033,5.203324,58,['616'],,"-0.163962, 0.092642, -0.056788",-2.4659122115555228,-0.1645616342125673,2.306996289632612,Proline HG,Proline HG,37,PRO,37,A,2,6,2,0,2,7,2,0,4,15,4,0,6,26,5,0,10,41,6,0,0,0,0.25750062
1QT8,622,H,-2.886206,20.823497,5.550158,60,['617'],,"-0.079781, -0.075395, -0.057691",-2.7584190561990205,-1.764244416811294,0.195033389829232,Proline HD,Proline HD,37,PRO,37,A,3,11,2,0,3,19,5,0,7,32,5,0,11,40,6,0,13,51,11,0,0,0,0.12388346
1QT8,623,H,-2.880544,21.879479,7.002365,60,['617'],,"-0.036492, -0.036083, 0.021993",-1.5122013768705171,-2.254942640630809,1.390939724910058,Proline HD,Proline HD,37,PRO,37,A,2,8,3,0,4,14,3,0,5,22,5,0,11,37,5,0,12,48,9,0,0,0,0.13007763
1QT8,624,N,0.288209,21.091457,9.372221,7,"['612', '625', '628']",,"-0.316230, 0.013456, -0.112376",-0.5205210309161364,0.5831016786759485,1.230470609183858,Alanine N,Serine N,38,SER,38,A,6,25,4,0,8,34,7,0,12,43,8,0,13,54,13,0,16,67,14,0,0,0,0.0
1QT8,625,CA,0.93363,21.346614,10.654147,8,"['624', '626', '629', '630']",,"-0.393217, 0.436646, -0.376331",0.0,0.0,0.0,Alanine CA,Serine CA,38,SER,38,A,7,28,4,0,8,34,7,0,10,41,8,0,13,54,10,0,15,68,14,0,0,0,0.0
1QT8,626,C,1.699888,20.111354,11.136049,9,"['625', '627', '635']",,"0.078812, 0.260131, -0.138181",1.5314202975564877,-1.1102230246251563e-16,-5.551115123125783e-17,Alanine C,Serine C,38,SER,38,A,8,33,6,0,10,40,9,0,13,53,10,0,15,67,14,0,21,79,18,0,0,0,0.0
1QT8,627,O,1.113577,19.063091,11.420869,11,['626'],,"0.075840, 0.180077, -0.257944",2.173221368333888,1.0544333662394128,-1.1102230246251563e-16,Alanine O,Serine O,38,SER,38,A,8,34,6,0,13,48,9,0,13,63,13,0,18,73,17,0,21,89,21,0,0,0,0.0
1QT8,628,HN,-0.660332,20.69571,9.426923,10,['624'],,"-0.202557, -0.149192, -0.023194",-0.6587036627459812,1.6028464808136809,1.2113885687359882,Alanine HN,Serine HN,38,SER,38,A,6,25,4,0,7,33,7,0,12,42,8,0,14,56,12,0,16,73,14,0,0,0,0.0008848819
1QT8,629,H,1.6588,22.189102,10.533913,12,['625'],,"0.131385, 0.299540, -0.037863",-0.3545502295838362,-1.0574575054271853,-0.078686293074223,Alanine HA,Serine HA,38,SER,38,A,6,24,3,0,7,30,5,0,9,35,7,0,12,46,10,0,14,59,11,0,0,0,0.081409134
1QT8,630,C,-0.106768,21.747074,11.732327,33,"['625', '631', '632', '633']",,"-0.239523, 0.205626, 0.224622",-0.5043085906307289,0.7785815947715738,-1.2428804721705953,Serine CB,Serine CB,38,SER,38,A,6,22,5,0,8,29,6,0,9,38,7,0,13,47,9,0,14,61,14,0,0,0,0.0
1QT8,631,OH,-0.522798,23.070365,11.432437,35,"['630', '634']",,"-0.132602, 0.008824, 0.057325",-1.8742214424633683,0.4471835434453558,-1.4090976603369925,Serine OG,Serine OG,38,SER,38,A,5,17,2,0,7,22,4,0,7,28,7,0,10,35,7,0,14,47,10,0,0,0,0.22433673
1QT8,632,H,0.319986,21.752014,12.76417,34,['630'],,"-0.080993, 0.046113, 0.024517",0.0299331775000901,0.4899181201132244,-2.1799517012389225,Serine HB,Serine HB,38,SER,38,A,6,22,6,0,8,28,6,0,9,40,7,0,11,48,9,0,14,56,13,0,0,0,0.040704567
1QT8,633,H,-0.991104,21.070078,11.742217,34,['630'],,"0.030082, -0.013428, 0.011736",-0.3976085845561546,1.88107181493541,-1.1262529447219458,Serine HB,Serine HB,38,SER,38,A,7,24,5,0,8,29,7,0,10,41,9,0,13,52,11,0,14,63,15,0,0,0,0.010618582
1QT8,634,HO,-1.194186,23.307739,12.066792,36,['631'],,"-0.217706, 0.097335, 0.205152",-2.2020074140447514,0.95538271857566,-2.1465286629917006,Serine HG,Serine HG,38,SER,38,A,5,15,2,0,6,19,4,0,7,25,6,0,9,32,7,0,11,44,9,0,0,0,0.28050756
1QT8,635,N,3.028878,20.289614,11.368587,7,"['626', '636', '639']",,"0.117973, 0.089965, -0.219855",-0.5325645287129814,-1.0774848931556815,-0.819262963546509,Alanine N,Leucine N,39,LEU,39,A,7,26,6,0,8,38,7,0,11,47,10,0,16,59,14,0,21,73,18,0,0,0,0.0
1QT8,636,CA,3.89284,19.27887,11.958296,8,"['635', '637', '640', '641']",,"0.440828, 0.169741, -0.630901",0.0,0.0,0.0,Alanine CA,Leucine CA,39,LEU,39,A,6,30,7,0,10,37,7,0,13,53,10,0,21,71,19,0,23,83,22,0,0,0,0.0
1QT8,637,C,3.411075,18.874287,13.349796,9,"['636', '638', '654']",,"0.073102, 0.264380, -0.195206",1.527107451724992,0.0,0.0,Alanine C,Leucine C,39,LEU,39,A,7,30,6,0,9,37,8,0,14,53,9,0,19,73,19,0,25,87,25,0,0,0,0.0
1QT8,638,O,3.500855,17.701339,13.711592,11,['637'],,"0.080272, 0.366817, -0.196804",2.1392065492234265,1.0677539508527225,1.1102230246251563e-16,Alanine O,Leucine O,39,LEU,39,A,9,34,7,0,11,45,8,0,17,63,16,0,23,77,22,0,27,95,28,0,0,0,0.0
1QT8,639,HN,3.482727,21.185982,11.145278,10,['635'],,"0.086580, 0.097815, -0.021714",-1.1167004325233991,-1.764805911713482,-0.3235851659458365,Alanine HN,Leucine HN,39,LEU,39,A,6,22,5,0,7,33,6,0,11,41,7,0,12,50,10,0,19,66,15,0,0,0,0.07256032
1QT8,640,H,3.831345,18.362442,11.323233,12,['636'],,"-0.040288, -0.339101, -0.197577",-0.3164759858614266,0.9677817440960582,-0.4584412441583224,Alanine HA,Leucine HA,39,LEU,39,A,7,33,7,0,10,48,10,0,19,65,16,0,23,79,19,0,26,97,22,0,0,0,0.0
1QT8,641,C,5.366017,19.759564,12.056055,19,"['636', '642', '645', '646']",,"0.389850, 0.048301, -0.008356",-0.5030255655155678,-0.0826940747414372,1.4666291240413851,Leucine CB,Leucine CB,39,LEU,39,A,6,27,4,0,7,32,7,0,11,43,9,0,17,59,17,0,20,80,19,0,0,0,0.0
1QT8,642,C,6.348716,18.726061,12.694389,21,"['641', '643', '644', '647']",,"0.055859, 0.005813, 0.042079",0.0424170754545325,1.0388693076245603,2.40784322078734,Leucine CG,Leucine CG,39,LEU,39,A,6,25,4,0,10,33,7,0,12,46,13,0,19,64,16,0,23,88,21,0,0,0,0.0
1QT8,643,C,6.665529,17.589021,11.694372,23,"['642', '648', '649', '650']",,"0.010991, 0.015365, -0.006739",-0.6675041647963658,2.3826922584407457,2.1190246819808536,Leucine CD,Leucine CD,39,LEU,39,A,7,27,5,0,12,44,10,0,14,58,16,0,21,76,19,0,28,101,23,0,0,0,0.0050317845
1QT8,644,C,7.653054,19.43699,13.119346,23,"['642', '651', '652', '653']",,"0.046948, 0.061662, 0.067002",-0.1701982963781712,0.6334483183402829,3.883558179118453,Leucine CD,Leucine CD,39,LEU,39,A,4,18,2,0,6,28,7,0,11,37,9,0,14,51,13,0,19,68,16,0,0,0,0.044028115
1QT8,645,H,5.384682,20.699414,12.662057,20,['641'],,"0.063136, 0.080206, 0.000081",-0.2057234298916771,-1.078662015256623,1.879623228537337,Leucine HB,Leucine HB,39,LEU,39,A,6,21,4,0,7,30,4,0,9,36,7,0,13,49,11,0,19,65,16,0,0,0,0.05663244
1QT8,646,H,5.734371,20.067213,11.048464,20,['641'],,"0.009226, 0.033116, -0.024290",-1.618855689160242,-0.0914313300951408,1.4870984995569567,Leucine HB,Leucine HB,39,LEU,39,A,6,21,3,0,7,35,5,0,12,43,10,0,16,56,16,0,20,73,19,0,0,0,0.040704567
1QT8,647,H,5.901571,18.2782,13.614522,22,['642'],,"-0.018673, -0.028685, -0.004795",1.1405590729241375,1.1755128660990672,2.257591580676848,Leucine HG,Leucine HG,39,LEU,39,A,7,29,5,0,10,37,11,0,12,46,12,0,19,68,18,0,25,93,24,0,0,0,0.0
1QT8,648,H,7.303969,16.809439,12.166706,24,['643'],,"0.011668, 0.048784, -0.000795",-0.2319877655051843,3.203141245914386,2.73192113390558,Leucine HD,Leucine HD,39,LEU,39,A,6,27,5,0,11,42,10,0,15,62,15,0,22,82,19,0,30,104,26,0,0,0,0.031855747
1QT8,649,H,7.20848,17.959027,10.795943,24,['643'],,"0.000176, 0.003782, -0.003141",-1.755467475849738,2.341148685083422,2.3502926257008774,Leucine HD,Leucine HD,39,LEU,39,A,4,26,4,0,11,39,8,0,14,51,15,0,19,69,20,0,28,90,20,0,0,0,0.06636614
1QT8,650,H,5.745607,17.074815,11.338289,24,['643'],,"0.007948, 0.001068, -0.009774",-0.5655233030357312,2.6910914953166385,1.0550936626295404,Leucine HD,Leucine HD,39,LEU,39,A,7,33,5,0,13,49,12,0,17,66,18,0,25,90,20,0,30,109,26,0,0,0,0.0
1QT8,651,H,8.409655,18.720149,13.51078,24,['644'],,"0.012740, -0.013920, -0.040127",0.1377029007555834,1.4406549458029303,4.585798153929048,Leucine HD,Leucine HD,39,LEU,39,A,4,15,3,0,7,28,6,0,12,38,9,0,15,53,14,0,19,72,18,0,0,0,0.13450205
1QT8,652,H,7.466784,20.183649,13.927186,24,['644'],,"-0.006680, 0.081117, 0.043934",0.4268534613898169,-0.2709707774733327,4.148807002781887,Leucine HD,Leucine HD,39,LEU,39,A,4,12,2,0,6,26,5,0,9,37,9,0,13,39,11,0,15,57,14,0,0,0,0.10353118
1QT8,653,H,8.118152,19.98232,12.26996,24,['644'],,"-0.009513, 0.017562, 0.014606",-1.2353622457273818,0.3963096035930644,4.094149077485004,Leucine HD,Leucine HD,39,LEU,39,A,3,13,1,0,4,21,4,0,9,34,8,0,13,47,11,0,18,59,16,0,0,0,0.20706236
1QT8,654,N,2.926443,19.85021,14.155179,7,"['637', '655', '658']",,"0.140420, 0.172289, -0.023830",-0.5911689486849969,-1.1334921411761287,-0.6891691440267986,Alanine N,Asparagine N,40,ASN,40,A,6,27,5,0,8,35,7,0,9,43,7,0,14,56,12,0,20,78,20,0,0,0,0.0
1QT8,655,CA,2.439067,19.592622,15.498813,8,"['654', '656', '659', '660']",,"0.294895, 0.253863, 0.192422",0.0,0.0,0.0,Alanine CA,Asparagine CA,40,ASN,40,A,6,23,5,0,8,30,6,0,9,42,9,0,12,58,12,0,18,74,19,0,0,0,0.0
1QT8,656,C,1.136463,18.808641,15.545246,9,"['655', '657', '668']",,"0.013301, 0.230443, -0.130922",1.5210389254276155,-3.4694469519536136e-17,6.938893903907227e-17,Alanine C,Asparagine C,40,ASN,40,A,7,25,5,0,9,33,8,0,10,49,11,0,14,67,15,0,19,79,19,0,0,0,0.013837407
1QT8,657,O,0.930239,18.054953,16.4981,11,['656'],,"-0.040448, 0.354759, -0.149030",2.1152046196105725,1.0795701981307586,1.1102230246251563e-16,Alanine O,Asparagine O,40,ASN,40,A,7,25,7,0,10,36,8,0,12,45,11,0,14,67,17,0,21,82,22,0,0,0,0.02455427
1QT8,658,HN,3.01325,20.836794,13.880049,10,['654'],,"0.046475, 0.107617, -0.047229",-1.1824183589321215,-1.756274072790566,-0.124238385666078,Alanine HN,Asparagine HN,40,ASN,40,A,6,24,4,0,7,33,6,0,9,39,7,0,10,50,8,0,14,68,14,0,0,0,0.0
1QT8,659,H,3.170305,18.904422,15.992492,12,['655'],,"0.195054, -0.263882, 0.203834",-0.2564397373560608,0.9176438571864584,-0.5866989178085391,Alanine HA,Asparagine HA,40,ASN,40,A,7,25,5,0,9,30,8,0,12,50,11,0,13,62,14,0,22,80,22,0,0,0,0.0
1QT8,660,C,2.355707,20.877456,16.359339,147,"['655', '661', '664', '665']",,"0.106125, 0.278451, 0.196413",-0.5645769852435395,0.1891815675928928,1.4295857637960758,Asparagine CB,Asparagine CB,40,ASN,40,A,5,21,3,0,7,24,5,0,8,30,7,0,10,42,12,0,14,59,13,0,0,0,0.0163533
1QT8,661,C,3.777551,21.341556,16.641668,149,"['660', '662', '663']",,"0.146947, 0.171547, -0.160913",-2.0128212376381374,0.639833513638542,1.3021485498109802,Asparagine CG,Asparagine CG,40,ASN,40,A,6,17,2,0,6,23,3,0,7,27,9,0,9,38,10,0,15,48,12,0,0,0,0.0654132
1QT8,662,O,4.469917,20.716432,17.440434,150,['661'],,"-0.000019, 0.132940, -0.042585",-2.259168832349863,1.7845896779472832,0.9319810161929096,Asparagine OD1,Asparagine OD1,40,ASN,40,A,5,14,1,0,6,23,7,0,7,31,8,0,12,37,11,0,15,55,13,0,0,0,0.20759518
1QT8,663,N,4.244916,22.30009,15.817054,151,"['661', '666', '667']",,"0.260260, 0.165382, 0.010498",-2.9322936066853766,-0.3404040521105853,1.4066023607988034,Asparagine ND2,Asparagine ND2,40,ASN,40,A,3,14,2,0,7,17,2,0,7,26,5,0,7,33,8,0,10,46,10,0,0,0,0.066070974
1QT8,664,H,1.881374,20.634211,17.337598,148,['660'],,"-0.015847, -0.021245, -0.028277",-0.0031245415567925,1.004035393594486,1.941381613450748,Asparagine HB,Asparagine HB,40,ASN,40,A,5,19,3,0,7,23,6,0,8,26,7,0,11,38,11,0,14,58,14,0,0,0,0.17343685
1QT8,665,H,1.718563,21.666031,15.897152,148,['660'],,"-0.052050, 0.021722, -0.010582",-0.439492890583363,-0.7164219231942758,2.066497152505007,Asparagine HB,Asparagine HB,40,ASN,40,A,6,16,3,0,6,24,4,0,8,29,6,0,9,37,9,0,12,50,12,0,0,0,0.12742299
1QT8,666,HN,3.62856,22.860251,15.213696,152,['663'],,"0.051321, 0.064597, 0.043352",-2.711591504683204,-1.2677406228432486,1.7926767157805965,Asparagine HD2,Asparagine HD2,40,ASN,40,A,3,11,2,0,6,18,3,0,7,25,4,0,8,33,7,0,9,43,10,0,0,0,0.18936472
1QT8,667,HN,5.256893,22.495258,15.846249,152,['663'],,"0.356660, 0.058365, -0.114572",-3.898644734134513,-0.1123489085084464,1.1287594290326866,Asparagine HD2,Asparagine HD2,40,ASN,40,A,3,13,2,0,4,15,2,0,7,24,4,0,7,32,8,0,10,43,10,0,0,0,0.21414141
1QT8,668,N,0.297228,18.858976,14.479685,7,"['656', '669', '672']",,"-0.080339, 0.145107, -0.127820",-0.5146406032723476,-1.046676463022401,-0.8652574453302234,Alanine N,Alanine N,41,ALA,41,A,8,28,6,0,10,42,9,0,12,54,12,0,16,66,17,0,21,75,19,0,0,0,0.010252393
1QT8,669,CA,-0.826048,17.950099,14.333909,8,"['668', '670', '673', '674']",,"-0.512493, 0.534166, 0.101028",0.0,0.0,0.0,Alanine CA,Alanine CA,41,ALA,41,A,8,26,8,0,12,42,12,0,13,55,14,0,18,70,17,0,21,82,19,0,0,0,0.0012579461
1QT8,670,C,-0.337665,16.521589,14.060908,9,"['669', '671', '678']",,"0.040637, 0.263323, -0.077602",1.5341734976168793,-5.551115123125783e-17,-5.551115123125783e-17,Alanine C,Alanine C,41,ALA,41,A,9,34,10,0,13,49,13,0,18,69,16,0,21,80,20,0,22,96,25,0,0,0,0.0
1QT8,671,O,-0.904017,15.564408,14.583776,11,['670'],,"0.043878, 0.310518, -0.212023",2.152097386993529,1.062314015264146,5.551115123125783e-17,Alanine O,Alanine O,41,ALA,41,A,8,33,10,0,15,46,13,0,17,68,17,0,20,80,21,0,25,95,24,0,0,0,0.0
1QT8,672,HN,0.488642,19.46794,13.674083,10,['668'],,"0.049320, 0.062339, -0.159615",-0.8773751110320249,-1.8829429982813937,-0.3903332261307121,Alanine HN,Alanine HN,41,ALA,41,A,8,27,7,0,10,43,8,0,12,54,12,0,15,64,16,0,19,74,18,0,0,0,0.0
1QT8,673,H,-1.365377,17.901058,15.313325,12,['669'],,"-0.231554, -0.085240, 0.396110",-0.30030834467462,0.9884687028340752,-0.4304428099228886,Alanine HA,Alanine HA,41,ALA,41,A,7,24,8,0,9,29,10,0,14,49,14,0,16,65,16,0,20,79,19,0,0,0,0.07521496
1QT8,674,C,-1.817366,18.409692,13.24148,13,"['669', '675', '676', '677']",,"-0.256022, 0.036881, -0.143587",-0.5491177152412107,-0.1038882720699951,1.4404912997129085,Alanine CB,Alanine CB,41,ALA,41,A,9,28,6,0,12,39,12,0,13,50,14,0,16,64,16,0,19,76,17,0,0,0,0.0075476766
1QT8,675,H,-2.669332,17.695233,13.164797,14,['674'],,"-0.033306, -0.031243, 0.019145",-0.1414319797187527,0.7191879307909523,2.071772469764347,Alanine HB,Alanine HB,41,ALA,41,A,10,26,7,0,11,37,11,0,14,46,15,0,16,63,16,0,19,78,18,0,0,0,0.111495115
1QT8,676,H,-1.331649,18.470692,12.239498,14,['674'],,"0.072163, -0.005238, -0.059311",-0.2729958136107676,-1.0715884665383386,1.9210357424847693,Alanine HB,Alanine HB,41,ALA,41,A,11,29,7,0,12,45,10,0,14,56,15,0,15,66,16,0,19,78,19,0,0,0,0.0
1QT8,677,H,-2.253053,19.406492,13.481154,14,['674'],,"-0.012261, -0.026331, 0.031224",-1.6586090057888934,-0.0064281801827574,1.4606812708166392,Alanine HB,Alanine HB,41,ALA,41,A,9,20,4,0,10,34,8,0,12,44,14,0,13,55,14,0,16,65,16,0,0,0,0.16281827
1QT8,678,N,0.773222,16.368096,13.291017,7,"['670', '679', '682']",,"0.036437, 0.198515, -0.170575",-0.5665611953624436,-0.9991674068964144,-0.8948320431926747,Alanine N,Alanine N,42,ALA,42,A,9,47,9,0,15,59,15,0,17,66,17,0,22,83,23,0,29,108,28,0,0,0,0.0
1QT8,679,CA,1.446789,15.097507,13.063064,8,"['678', '680', '683', '684']",,"-0.157358, 0.155245, -0.659291",0.0,0.0,0.0,Alanine CA,Alanine CA,42,ALA,42,A,9,52,11,0,15,65,15,0,23,79,21,0,27,102,27,0,32,127,31,0,0,0,0.0
1QT8,680,C,2.060184,14.509637,14.340079,9,"['679', '681', '688']",,"-0.019442, 0.282127, -0.112916",1.5338226341888417,1.1102230246251563e-16,0.0,Alanine C,Alanine C,42,ALA,42,A,9,48,8,0,13,64,17,0,24,80,21,0,28,103,26,0,33,127,35,0,0,0,0.0
1QT8,681,O,1.961193,13.304325,14.566347,11,['680'],,"0.035790, 0.281888, -0.152688",2.144580221235679,1.068058337879408,0.0,Alanine O,Alanine O,42,ALA,42,A,10,46,12,0,14,68,17,0,24,88,22,0,30,111,30,0,37,136,35,0,0,0,0.0
1QT8,682,HN,1.167513,17.178291,12.794367,10,['678'],,"0.065387, 0.192119, -0.097517",-1.1328996279116483,-1.731383519227967,-0.4457631199016301,Alanine HN,Alanine HN,42,ALA,42,A,10,48,10,0,14,60,13,0,16,67,16,0,20,83,22,0,28,104,28,0,0,0,0.0
1QT8,683,H,0.678841,14.356554,12.730167,12,['679'],,"-0.233321, -0.261791, -0.025327",-0.3002862753088653,1.0085382297353005,-0.3771666522182431,Alanine HA,Alanine HA,42,ALA,42,A,12,44,13,0,15,64,15,0,20,85,22,0,28,106,26,0,35,130,31,0,0,0,0.0
1QT8,684,C,2.547217,15.211258,11.978205,13,"['679', '685', '686', '687']",,"0.196034, 0.022733, -0.196664",-0.5067437172134627,-0.1704113092332906,1.454293957154494,Alanine CB,Alanine CB,42,ALA,42,A,12,51,10,0,17,70,15,0,24,87,23,0,28,109,29,0,35,132,31,0,0,0,0.0
1QT8,685,H,2.931311,14.206306,11.694991,14,['684'],,"-0.020487, 0.019301, 0.026636",-0.2037660881176689,0.694832350281704,2.084551728921407,Alanine HB,Alanine HB,42,ALA,42,A,13,52,11,0,17,73,17,0,23,97,25,0,31,118,30,0,39,143,32,0,0,0,0.0
1QT8,686,H,3.414653,15.808559,12.340479,14,['684'],,"0.021214, 0.108925, 0.091790",-0.0871548520378283,-1.0880563990589471,1.925811531707644,Alanine HB,Alanine HB,42,ALA,42,A,11,47,9,0,17,65,15,0,23,84,19,0,27,104,29,0,32,127,31,0,0,0,0.0
1QT8,687,H,2.174891,15.706561,11.054901,14,['684'],,"-0.003521, 0.020200, -0.004335",-1.614192323771754,-0.2571755185798209,1.504008585882591,Alanine HB,Alanine HB,42,ALA,42,A,13,48,10,0,16,69,14,0,22,91,23,0,28,110,25,0,31,127,32,0,0,0,0.0
1QT8,688,N,2.725376,15.355267,15.171884,7,"['680', '689', '692']",,"0.084576, 0.277203, -0.165116",-0.5111449865078974,-0.9619374039964672,-0.965037258623404,Alanine N,Lysine N,43,LYS,43,A,9,43,10,0,13,60,14,0,18,73,21,0,25,90,27,0,31,114,33,0,0,0,0.0
1QT8,689,CA,3.324543,14.978066,16.443343,8,"['688', '690', '693', '694']",,"0.354683, 0.031349, -0.415003",0.0,0.0,0.0,Alanine CA,Lysine CA,43,LYS,43,A,9,43,12,0,14,53,14,0,18,72,20,0,25,95,26,0,30,110,33,0,0,0,0.0
1QT8,690,C,2.240301,14.581558,17.453299,9,"['689', '691', '710']",,"-0.053010, 0.248721, -0.081812",1.5338873591512532,1.1102230246251563e-16,1.1102230246251563e-16,Alanine C,Lysine C,43,LYS,43,A,10,35,10,0,12,48,16,0,17,72,21,0,24,88,24,0,30,112,29,0,0,0,0.0
1QT8,691,O,2.400335,13.569267,18.129253,11,['690'],,"0.059862, 0.356334, -0.091453",2.127509627560737,1.0746489484484572,0.0,Alanine O,Lysine O,43,LYS,43,A,11,37,11,0,16,51,15,0,19,73,24,0,24,91,25,0,32,115,30,0,0,0,0.0
1QT8,692,HN,2.844214,16.335358,14.893117,10,['688'],,"0.067294, 0.294367, -0.200108",-1.0320473021238996,-1.7550649027223035,-0.5751380060403993,Alanine HN,Lysine HN,43,LYS,43,A,8,43,8,0,12,54,12,0,15,66,21,0,24,84,24,0,29,104,32,0,0,0,0.0
1QT8,693,H,3.893976,14.029063,16.290168,12,['689'],,"0.110722, -0.362086, 0.015136",-0.2580475686174338,1.0249294593136264,-0.3622903143677821,Alanine HA,Lysine HA,43,LYS,43,A,10,41,12,0,13,56,15,0,19,81,22,0,26,103,27,0,35,122,35,0,0,0,0.0
1QT8,694,C,4.291882,16.068935,17.037938,182,"['689', '695', '699', '700']",,"0.088977, 0.054173, 0.051559",-0.5742619002723908,-0.1923011427317966,1.4534533602790942,Lysine CB,Lysine CB,43,LYS,43,A,10,35,10,0,14,46,13,0,17,64,17,0,18,83,22,0,26,97,28,0,0,0,0.0
1QT8,695,C,5.78131,15.887549,16.622902,184,"['694', '696', '701', '702']",,"-0.080919, -0.052676, -0.011609",-1.853461106262144,0.6459171677609274,1.7442986539077008,Lysine CG,Lysine CG,43,LYS,43,A,10,33,10,0,15,45,13,0,16,68,17,0,19,82,22,0,27,102,28,0,0,0,0.0
1QT8,696,C,6.605103,17.190039,16.441165,186,"['695', '697', '703', '704']",,"-0.316369, 0.039953, -0.169324",-2.892119544180008,0.0011120984338827,2.700101204662909,Lysine CD,Lysine CD,43,LYS,43,A,8,24,8,0,11,33,12,0,16,51,14,0,17,73,16,0,22,88,25,0,0,0,0.0
1QT8,697,C,7.239332,17.797575,17.716962,188,"['696', '698', '705', '706']",,"0.428693, -0.109683, 0.142315",-2.6574554868236904,0.196127646914659,4.218622234145809,Lysine CE,Lysine CE,43,LYS,43,A,6,18,6,0,10,26,10,0,14,42,11,0,16,56,17,0,19,73,19,0,0,0,0.0037738383
1QT8,698,N,8.609653,17.366559,17.972137,190,"['697', '707', '708', '709']",,"0.240179, -0.088688, 0.181547",-3.3466474023493165,1.3474038851411554,4.7915500156254325,Lysine NZ,Lysine NZ,43,LYS,43,A,5,12,6,0,9,27,9,0,10,38,11,0,15,53,14,0,20,66,21,0,1,0,0.0011391548
1QT8,699,H,4.24636,16.032059,18.149228,183,['694'],,"-0.008415, -0.040783, -0.047390",0.1991537547261856,0.1074324035108014,2.1953331226529977,Lysine HB,Lysine HB,43,LYS,43,A,12,34,10,0,14,48,14,0,17,55,19,0,19,74,20,0,25,94,25,0,0,0,0.05663244
1QT8,700,H,3.918424,17.083425,16.770874,183,['694'],,"-0.017268, -0.013267, 0.039285",-0.7483668889306017,-1.275348268576658,1.6449746230242723,Lysine HB,Lysine HB,43,LYS,43,A,11,28,11,0,11,43,11,0,15,61,15,0,18,75,19,0,23,89,28,0,0,0,0.0035395275
1QT8,701,H,5.786822,15.364085,15.641516,185,['695'],,"-0.032212, -0.010509, -0.031336",-2.368215564923892,0.8068794251217386,0.7715281663675182,Lysine HG,Lysine HG,43,LYS,43,A,10,31,10,0,14,59,14,0,16,73,19,0,23,90,24,0,29,110,31,0,0,0,0.0
1QT8,702,H,6.28558,15.183565,17.326776,185,['695'],,"-0.019844, -0.011602, 0.005376",-1.5644787755639658,1.667252658969784,2.0888031386004435,Lysine HG,Lysine HG,43,LYS,43,A,10,33,10,0,15,49,14,0,17,64,20,0,22,82,24,0,27,106,24,0,0,0,0.0
1QT8,703,H,5.962533,17.962502,15.957482,187,['696'],,"-0.017986, 0.078848, -0.011409",-2.956064868865568,-1.0911315423342405,2.48455686952404,Lysine HD,Lysine HD,43,LYS,43,A,7,24,7,0,8,33,11,0,14,49,13,0,18,66,15,0,19,84,23,0,0,0,0.0
1QT8,704,H,7.413723,17.000421,15.693945,187,['696'],,"-0.026953, 0.006482, -0.061378",-3.906675160100271,0.3905711369342504,2.440953412353135,Lysine HD,Lysine HD,43,LYS,43,A,7,25,7,0,11,35,12,0,15,53,13,0,18,74,17,0,22,90,25,0,0,0,0.013273228
1QT8,705,H,6.624605,17.57194,18.618164,189,['697'],,"0.089873, 0.069832, 0.095308",-1.5712262590478403,0.2839631188669596,4.449612444220608,Lysine HE,Lysine HE,43,LYS,43,A,7,18,7,0,10,30,10,0,15,45,13,0,17,54,17,0,18,72,21,0,0,0,0.0929126
1QT8,706,H,7.245745,18.909935,17.63996,189,['697'],,"0.028786, 0.022532, 0.079714",-3.0002326220554023,-0.7098197226486436,4.77096126347171,Lysine HE,Lysine HE,43,LYS,43,A,5,16,5,0,8,20,8,0,11,31,11,0,15,47,13,0,16,65,17,0,0,0,0.10707071
1QT8,707,HN,8.913272,17.608778,18.913572,191,['698'],,"0.144272, -0.143636, 0.261903",-3.0040083678241123,1.5673471910251453,5.7250262255865945,Lysine HN,Lysine HN,43,LYS,43,A,4,10,4,0,8,19,8,0,9,32,10,0,14,43,13,0,19,60,18,0,0,0,0.04778362
1QT8,708,HN,9.302282,17.735835,17.32584,191,['698'],,"0.074241, -0.082276, 0.046484",-4.357236520324536,1.2544159193781157,4.853698071744048,Lysine HN,Lysine HN,43,LYS,43,A,5,13,5,0,6,21,6,0,10,31,10,0,13,48,12,0,18,66,18,0,0,0,0.19290425
1QT8,709,HN,8.753257,16.363123,17.956581,191,['698'],,"0.233997, -0.175501, 0.094777",-3.199010721967971,2.222661981506091,4.301780090659026,Lysine HN,Lysine HN,43,LYS,43,A,4,18,8,0,10,29,9,0,11,47,13,0,16,59,16,0,22,76,21,0,0,0,0.0
1QT8,710,N,1.106761,15.323387,17.513042,7,"['690', '711', '714']",,"-0.001375, 0.328888, -0.107191",-0.5313525641366933,-0.8349516033436132,-1.068453761659481,Alanine N,Serine N,44,SER,44,A,8,33,10,0,13,47,14,0,18,67,18,0,22,81,22,0,26,98,27,0,0,0,0.007974084
1QT8,711,CA,-0.043962,15.003641,18.346512,8,"['710', '712', '715', '716']",,"0.389327, 0.293204, 0.309553",0.0,0.0,0.0,Alanine CA,Serine CA,44,SER,44,A,7,28,12,0,10,38,13,0,16,56,18,0,22,71,19,0,25,88,24,0,0,0,0.0
1QT8,712,C,-0.642956,13.64228,17.974633,9,"['711', '713', '721']",,"-0.047309, 0.235576, -0.186754",1.5330986840376588,5.551115123125783e-17,1.457167719820518e-16,Alanine C,Serine C,44,SER,44,A,9,30,11,0,9,42,15,0,16,54,18,0,21,72,19,0,25,95,27,0,0,0,0.0012579461
1QT8,713,O,-0.836429,12.788393,18.84401,11,['712'],,"-0.002220, 0.357147, -0.207211",2.1560426516567333,1.065040840453551,4.163336342344337e-17,Alanine O,Serine O,44,SER,44,A,8,28,13,0,11,37,14,0,15,58,17,0,20,73,20,0,23,85,25,0,0,0,0.011161031
1QT8,714,HN,1.045832,16.209974,16.997713,10,['710'],,"-0.007324, 0.346044, -0.144212",-1.1698168955469184,-1.5819132627239867,-0.7689134358540751,Alanine HN,Serine HN,44,SER,44,A,8,30,10,0,12,44,13,0,16,60,16,0,19,78,20,0,26,95,26,0,0,0,0.0
1QT8,715,H,0.319221,14.904243,19.397529,12,['711'],,"0.064695, -0.083888, 0.364662",-0.3085770231835757,1.0521331337274005,-0.2102728652444706,Alanine HA,Serine HA,44,SER,44,A,7,24,9,0,12,39,15,0,16,55,16,0,20,72,21,0,23,87,24,0,0,0,0.054862678
1QT8,716,C,-1.128934,16.114334,18.292201,33,"['711', '717', '718', '719']",,"-0.070146, 0.318649, -0.064935",-0.5491918448579903,-0.4165046977665381,1.3923595153673067,Serine CB,Serine CB,44,SER,44,A,8,24,9,0,9,32,12,0,11,43,16,0,18,58,18,0,21,76,19,0,0,0,0.0025158923
1QT8,717,OH,-2.080499,15.913035,19.336046,35,"['716', '720']",,"0.037335, 0.208430, -0.304634",-0.2518604965631267,0.5959098109198022,2.3526826654441737,Serine OG,Serine OG,44,SER,44,A,7,23,7,0,8,28,10,0,10,33,15,0,12,46,18,0,22,63,18,0,0,0,0.24107827
1QT8,718,H,-1.65263,16.142251,17.307953,34,['716'],,"0.012180, 0.012877, -0.051487",-0.1306233499135166,-1.3920017680813412,1.7343929430555216,Serine HB,Serine HB,44,SER,44,A,8,22,9,0,9,34,13,0,13,47,15,0,14,57,16,0,23,77,20,0,0,0,0.040704567
1QT8,719,H,-0.66011,17.117308,18.43939,34,['716'],,"0.041448, 0.108065, -0.009192",-1.6586892089293177,-0.5367008625868361,1.3477964089420127,Serine HB,Serine HB,44,SER,44,A,7,20,8,0,9,32,12,0,11,40,15,0,17,53,17,0,20,74,20,0,0,0,0.11857417
1QT8,720,HO,-2.609484,16.705936,19.353673,36,['717'],,"-0.059156, 0.157142, 0.008319",-0.7535377703824476,0.3641232050835938,3.129485548705522,Serine HG,Serine HG,44,SER,44,A,5,15,5,0,8,25,8,0,9,32,12,0,11,39,17,0,13,53,18,0,0,0,0.27696803
1QT8,721,N,-0.86822,13.401162,16.654829,7,"['712', '722', '725']",,"-0.077189, 0.244368, -0.225607",-0.5786626962197221,-1.0308131039968471,-0.8455955134685287,Alanine N,Glutamate N,45,GLU,45,A,9,36,11,0,11,44,13,0,13,50,15,0,20,74,19,0,29,105,25,0,0,0,0.0
1QT8,722,CA,-1.317906,12.129785,16.112758,8,"['721', '723', '726', '727']",,"-0.480192, 0.403053, -0.252097",0.0,0.0,0.0,Alanine CA,Glutamate CA,45,GLU,45,A,9,37,9,0,13,42,13,0,13,54,17,0,19,74,19,0,28,109,24,0,0,0,0.0
1QT8,723,C,-0.393996,10.965602,16.449908,9,"['722', '724', '736']",,"0.025493, 0.321656, -0.094138",1.5240084868822088,9.714451465470121e-17,0.0,Alanine C,Glutamate C,45,GLU,45,A,10,35,10,0,13,48,14,0,17,63,16,0,24,88,21,0,27,114,28,0,0,0,0.0
1QT8,724,O,-0.863745,9.865947,16.737158,11,['723'],,"0.022739, 0.319737, -0.238333",2.1427978203355,1.0627876388679127,-1.1102230246251563e-16,Alanine O,Glutamate O,45,GLU,45,A,9,36,10,0,13,46,13,0,15,63,15,0,22,76,18,0,27,102,27,0,0,0,0.0
1QT8,725,HN,-0.745044,14.15725,15.969407,10,['721'],,"-0.000991, 0.242922, -0.227398",-1.233194015323261,-1.6717390974692614,-0.379283030247267,Alanine HN,Glutamate HN,45,GLU,45,A,10,36,10,0,11,47,12,0,13,56,17,0,21,75,19,0,28,104,25,0,0,0,0.0
1QT8,726,H,-2.267712,11.861499,16.636646,12,['722'],,"-0.284388, -0.165901, 0.142956",-0.2549673609212866,0.9874506749614698,-0.4566182884631005,Alanine HA,Glutamate HA,45,GLU,45,A,8,28,9,0,13,40,11,0,14,46,14,0,17,60,18,0,23,86,20,0,0,0,0.0
1QT8,727,C,-1.573253,12.167313,14.570163,153,"['722', '728', '732', '733']",,"-0.426336, 0.046800, -0.319557",-0.5247300244895617,-0.0373846337096071,1.4729122736197082,Glutamate CB,Glutamate CB,45,GLU,45,A,11,33,8,0,12,43,12,0,15,60,17,0,22,84,20,0,26,108,24,0,0,0,0.0
1QT8,728,C,-2.8883,12.878596,14.188012,155,"['727', '729', '734', '735']",,"0.754719, 0.174498, -0.222478",-1.949847324624956,0.5343670437739644,1.6260534021532544,Glutamate CG,Glutamate CG,45,GLU,45,A,8,27,7,0,13,34,11,0,14,51,13,0,20,73,18,0,24,92,21,0,0,0,0.0050317845
1QT8,729,C,-4.124269,12.204926,14.731182,157,"['728', '730', '731']",,"0.370225, 0.508448, -0.350240",-2.0643605922229784,1.9911820273475227,1.250472383010118,Glutamate CD,Glutamate CD,45,GLU,45,A,7,21,4,0,12,31,8,0,13,39,10,0,15,56,15,0,20,74,19,0,0,0,0.03899633
1QT8,730,O,-4.169746,10.938053,14.822784,158,['729'],,"0.734468, 0.100246, -0.822185",-1.1039072997459185,2.7876538670320503,1.4925227158368242,Glutamate OE,Glutamate OE,45,GLU,45,A,5,19,5,0,10,33,8,0,13,42,11,0,16,50,13,0,19,74,19,0,0,0,0.16071886
1QT8,731,O,-5.07973,12.88316,15.171428,158,['729'],,"0.338593, -0.051550, 0.065966",-3.06430221954922,2.4129194471220385,0.6267914449535814,Glutamate OE,Glutamate OE,45,GLU,45,A,2,13,3,0,7,22,4,0,12,34,9,0,14,42,13,0,16,61,18,0,0,0,0.30692837
1QT8,732,H,-1.619164,11.125849,14.169792,154,['727'],,"-0.035962, -0.058265, 0.005515",0.1544341521939225,0.5568560219178946,2.1306858556122066,Glutamate HB,Glutamate HB,45,GLU,45,A,11,34,7,0,14,45,11,0,18,64,17,0,22,84,19,0,26,106,24,0,0,0,0.009733701
1QT8,733,H,-0.711412,12.646156,14.047637,154,['727'],,"0.083326, -0.040103, 0.056117",-0.4836324862014821,-1.078926065332737,1.871153892696747,Glutamate HB,Glutamate HB,45,GLU,45,A,11,34,10,0,13,52,12,0,21,73,19,0,24,98,20,0,31,119,27,0,0,0,0.0
1QT8,734,H,-2.978949,12.914059,13.079943,156,['728'],,"0.073007, 0.007964, -0.118792",-2.2770255568729105,0.4287455592406712,2.6839240372873845,Glutamate HG,Glutamate HG,45,GLU,45,A,9,22,6,0,12,37,10,0,16,59,13,0,22,79,16,0,25,101,22,0,0,0,0.015927874
1QT8,735,H,-2.869845,13.938968,14.530536,156,['728'],,"0.073043, 0.203321, -0.012050",-2.6728973206786635,-0.057385176842222,1.018533798693792,Glutamate HG,Glutamate HG,45,GLU,45,A,7,24,6,0,12,33,10,0,15,50,13,0,18,69,17,0,22,87,21,0,0,0,0.02389181
1QT8,736,N,0.935586,11.20839,16.42698,7,"['723', '737', '740']",,"0.085899, 0.275562, -0.158467",-0.5614284904770469,-0.8954213758823105,-0.9907340265200828,Alanine N,Leucine N,46,LEU,46,A,9,38,13,0,15,52,17,0,20,76,19,0,27,103,28,0,37,123,33,0,0,0,0.0
1QT8,737,CA,1.959335,10.237101,16.754197,8,"['736', '738', '741', '742']",,"0.043244, 0.259757, -0.668823",0.0,0.0,0.0,Alanine CA,Leucine CA,46,LEU,46,A,8,44,12,0,17,58,16,0,21,85,23,0,32,108,31,0,37,132,38,0,0,0,0.0
1QT8,738,C,1.948211,9.838981,18.230045,9,"['737', '739', '755']",,"0.039880, 0.347442, -0.078893",1.5286433844687246,-5.551115123125783e-17,3.469446951953614e-18,Alanine C,Leucine C,46,LEU,46,A,10,37,10,0,15,60,14,0,21,79,24,0,27,95,28,0,35,116,34,0,0,0,0.0
1QT8,739,O,1.989105,8.648277,18.545551,11,['738'],,"0.060988, 0.430704, -0.115742",2.1430620777066,1.0684016287369935,0.0,Alanine O,Leucine O,46,LEU,46,A,9,36,11,0,16,57,15,0,20,79,21,0,26,93,27,0,34,107,35,0,0,0,0.0
1QT8,740,HN,1.279513,12.123002,16.109337,10,['736'],,"0.102854, 0.250228, -0.151687",-1.108805313713558,-1.680582417819308,-0.6171049070313658,Alanine HN,Leucine HN,46,LEU,46,A,8,35,13,0,14,57,15,0,20,78,21,0,27,104,28,0,35,128,36,0,0,0,0.0
1QT8,741,H,1.729896,9.305639,16.183543,12,['737'],,"-0.086606, -0.328971, -0.101640",-0.3066854169384554,1.0371580435331007,-0.2759654827199903,Alanine HA,Leucine HA,46,LEU,46,A,10,44,11,0,16,62,15,0,21,83,24,0,30,104,29,0,39,132,41,0,0,0,0.0
1QT8,742,C,3.355969,10.772888,16.350335,19,"['737', '743', '746', '747']",,"0.259946, 0.021570, -0.082521",-0.5396174218349071,-0.3526011343666175,1.408986952553012,Leucine CB,Leucine CB,46,LEU,46,A,12,45,11,0,18,66,20,0,25,91,26,0,35,121,35,0,40,143,42,0,0,0,0.0
1QT8,743,C,4.522977,9.777665,16.589603,21,"['742', '744', '745', '748']",,"-0.027979, -0.012686, 0.092207",-0.0579095293901846,0.5948513598329465,2.540321096477116,Leucine CG,Leucine CG,46,LEU,46,A,12,47,10,0,16,70,16,0,27,93,28,0,33,117,37,0,42,147,42,0,0,0,0.0
1QT8,744,C,4.330864,8.497439,15.753305,23,"['743', '749', '750', '751']",,"-0.003402, -0.011468, 0.073187",-0.5305037903617061,2.0390906983445567,2.283206806245455,Leucine CD,Leucine CD,46,LEU,46,A,9,45,6,0,19,71,18,0,28,94,31,0,37,124,36,0,43,158,45,0,0,0,0.0
1QT8,745,C,5.833756,10.474823,16.174146,23,"['743', '752', '753', '754']",,"-0.012269, -0.064048, 0.084201",-0.650124195210773,0.0859442004522915,3.869633202557597,Leucine CD,Leucine CD,46,LEU,46,A,9,45,10,0,18,67,17,0,26,87,26,0,34,126,36,0,40,155,41,0,0,0,0.0
1QT8,746,H,3.553845,11.705228,16.934691,20,['742'],,"-0.031994, 0.045152, 0.082653",-0.21970221765276,-1.395507709769091,1.6537007830313455,Leucine HB,Leucine HB,46,LEU,46,A,12,42,14,0,14,62,15,0,25,88,24,0,31,116,35,0,39,134,39,0,0,0,0.0
1QT8,747,H,3.333453,11.091848,15.280161,20,['742'],,"-0.033949, 0.021587, 0.002926",-1.655736499772086,-0.3831042793894326,1.3796168292917392,Leucine HB,Leucine HB,46,LEU,46,A,12,44,11,0,18,71,19,0,25,97,27,0,34,122,35,0,42,155,42,0,0,0,0.0
1QT8,748,H,4.590775,9.507099,17.671846,22,['743'],,"0.029370, 0.017956, 0.067124",1.0569284605209042,0.5774547267698876,2.617041717030322,Leucine HG,Leucine HG,46,LEU,46,A,14,52,12,0,19,68,18,0,26,92,23,0,29,108,35,0,39,132,39,0,0,0,0.0
1QT8,749,H,5.217186,7.83094,15.818726,24,['744'],,"0.009776, -0.003772, 0.037402",-0.3002090129553003,2.7026909399826944,3.143826668160772,Leucine HD,Leucine HD,46,LEU,46,A,9,41,10,0,20,71,21,0,29,100,28,0,38,122,36,0,46,153,44,0,0,0,0.0
1QT8,750,H,4.161415,8.737556,14.683455,24,['744'],,"-0.003741, 0.017347, 0.047220",-1.6247069440588782,2.078324125952612,2.103962960082514,Leucine HD,Leucine HD,46,LEU,46,A,12,48,8,0,17,71,16,0,29,100,29,0,35,129,37,0,47,164,45,0,0,0,0.0
1QT8,751,H,3.465709,7.894121,16.105577,24,['744'],,"0.000073, -0.018071, 0.051639",-0.0269743989703232,2.492814797250602,1.4016321133181222,Leucine HD,Leucine HD,46,LEU,46,A,6,44,7,0,17,62,18,0,27,94,28,0,37,116,37,0,43,144,47,0,0,0,0.0
1QT8,752,H,6.720032,9.822662,16.33558,24,['745'],,"-0.000270, -0.022873, 0.022284",-0.3308663132963374,0.7107555533415439,4.732503547736529,Leucine HD,Leucine HD,46,LEU,46,A,10,46,10,0,18,64,15,0,25,91,25,0,33,119,31,0,42,147,39,0,0,0,0.0
1QT8,753,H,5.977063,11.371058,16.814111,24,['745'],,"-0.057135, -0.087625, 0.106051",-0.2667202921116246,-0.9389025438482268,4.059422218267055,Leucine HD,Leucine HD,46,LEU,46,A,10,45,9,0,16,64,18,0,24,85,23,0,33,112,34,0,37,143,40,0,0,0,0.0
1QT8,754,H,5.834398,10.802298,15.1102,24,['745'],,"-0.010238, -0.029405, 0.017746",-1.762616541100222,0.0465912168938819,3.8638451348799214,Leucine HD,Leucine HD,46,LEU,46,A,9,46,10,0,17,67,16,0,23,96,28,0,34,133,34,0,45,158,41,0,0,0,0.0
1QT8,755,N,1.885556,10.83423,19.147242,7,"['738', '756', '759']",,"0.147155, 0.314435, -0.089714",-0.5384537839790564,-1.094534552676031,-0.7974555630584814,Alanine N,Aspartate N,47,ASP,47,A,13,40,8,0,15,59,14,0,20,74,21,0,25,88,25,0,29,104,27,0,0,0,0.0
1QT8,756,CA,1.820468,10.624666,20.587978,8,"['755', '757', '760', '761']",,"0.736289, 0.443079, 0.005533",0.0,0.0,0.0,Alanine CA,Aspartate CA,47,ASP,47,A,11,40,11,0,16,51,13,0,19,61,17,0,22,78,22,0,24,92,26,0,0,0,0.0
1QT8,757,C,0.536383,9.882651,20.997001,9,"['756', '758', '767']",,"0.118477, 0.309512, -0.331737",1.538427886505897,-5.551115123125783e-17,0.0,Alanine C,Aspartate C,47,ASP,47,A,10,36,9,0,12,43,13,0,17,51,15,0,18,64,20,0,21,84,22,0,0,0,0.010063569
1QT8,758,O,0.538801,9.056391,21.924872,11,['757'],,"0.162658, 0.296679, -0.403382",2.181625390322861,1.062992473185311,1.1102230246251563e-16,Alanine O,Aspartate O,47,ASP,47,A,9,31,9,0,11,40,11,0,15,46,14,0,18,55,19,0,20,75,20,0,0,0,0.051340744
1QT8,759,HN,1.900473,11.812731,18.83271,10,['755'],,"0.035282, 0.340159, -0.136371",-1.1064803683649802,-1.7859336224596347,-0.2915600910020223,Alanine HN,Aspartate HN,47,ASP,47,A,13,39,9,0,16,63,15,0,19,71,21,0,27,91,24,0,30,109,30,0,0,0,0.0
1QT8,760,H,2.659838,9.94296,20.871801,12,['756'],,"0.306067, -0.260620, 0.182343",-0.2963390211070846,0.9588512350030112,-0.4925525924888598,Alanine HA,Aspartate HA,47,ASP,47,A,14,41,11,0,17,50,14,0,18,62,17,0,21,81,22,0,25,93,25,0,0,0,0.0
1QT8,761,C,1.9471,11.951824,21.388689,137,"['756', '762', '765', '766']",,"-0.390454, -0.120971, 0.289732",-0.5329259739298526,-0.0099137112801152,1.4609632954145613,Aspartate CB,Aspartate CB,47,ASP,47,A,12,34,9,0,14,46,12,0,16,60,17,0,22,71,22,0,25,81,25,0,0,0,0.0037738383
1QT8,762,C,3.208497,12.76699,21.172785,139,"['761', '763', '764']",,"-0.397832, -0.164808, 0.019406",-2.0363543037946554,0.0805679146626713,1.6446719471097864,Aspartate CG,Aspartate CG,47,ASP,47,A,12,33,9,0,16,45,13,0,19,61,19,0,23,77,22,0,26,87,25,0,0,0,0.0
1QT8,763,O,4.263968,12.194454,20.780098,140,['762'],,"-0.805485, 0.257075, -0.086053",-2.745586243339206,0.6143713726523471,0.7457484201765209,Aspartate OD,Aspartate OD,47,ASP,47,A,13,33,11,0,19,51,13,0,21,66,19,0,23,78,23,0,27,97,26,0,0,0,0.0
1QT8,764,O,3.169293,14.007221,21.428192,140,['762'],,"-0.440256, -0.393637, 0.071656",-2.533915097172192,-0.3595419302692445,2.723411583868128,Aspartate OD,Aspartate OD,47,ASP,47,A,10,29,8,0,13,39,13,0,20,52,17,0,23,72,19,0,26,85,23,0,0,0,0.15179002
1QT8,765,H,1.883969,11.713266,22.477808,138,['761'],,"-0.016554, -0.099911, 0.131235",-0.0756059322086094,0.8493333029094172,2.008346695539605,Aspartate HB,Aspartate HB,47,ASP,47,A,12,29,9,0,14,42,11,0,16,52,14,0,20,63,20,0,23,73,25,0,0,0,0.07609984
1QT8,766,H,1.059135,12.593291,21.165886,138,['761'],,"-0.163314, 0.006071, -0.067588",-0.1603944730529003,-0.9304370652490184,1.9742468094447767,Aspartate HB,Aspartate HB,47,ASP,47,A,13,25,8,0,14,45,11,0,16,58,17,0,21,70,22,0,23,78,24,0,0,0,0.06725103
1QT8,767,N,-0.580449,10.156438,20.267151,7,"['757', '768', '771']",,"-0.003906, 0.316895, -0.170242",-0.5267124149766119,-1.001752687313469,-0.9090538358423818,Alanine N,Lysine N,48,LYS,48,A,8,29,11,0,11,41,16,0,12,47,18,0,17,62,19,0,22,78,25,0,0,0,0.006834929
1QT8,768,CA,-1.84592,9.452023,20.365619,8,"['767', '769', '772', '773']",,"-0.083115, 0.569023, 0.216983",0.0,0.0,0.0,Alanine CA,Lysine CA,48,LYS,48,A,7,22,10,0,8,31,14,0,10,40,16,0,12,53,18,0,18,65,20,0,0,0,0.0012579461
1QT8,769,C,-1.710536,7.99975,19.902372,9,"['768', '770', '789']",,"0.082026, 0.230198, -0.216231",1.530367105303169,0.0,0.0,Alanine C,Lysine C,48,LYS,48,A,7,20,8,0,7,32,13,0,11,40,14,0,14,53,17,0,19,70,24,0,0,0,0.0
1QT8,770,O,-2.259764,7.100616,20.536576,11,['769'],,"0.298139, 0.269957, 0.004847",2.143055553971996,1.066264941008466,1.3877787807814457e-17,Alanine O,Lysine O,48,LYS,48,A,6,16,8,0,7,26,9,0,10,34,13,0,12,45,15,0,15,64,21,0,0,0,0.16964768
1QT8,771,HN,-0.572391,10.949684,19.611049,10,['767'],,"0.007686, 0.316576, -0.198117",-1.0801623275870988,-1.74703675514673,-0.4640607631442243,Alanine HN,Lysine HN,48,LYS,48,A,8,30,13,0,11,38,15,0,13,52,18,0,17,67,20,0,23,84,24,0,0,0,0.0
1QT8,772,H,-2.130804,9.400575,21.442594,12,['768'],,"-0.111106, -0.102266, 0.334538",-0.3023834153082669,1.0044535395672374,-0.3785740321025187,Alanine HA,Lysine HA,48,LYS,48,A,7,20,9,0,9,26,13,0,10,35,15,0,11,46,16,0,16,56,19,0,0,0,0.116804406
1QT8,773,C,-2.988083,10.167424,19.569616,182,"['768', '774', '778', '779']",,"-0.198008, 0.140358, -0.076530",-0.5389831939445657,-0.1786919600351201,1.4586027510748498,Lysine CB,Lysine CB,48,LYS,48,A,7,18,8,0,8,24,13,0,9,33,16,0,13,49,18,0,17,63,19,0,0,0,0.0
1QT8,774,C,-4.367744,9.455628,19.641466,184,"['773', '775', '780', '781']",,"0.033996, -0.008173, 0.140109",-0.0073108992941832,0.8694213909538715,2.475491839233841,Lysine CG,Lysine CG,48,LYS,48,A,6,13,7,0,6,19,7,0,8,24,13,0,9,35,16,0,13,48,18,0,0,0,0.0050317845
1QT8,775,C,-5.595105,10.355533,19.346458,186,"['774', '776', '782', '783']",,"-0.070400, 0.040314, 0.409036",-0.8805727461294572,1.06909787794763,3.740725730976264,Lysine CD,Lysine CD,48,LYS,48,A,2,8,5,0,4,16,7,0,7,17,9,0,8,25,13,0,11,41,18,0,0,0,0.008805623
1QT8,776,C,-5.597302,11.111255,17.999733,188,"['775', '777', '784', '785']",,"-0.053226, -0.227883, -0.431949",-1.190266921492115,-0.1901023238309467,4.579351489765746,Lysine CE,Lysine CE,48,LYS,48,A,3,10,4,0,5,15,8,0,6,19,11,0,11,32,14,0,14,47,16,0,0,0,0.0075476766
1QT8,777,N,-5.656732,10.236836,16.83893,190,"['776', '786', '787', '788']",,"0.172988, 0.143740, -0.458685",-0.0143479316158294,-0.7882626775703185,5.191742572108329,Lysine NZ,Lysine NZ,48,LYS,48,A,3,8,5,0,4,14,7,0,7,21,12,0,12,35,12,0,14,48,15,0,0,0,0.0022783095
1QT8,778,H,-2.67906,10.271349,18.500591,183,['773'],,"0.066523, -0.023198, -0.044058",-0.2866699279680962,-1.2063314309224864,1.818332099982638,Lysine HB,Lysine HB,48,LYS,48,A,7,19,10,0,7,29,14,0,11,41,16,0,16,56,18,0,18,69,20,0,0,0,0.0
1QT8,779,H,-3.081133,11.209398,19.9592,183,['773'],,"0.041617, 0.010605, -0.011094",-1.6539456114175797,-0.137021510040242,1.4230191389485316,Lysine HB,Lysine HB,48,LYS,48,A,6,18,7,0,8,21,13,0,9,33,15,0,13,47,18,0,16,61,19,0,0,0,0.07344519
1QT8,780,H,-4.504766,9.03757,20.670777,185,['774'],,"-0.048766, -0.072197, 0.072245",0.0657163672889299,1.862792391745558,1.9646986054390665,Lysine HG,Lysine HG,48,LYS,48,A,5,11,7,0,7,19,7,0,8,22,11,0,8,28,15,0,11,41,17,0,0,0,0.14246598
1QT8,781,H,-4.360616,8.561127,18.974927,185,['774'],,"0.026135, 0.007250, 0.077742",1.0439380817398765,0.6195318633957041,2.752778495597986,Lysine HG,Lysine HG,48,LYS,48,A,6,13,7,0,6,18,7,0,9,26,11,0,10,39,17,0,16,51,18,0,0,0,0.069020785
1QT8,782,H,-5.695434,11.10395,20.167272,187,['775'],,"-0.050473, 0.023266, 0.042494",-1.848136908416953,1.5338559448318203,3.437824645060464,Lysine HD,Lysine HD,48,LYS,48,A,2,7,5,0,4,14,5,0,7,17,9,0,8,24,13,0,10,35,17,0,0,0,0.20883213
1QT8,783,H,-6.523737,9.737766,19.419213,187,['775'],,"-0.093939, -0.020108, 0.058050",-0.3985048281367671,1.834639391761283,4.3971124011700535,Lysine HD,Lysine HD,48,LYS,48,A,1,4,4,0,2,10,5,0,6,16,7,0,7,19,10,0,9,28,14,0,0,0,0.21945071
1QT8,784,H,-4.685749,11.744286,17.903615,189,['776'],,"-0.075160, -0.010446, -0.153153",-1.6812587628360574,-0.9684862740178082,3.951704115423128,Lysine HE,Lysine HE,48,LYS,48,A,5,13,5,0,5,18,10,0,8,30,13,0,12,39,15,0,14,52,17,0,0,0,0.025661575
1QT8,785,H,-6.456386,11.819104,17.943391,189,['776'],,"-0.029807, -0.003445, -0.111982",-1.9209386359350904,0.0418509856273399,5.388404303100767,Lysine HE,Lysine HE,48,LYS,48,A,2,7,4,0,3,10,5,0,5,15,7,0,7,27,12,0,12,35,14,0,0,0,0.19555889
1QT8,786,HN,-5.22914,10.711323,16.047378,191,['777'],,"0.420291, 0.248954, -0.611912",-0.1871897637242106,-1.7801176126694582,5.336230942332039,Lysine HN,Lysine HN,48,LYS,48,A,3,8,6,0,5,19,8,0,10,33,12,0,12,40,13,0,16,55,17,0,0,0,0.0
1QT8,787,HN,-6.598711,9.995387,16.55533,191,['777'],,"0.147067, 0.091717, -0.015515",0.2172944152515092,-0.4012374768359272,6.098717948387254,Lysine HN,Lysine HN,48,LYS,48,A,2,6,4,0,3,8,5,0,5,16,9,0,9,27,12,0,13,38,12,0,0,0,0.2495367
1QT8,788,HN,-5.102704,9.395281,16.921449,191,['777'],,"-0.017876, 0.192183, -0.087443",0.8082961566629768,-0.7876133336959708,4.604181927968114,Lysine HN,Lysine HN,48,LYS,48,A,3,10,5,0,6,17,9,0,8,24,12,0,13,42,12,0,15,54,17,0,0,0,0.0929126
1QT8,789,N,-1.019759,7.7698,18.760512,7,"['769', '790', '793']",,"0.049257, 0.278336, -0.231535",-0.5906763192950129,-0.9595040626453488,-0.9151463520072418,Alanine N,Alanine N,49,ALA,49,A,8,30,9,0,10,40,14,0,14,54,16,0,17,67,20,0,25,90,27,0,0,0,0.0
1QT8,790,CA,-0.865873,6.478398,18.115811,8,"['789', '791', '794', '795']",,"-0.323268, 0.394014, -0.546265",0.0,0.0,0.0,Alanine CA,Alanine CA,49,ALA,49,A,8,31,7,0,11,37,9,0,12,53,17,0,18,78,23,0,26,97,28,0,0,0,0.0
1QT8,791,C,-0.044619,5.471809,18.925594,9,"['790', '792', '799']",,"0.079350, 0.438574, -0.055021",1.5308259386768956,-2.775557561562892e-17,0.0,Alanine C,Alanine C,49,ALA,49,A,7,23,6,0,9,39,11,0,14,62,15,0,19,78,22,0,26,95,29,0,0,0,0.0
1QT8,792,O,-0.429014,4.296766,19.021417,11,['791'],,"0.394361, 0.413248, 0.199909",2.1479406866948887,1.0755635745885457,0.0,Alanine O,Alanine O,49,ALA,49,A,6,21,6,0,10,35,9,0,13,55,15,0,19,69,18,0,25,89,27,0,0,0,0.20759518
1QT8,793,HN,-0.645634,8.564733,18.22745,10,['789'],,"0.064616, 0.255672, -0.225309",-1.1946533508915134,-1.6626226143748193,-0.4714357103997525,Alanine HN,Alanine HN,49,ALA,49,A,9,33,12,0,10,49,15,0,16,58,17,0,21,73,18,0,28,100,27,0,0,0,0.0
1QT8,794,H,-1.885598,6.035863,18.015939,12,['790'],,"-0.316302, -0.162762, -0.019888",-0.3089031926253562,1.016242602880158,-0.3427542967071665,Alanine HA,Alanine HA,49,ALA,49,A,8,22,7,0,11,36,8,0,11,43,15,0,15,65,20,0,23,87,26,0,0,0,0.12742299
1QT8,795,C,-0.245486,6.625851,16.701158,13,"['790', '796', '797', '798']",,"0.022535, 0.024431, -0.315272",-0.5124627124466166,-0.2148132184480808,1.4488280701721776,Alanine CB,Alanine CB,49,ALA,49,A,10,29,7,0,11,46,11,0,15,63,19,0,22,89,27,0,35,113,31,0,0,0,0.008805623
1QT8,796,H,-0.180216,5.641407,16.186687,14,['795'],,"-0.020628, -0.001749, 0.018659",-0.1022763781036546,0.5561727074817229,2.1383195095776624,Alanine HB,Alanine HB,49,ALA,49,A,8,32,6,0,12,46,12,0,15,68,21,0,24,91,26,0,33,113,34,0,0,0,0.030970866
1QT8,797,H,0.781294,7.056105,16.743916,14,['795'],,"0.017175, 0.024283, 0.060679",-0.2219117563970811,-1.2147189001074017,1.845051099795784,Alanine HB,Alanine HB,49,ALA,49,A,8,37,9,0,12,55,14,0,18,77,21,0,30,103,30,0,39,121,35,0,0,0,0.0
1QT8,798,H,-0.865818,7.294558,16.06178,14,['795'],,"-0.059388, 0.057405, 0.026884",-1.6231838197689816,-0.1433452924931574,1.4932805871457102,Alanine HB,Alanine HB,49,ALA,49,A,9,34,9,0,11,45,12,0,17,60,17,0,20,87,24,0,29,111,32,0,0,0,0.050438266
1QT8,799,N,1.129383,5.923286,19.436469,7,"['791', '800', '803']",,"0.223295, 0.212863, -0.129842",-0.5764619441635486,-1.1982209843322018,-0.590317790538412,Alanine N,Isoleucine N,50,ILE,50,A,6,27,8,0,11,39,13,0,17,61,18,0,23,80,20,0,30,100,32,0,0,0,0.0
1QT8,800,CA,2.114452,5.137068,20.163117,8,"['799', '801', '804', '805']",,"0.162653, 0.000852, -0.463190",0.0,0.0,0.0,Alanine CA,Isoleucine CA,50,ILE,50,A,6,30,9,0,13,42,11,0,17,56,16,0,24,76,22,0,29,97,27,0,0,0,0.0
1QT8,801,C,1.775147,4.960385,21.6496,9,"['800', '802', '818']",,"0.068496, 0.124977, -0.227825",1.5349190450323429,-2.4286128663675305e-17,0.0,Alanine C,Isoleucine C,50,ILE,50,A,7,20,8,0,11,35,10,0,13,46,14,0,17,59,17,0,24,78,24,0,0,0,0.008805623
1QT8,802,O,2.198991,3.978651,22.261568,11,['801'],,"-0.144004, 0.142881, -0.053237",2.1468883547402755,1.0693193068918174,0.0,Alanine O,Isoleucine O,50,ILE,50,A,5,19,8,0,10,28,8,0,13,43,13,0,17,56,16,0,21,72,22,0,0,0,0.23438166
1QT8,803,HN,1.393027,6.906307,19.28543,10,['799'],,"0.084817, 0.323331, -0.123197",-0.8941697308890176,-1.90084070311634,0.0908859364975623,Alanine HN,Isoleucine HN,50,ILE,50,A,6,32,10,0,11,48,14,0,16,65,18,0,26,84,22,0,31,102,33,0,0,0,0.0
1QT8,804,H,2.120043,4.09899,19.750458,12,['800'],,"0.037494, -0.331972, -0.065174",-0.2813809032312193,0.8801379973162855,-0.6277790507996135,Alanine HA,Isoleucine HA,50,ILE,50,A,7,30,9,0,13,42,11,0,19,59,15,0,23,77,21,0,30,92,31,0,0,0,0.052208032
1QT8,805,C,3.557748,5.745934,19.99703,25,"['800', '806', '807', '809']",,"0.380484, 0.041037, -0.229699",-0.5499829619751794,0.2327842197842757,1.45764751901735,Isoleucine CB,Isoleucine CB,50,ILE,50,A,10,36,12,0,15,46,13,0,21,62,18,0,24,86,23,0,34,108,31,0,0,0,0.0
1QT8,806,C,3.975765,5.868371,18.495568,27,"['805', '808', '810', '811']",,"-0.050212, 0.037344, 0.062605",-2.1105639845082123,0.3198998501450606,1.491037753496869,Isoleucine CG1,Isoleucine CG1,50,ILE,50,A,12,41,11,0,17,53,14,0,22,78,22,0,31,100,29,0,37,128,39,0,0,0,0.0
1QT8,807,C,4.638711,4.921473,20.743629,29,"['805', '812', '813', '814']",,"0.146224, -0.049745, 0.111048",0.0290044552056883,1.5140977012913126,2.11235077053329,Isoleucine CG2,Isoleucine CG2,50,ILE,50,A,10,31,9,0,14,49,13,0,19,60,17,0,25,76,23,0,29,96,28,0,0,0,0.0
1QT8,808,C,3.978277,4.551163,17.702813,31,"['806', '815', '816', '817']",,"0.022927, 0.001696, 0.012440",-2.727235532642566,1.4294430305043155,0.6237812469932577,Isoleucine CD,Isoleucine CD,50,ILE,50,A,8,33,6,0,18,56,13,0,24,79,21,0,31,101,32,0,40,127,39,0,0,0,0.0
1QT8,809,H,3.545762,6.775755,20.440653,26,['805'],,"-0.001809, 0.003112, 0.037198",-0.2362510453281645,-0.6431016846049676,2.0836447149657267,Isoleucine HB,Isoleucine HB,50,ILE,50,A,11,33,12,0,13,45,17,0,19,60,19,0,25,84,22,0,29,104,28,0,0,0,0.0
1QT8,810,H,4.991264,6.322832,18.443695,28,['806'],,"0.015513, -0.010426, -0.011489",-2.4375960552493883,0.462647031756809,2.546090877514632,Isoleucine HG1,Isoleucine HG1,50,ILE,50,A,13,40,9,0,18,57,17,0,21,81,24,0,33,109,28,0,39,126,37,0,0,0,0.0
1QT8,811,H,3.312596,6.598123,17.978033,28,['806'],,"-0.019688, 0.057338, 0.009166",-2.5491703049228587,-0.6581090538427882,1.188884382337766,Isoleucine HG1,Isoleucine HG1,50,ILE,50,A,9,40,11,0,14,57,15,0,24,79,22,0,32,107,31,0,39,132,42,0,0,0,0.0
1QT8,812,H,5.660701,5.337794,20.595218,30,['807'],,"0.107618, -0.053227, 0.024881",-0.3885638789552146,1.6909990908867003,3.1292849595186487,Isoleucine HG2,Isoleucine HG2,50,ILE,50,A,11,32,11,0,16,49,14,0,20,61,17,0,24,80,23,0,28,106,31,0,0,0,0.0
1QT8,813,H,4.668841,3.857687,20.426158,30,['807'],,"0.045092, 0.021036, 0.024655",-0.1626575111091519,2.4306943124456626,1.5153142141770743,Isoleucine HG2,Isoleucine HG2,50,ILE,50,A,8,30,8,0,15,48,12,0,20,63,18,0,24,77,21,0,29,92,30,0,0,0,0.019467402
1QT8,814,H,4.469992,4.908303,21.840251,30,['807'],,"-0.013304, -0.034349, 0.002172",1.1298338971880149,1.4569049055735792,2.2393266915886976,Isoleucine HG2,Isoleucine HG2,50,ILE,50,A,8,23,8,0,12,42,12,0,16,53,16,0,21,67,22,0,26,85,26,0,0,0,0.0017697638
1QT8,815,H,4.470921,4.682196,16.714548,32,['808'],,"0.003273, -0.015499, 0.014819",-3.8083003636018,1.5575213269148938,0.8505636301310252,Isoleucine HD,Isoleucine HD,50,ILE,50,A,8,38,8,0,18,62,14,0,27,80,23,0,36,114,36,0,43,142,40,0,0,0,0.0
1QT8,816,H,2.94825,4.176231,17.515701,32,['808'],,"0.011116, -0.001651, 0.001807",-2.6375900134600854,1.2070079420554964,-0.462048775714841,Isoleucine HD,Isoleucine HD,50,ILE,50,A,8,32,7,0,17,57,15,0,22,76,20,0,29,94,29,0,39,119,37,0,0,0,0.010618582
1QT8,817,H,4.532741,3.745231,18.227233,32,['808'],,"0.003764, 0.002159, 0.011162",-2.24916244255296,2.415658540254404,0.7992752388577866,Isoleucine HD,Isoleucine HD,50,ILE,50,A,9,37,7,0,16,56,15,0,25,76,21,0,27,94,25,0,35,114,37,0,0,0,0.01415811
1QT8,818,N,1.001545,5.905258,22.242239,1,"['801', '819', '822']",,"-0.182989, 0.057797, -0.183067",-0.6131812025572306,-0.9846955237044964,0.8604015851198759,Glycine N,Glycine N,51,GLY,51,A,7,23,7,0,10,36,10,0,12,45,14,0,16,60,18,0,24,70,21,0,0,0,0.0022783095
1QT8,819,CA,0.662104,5.871763,23.645651,2,"['818', '820', '823', '824']",,"-0.347909, -0.443253, -0.413579",0.0,0.0,0.0,Glycine CA,Glycine CA,51,GLY,51,A,7,21,6,0,8,27,8,0,12,36,13,0,13,48,15,0,17,59,19,0,0,0,0.017611247
1QT8,820,C,1.749969,6.380522,24.587849,3,"['819', '821', '825']",,"-0.225880, 0.086463, -0.404353",1.526441302346735,0.0,-1.1102230246251563e-16,Glycine C,Glycine C,51,GLY,51,A,7,21,6,0,10,29,9,0,10,34,14,0,14,43,15,0,15,56,17,0,0,0,0.030190706
1QT8,821,O,1.982172,5.792275,25.654826,5,['820'],,"0.153597, 0.384479, -0.282100",2.1544596579128523,1.0695726388698588,0.0,Glycine O,Glycine O,51,GLY,51,A,4,11,4,0,8,21,8,0,10,31,11,0,12,36,12,0,14,45,17,0,0,0,0.3102767
1QT8,822,HN,0.673085,6.741306,21.742302,4,['818'],,"-0.044238, 0.137548, -0.101038",-0.8772023833090965,-1.859515263767464,0.389463720446037,Glycine HN,Glycine HN,51,GLY,51,A,8,26,9,0,9,38,12,0,13,48,15,0,17,56,20,0,22,79,22,0,0,0,0.0
1QT8,823,H,-0.268027,6.453726,23.830584,6,['819'],,"-0.162722, 0.016808, 0.074060",-0.3547693205309958,-0.129207021202259,-1.0466465974248496,Glycine HA,Glycine HA,51,GLY,51,A,6,20,6,0,7,26,8,0,9,32,13,0,13,44,15,0,18,55,17,0,0,0,0.1610485
1QT8,824,H,0.415,4.827216,23.94593,6,['819'],,"-0.009995, -0.242885, 0.084751",-0.3389034390616165,1.0193807100630607,0.2971762554605238,Glycine HA,Glycine HA,51,GLY,51,A,4,16,6,0,8,23,7,0,10,31,9,0,13,42,14,0,14,55,17,0,0,0,0.16989732
1QT8,825,N,2.443191,7.487386,24.216609,7,"['820', '826', '829']",,"-0.020849, 0.124567, -0.236780",-0.475632812064871,1.3320620601954305,0.3916816259823466,Alanine N,Arginine N,52,ARG,52,A,7,21,10,0,7,27,11,0,10,36,16,0,10,44,17,0,16,56,17,0,0,0,0.010252393
1QT8,826,CA,3.465473,8.158143,25.028431,8,"['825', '827', '830', '831']",,"-0.141746, -0.671872, 0.218950",0.0,0.0,0.0,Alanine CA,Arginine CA,52,ARG,52,A,6,18,8,0,9,23,10,0,9,29,16,0,11,41,17,0,15,51,17,0,0,0,0.0012579461
1QT8,827,C,3.874318,9.4676,24.332814,9,"['826', '828', '849']",,"0.078983, -0.103058, 0.342116",1.5380880597556823,0.0,0.0,Alanine C,Arginine C,52,ARG,52,A,8,21,9,0,9,26,13,0,11,38,17,0,14,50,18,0,18,58,20,0,0,0,0.023900976
1QT8,828,O,3.596251,9.655796,23.14661,11,['827'],,"0.113464, 0.057841, 0.159150",2.160869004415744,1.063937411453006,0.0,Alanine O,Arginine O,52,ARG,52,A,9,26,12,0,11,36,16,0,14,47,17,0,16,57,20,0,19,71,21,0,0,0,0.0
1QT8,829,HN,2.237249,7.97416,23.329857,10,['825'],,"-0.006429, 0.219015, -0.255231",0.2850850306429495,2.015356752814451,0.533480324032203,Alanine HN,Arginine HN,52,ARG,52,A,7,26,10,0,10,34,14,0,10,40,17,0,13,50,17,0,18,66,19,0,0,0,0.0
1QT8,830,H,3.009529,8.423514,26.015917,12,['826'],,"-0.132131, 0.059109, 0.336817",-0.3418728574477904,-0.7347454771774983,0.7724683372674209,Alanine HA,Arginine HA,52,ARG,52,A,4,16,6,0,7,20,9,0,9,24,12,0,9,32,16,0,11,43,17,0,0,0,0.15485433
1QT8,831,C,4.712261,7.246213,25.23841,202,"['826', '832', '838', '839']",,"0.207685, -0.274190, 0.221461",-0.5399268519937093,-0.4052249194538886,-1.4051546468039569,Arginine CB,Arginine CB,52,ARG,52,A,4,17,7,0,8,21,11,0,9,27,14,0,10,42,15,0,14,52,17,0,0,0,0.0037738383
1QT8,832,C,5.501954,6.889251,23.958943,204,"['831', '833', '840', '841']",,"-0.216559, 0.025329, 0.036412",-0.0552636778914326,0.4680440246344405,-2.5843813708659384,Arginine CG,Arginine CG,52,ARG,52,A,4,21,9,0,7,29,12,0,12,40,14,0,15,51,15,0,17,65,21,0,0,0,0.0
1QT8,833,C,6.587602,5.810074,24.196884,206,"['832', '834', '842', '843']",,"-0.059044, -0.180002, 0.024514",-0.7930562364698102,0.1599966780994585,-3.9112722742612136,Arginine CD,Arginine CD,52,ARG,52,A,3,15,5,0,5,24,10,0,8,35,12,0,14,50,17,0,17,63,19,0,0,0,0.018869191
1QT8,834,N,7.444403,5.689564,23.02439,208,"['833', '835', '844']",,"-0.087681, -0.214308, -0.029710",-0.1376302391227302,0.8383285607811691,-5.021972689619051,Arginine NE,Arginine NE,52,ARG,52,A,4,24,7,0,7,29,10,0,11,45,13,0,17,58,17,0,19,73,25,0,0,0,0.020504786
1QT8,835,C,8.415131,6.515097,22.626912,210,"['834', '836', '837']",,"-0.002803, -0.282426, -0.143355",1.0029869690660342,0.5061378892221677,-5.630617156175553,Arginine CZ,Arginine CZ,52,ARG,52,A,5,24,6,0,8,34,11,0,11,49,12,0,15,56,19,0,19,74,25,0,0,0,0.050317846
1QT8,836,N,8.67531,7.644169,23.294263,211,"['835', '845', '846']",,"0.072148, -0.156657, -0.003770",1.7315690612838242,-0.5326655377852629,-5.208823811795672,Arginine NH,Arginine NH,52,ARG,52,A,5,18,6,0,9,34,8,0,11,46,14,0,13,53,18,0,18,59,21,0,0,0,0.048983656
1QT8,837,N,9.139527,6.238325,21.541706,211,"['835', '847', '848']",,"-0.102582, -0.253490, -0.084377",1.4507067127765392,1.2156968906469008,-6.667486203753372,Arginine NH,Arginine NH,52,ARG,52,A,5,25,7,0,9,36,10,0,13,49,14,0,15,68,19,0,21,84,25,0,0,0,0.015948167
1QT8,838,H,4.389745,6.310814,25.754215,203,['831'],,"-0.033969, -0.032747, 0.090631",-1.6552898756950334,-0.4085901646965569,-1.3735847566188852,Arginine HB,Arginine HB,52,ARG,52,A,3,11,5,0,4,18,9,0,8,26,13,0,9,32,14,0,13,46,16,0,0,0,0.08760331
1QT8,839,H,5.399505,7.723865,25.977734,203,['831'],,"0.012927, -0.093917, 0.075124",-0.284964411612833,-1.4738803731355836,-1.6052181390443074,Arginine HB,Arginine HB,52,ARG,52,A,3,12,7,0,5,20,9,0,8,23,12,0,10,35,14,0,13,47,16,0,0,0,0.11503465
1QT8,840,H,5.948853,7.821532,23.542023,205,['832'],,"-0.046107, -0.021991, -0.025058",1.0457857269007789,0.336479212264769,-2.6987044827674804,Arginine HG,Arginine HG,52,ARG,52,A,6,23,11,0,9,32,12,0,13,44,15,0,14,55,19,0,18,69,24,0,0,0,0.0
1QT8,841,H,4.797176,6.529927,23.176286,205,['832'],,"-0.017018, -0.006078, -0.019411",-0.1945500943941569,1.5428139710509634,-2.331702518631223,Arginine HG,Arginine HG,52,ARG,52,A,5,24,8,0,8,34,14,0,12,43,15,0,16,58,20,0,17,73,23,0,0,0,0.0
1QT8,842,H,6.111212,4.825799,24.40819,207,['833'],,"-0.061202, -0.123036, 0.107547",-1.853218880399324,0.4953818115147896,-3.84828883150548,Arginine HD,Arginine HD,52,ARG,52,A,3,14,5,0,5,19,7,0,6,32,11,0,12,46,16,0,18,62,18,0,0,0,0.14423575
1QT8,843,H,7.19784,6.035786,25.10272,207,['833'],,"0.016110, -0.049640, 0.234302",-0.8483599668241792,-0.9371290728510144,-4.1039683211699485,Arginine HD,Arginine HD,52,ARG,52,A,3,13,5,0,3,17,8,0,7,31,11,0,11,38,14,0,14,56,17,0,0,0,0.15839386
1QT8,844,HN,7.358138,4.818335,22.473449,209,['834'],,"0.053248, -0.500415, -0.419234",-0.6531156796032564,1.6227624526923328,-5.456663195635348,Arginine HE,Arginine HE,52,ARG,52,A,5,24,6,0,7,30,10,0,12,43,15,0,17,64,18,0,22,80,24,0,0,0,0.0
1QT8,845,HN,8.126759,7.896629,24.124104,212,['836'],,"0.018541, -0.077450, -0.060092",1.425384819565696,-1.090620453929292,-4.403704033032164,Arginine HH,Arginine HH,52,ARG,52,A,3,12,7,0,9,28,10,0,11,42,12,0,13,51,15,0,15,57,20,0,0,0,0.044244096
1QT8,846,HN,9.521267,8.18254,23.074743,212,['836'],,"0.115263, -0.114855, 0.042225",2.5140605450569806,-0.8718196420505755,-5.78010061096791,Arginine HH,Arginine HH,52,ARG,52,A,6,19,6,0,8,29,7,0,11,43,14,0,12,51,18,0,17,59,19,0,0,0,0.14069621
1QT8,847,HN,8.896193,5.411983,20.968959,212,['837'],,"-0.204314, -0.414523, -0.256842",0.9415468823898488,2.069730886541698,-6.952922472481718,Arginine HH,Arginine HH,52,ARG,52,A,5,28,8,0,10,35,10,0,13,54,16,0,15,73,21,0,25,90,25,0,0,0,0.0
1QT8,848,HN,9.928318,6.831147,21.258242,212,['837'],,"-0.103999, -0.075770, 0.063589",2.2932791149983327,0.9372388529465616,-7.183736020136173,Arginine HH,Arginine HH,52,ARG,52,A,5,24,7,0,8,36,9,0,10,47,13,0,17,69,18,0,20,82,25,0,0,0,0.09556724
1QT8,849,N,4.584868,10.371766,25.056244,7,"['827', '850', '853']",,"-0.097513, -0.027772, 0.226737",-0.4166907171560333,0.5129195666469284,1.3088145839945085,Alanine N,Asparagine N,53,ASN,53,A,7,19,6,0,10,24,9,0,12,31,13,0,16,47,18,0,19,59,18,0,0,0,0.0113915475
1QT8,850,CA,5.225384,11.536151,24.436841,8,"['849', '851', '854', '855']",,"-0.381055, 0.114788, 0.574701",0.0,0.0,0.0,Alanine CA,Asparagine CA,53,ASN,53,A,6,17,6,0,10,24,9,0,14,38,14,0,17,53,17,0,20,62,20,0,0,0,0.0
1QT8,851,C,6.45539,11.008543,23.683863,9,"['850', '852', '863']",,"-0.427956, 0.221991, -0.294240",1.5356629936883954,0.0,-2.4286128663675305e-17,Alanine C,Asparagine C,53,ASN,53,A,8,19,6,0,12,31,12,0,15,43,15,0,18,57,16,0,21,69,21,0,0,0,0.0
1QT8,852,O,7.434264,10.556045,24.311726,11,['851'],,"-0.361612, 0.080806, -0.468429",2.1673090227981007,1.076189569062506,-2.0816681711721685e-17,Alanine O,Asparagine O,53,ASN,53,A,7,16,5,0,10,22,11,0,13,37,14,0,16,51,15,0,19,62,18,0,0,0,0.1428612
1QT8,853,HN,4.70232,10.244121,26.071797,10,['849'],,"-0.001148, -0.048335, 0.185468",-0.7767149420245973,1.477216072905163,1.352983800242402,Alanine HN,Asparagine HN,53,ASN,53,A,6,16,5,0,9,20,7,0,10,25,10,0,12,35,14,0,16,49,18,0,0,0,0.0929126
1QT8,854,H,4.504987,11.984806,23.70522,12,['850'],,"-0.309266, 0.114214, -0.308057",-0.3724203061704089,-1.0521504427189596,-0.0990706602039046,Alanine HA,Asparagine HA,53,ASN,53,A,8,19,8,0,11,34,11,0,18,44,14,0,19,54,18,0,20,63,22,0,0,0,0.0
1QT8,855,C,5.675638,12.625565,25.460308,147,"['850', '856', '859', '860']",,"-0.011051, 0.336942, 0.079254",-0.5154884620958908,0.8511396182530163,-1.2028587712974133,Asparagine CB,Asparagine CB,53,ASN,53,A,4,14,4,0,8,19,7,0,11,22,11,0,14,39,13,0,18,51,16,0,0,0,0.010063569
1QT8,856,C,4.984544,13.963488,25.23121,149,"['855', '857', '858']",,"-0.004739, 0.137130, -0.049200",-1.4163650844993594,0.0550824265155183,-2.1381924139399344,Asparagine CG,Asparagine CG,53,ASN,53,A,2,11,4,0,7,16,7,0,11,25,10,0,14,37,12,0,19,47,15,0,0,0,0.04151222
1QT8,857,O,3.807108,14.107358,25.539878,150,['856'],,"0.013357, 0.049649, -0.005759",-2.5602231628014227,-0.224931200709983,-1.7983231589445332,Asparagine OD1,Asparagine OD1,53,ASN,53,A,3,8,3,0,5,14,6,0,9,25,9,0,13,35,11,0,19,45,17,0,0,0,0.3549208
1QT8,858,N,5.747686,14.943782,24.696864,151,"['856', '861', '862']",,"-0.026727, 0.155818, -0.014347",-0.8799133578680145,-0.2895640079977241,-3.330805539176932,Asparagine ND2,Asparagine ND2,53,ASN,53,A,3,10,5,0,7,16,7,0,9,24,8,0,13,35,13,0,17,47,16,0,0,0,0.072905906
1QT8,859,H,6.77876,12.764776,25.453129,148,['855'],,"-0.010825, -0.009619, 0.004715",0.3237604328784673,1.2992103847702956,-1.7783613932922535,Asparagine HB,Asparagine HB,53,ASN,53,A,4,13,4,0,8,17,5,0,10,20,10,0,13,36,11,0,17,49,16,0,0,0,0.10884047
1QT8,860,H,5.431545,12.332118,26.50651,148,['855'],,"0.034237, 0.056018, 0.008228",-1.1231595222004709,1.7195297742587596,-0.8610026920393554,Asparagine HB,Asparagine HB,53,ASN,53,A,4,9,4,0,5,17,6,0,11,20,8,0,11,26,13,0,15,41,14,0,0,0,0.1663578
1QT8,861,HN,6.718604,14.779573,24.404978,152,['858'],,"-0.037871, 0.048843, 0.020408",0.0972910745209478,-0.0812374102549006,-3.568535052265373,Asparagine HD2,Asparagine HD2,53,ASN,53,A,4,10,6,0,6,18,7,0,10,25,9,0,13,36,12,0,17,49,15,0,0,0,0.09733701
1QT8,862,HN,5.355122,15.891316,24.602043,152,['858'],,"0.047604, 0.178212, 0.014228",-1.4733928327683057,-0.7520230310355265,-4.034248473732391,Asparagine HD2,Asparagine HD2,53,ASN,53,A,3,8,4,0,5,16,7,0,9,22,9,0,11,29,11,0,17,41,15,0,0,0,0.28227732
1QT8,863,N,6.409815,11.067077,22.328997,7,"['851', '864', '867']",,"-0.435494, -0.053745, -0.195251",-0.5477665078463795,-1.0026220658634235,-0.8986056483973057,Alanine N,Threonine N,54,THR,54,A,10,30,11,0,16,42,14,0,19,53,17,0,22,69,20,0,23,77,25,0,0,0,0.0
1QT8,864,CA,7.468062,10.658123,21.420338,8,"['863', '865', '868', '869']",,"-0.238207, -0.502744, 0.317385",0.0,0.0,0.0,Alanine CA,Threonine CA,54,THR,54,A,12,35,12,0,13,46,14,0,19,56,19,0,23,72,21,0,24,88,24,0,0,0,0.0
1QT8,865,C,8.421893,11.809808,21.089618,9,"['864', '866', '877']",,"-0.285795, -0.166969, -0.005985",1.5315180815733134,-1.006139616066548e-16,1.1102230246251563e-16,Alanine C,Threonine C,54,THR,54,A,12,27,10,0,12,42,12,0,17,49,16,0,21,67,19,0,24,86,26,0,0,0,0.0
1QT8,866,O,9.643865,11.622928,21.042379,11,['865'],,"-0.330471, 0.055907, -0.014110",2.162232648795196,1.064222890657362,0.0,Alanine O,Threonine O,54,THR,54,A,11,22,8,0,11,33,11,0,14,49,15,0,19,64,16,0,22,79,22,0,0,0,0.10268149
1QT8,867,HN,5.565214,11.449646,21.870047,10,['863'],,"-0.470643, 0.169088, -0.251865",-0.686990259907444,-1.9367144341451847,-0.4761921237063815,Alanine HN,Threonine HN,54,THR,54,A,11,34,11,0,17,45,13,0,21,61,19,0,22,68,22,0,24,82,27,0,0,0,0.0
1QT8,868,H,8.098388,9.888962,21.925057,12,['864'],,"0.267725, -0.266347, 0.146099",-0.2948234046281383,1.0111495770432322,-0.3664921173596563,Alanine HA,Threonine HA,54,THR,54,A,11,31,8,0,13,41,14,0,17,56,18,0,20,64,20,0,25,84,24,0,0,0,0.0
1QT8,869,C,6.954031,10.030673,20.081797,37,"['864', '870', '871', '872']",,"-0.358833, -0.536222, -0.100408",-0.5029265966613599,-0.1225675234205711,1.4770427958306311,Threonine CB,Threonine CB,54,THR,54,A,11,43,12,0,18,52,17,0,22,76,21,0,24,87,24,0,27,105,28,0,0,0,0.0
1QT8,870,OH,6.325125,11.011751,19.256372,39,"['869', '873']",,"-0.215169, -0.224717, 0.302008",0.0213945610223151,-1.2910766117588235,2.1087366011043263,Threonine OG1,Threonine OG1,54,THR,54,A,14,41,12,0,19,61,18,0,23,77,20,0,25,89,27,0,31,116,32,0,0,0,0.0
1QT8,871,C,5.946856,8.883356,20.281811,41,"['869', '874', '875', '876']",,"-0.120479, -0.190116, 0.010637",-2.0361576925931484,-0.177768668669345,1.607037485495368,Threonine CG2,Threonine CG2,54,THR,54,A,14,40,11,0,17,56,18,0,20,73,23,0,25,88,25,0,28,105,26,0,0,0,0.0
1QT8,872,H,7.852031,9.63265,19.542305,38,['869'],,"0.148743, -0.067625, -0.022713",-0.1264609705469733,0.7792699683350485,2.025532264655001,Threonine HB,Threonine HB,54,THR,54,A,10,40,13,0,16,55,15,0,21,73,19,0,26,93,25,0,30,109,30,0,0,0,0.0
1QT8,873,HO,5.581601,11.357351,19.74348,40,['870'],,"-0.353036, 0.165130, 0.170072",-0.2869728476855489,-2.044367978115641,1.6117424755262886,Threonine HG1,Threonine HG1,54,THR,54,A,16,41,14,0,21,56,16,0,22,76,23,0,24,89,27,0,28,110,31,0,0,0,0.0
1QT8,874,H,5.677559,8.4165,19.308779,42,['871'],,"0.003616, 0.018188, -0.002770",-2.344827725167212,-0.1788770828531033,2.67567599049962,Threonine HG2,Threonine HG2,54,THR,54,A,16,44,12,0,16,63,20,0,22,81,24,0,27,97,26,0,32,118,31,0,0,0,0.0
1QT8,875,H,5.003738,9.247644,20.749435,42,['871'],,"-0.027978, 0.028042, 0.042154",-2.450571845905655,-1.0998076376946833,1.1391116758022422,Threonine HG2,Threonine HG2,54,THR,54,A,16,41,13,0,17,56,20,0,20,70,21,0,22,84,25,0,25,99,27,0,0,0,0.0
1QT8,876,H,6.366117,8.079944,20.92748,42,['871'],,"0.006535, -0.007107, -0.010617",-2.5186260818986965,0.7019962085376861,1.126020750256557,Threonine HG2,Threonine HG2,54,THR,54,A,13,41,11,0,17,51,15,0,17,67,23,0,23,80,25,0,27,98,26,0,0,0,0.0
1QT8,877,N,7.853321,13.012765,20.813606,7,"['865', '878', '881']",,"-0.209225, -0.006718, 0.162501",-0.5451923727682342,-1.3293878784074002,0.2235395098966081,Alanine N,Asparagine N,55,ASN,55,A,9,28,9,0,13,40,10,0,16,49,14,0,21,63,20,0,25,87,23,0,0,0,0.0
1QT8,878,CA,8.548588,14.170676,20.27479,8,"['877', '879', '882', '883']",,"-0.015420, -0.025463, 0.731853",0.0,0.0,0.0,Alanine CA,Asparagine CA,55,ASN,55,A,5,22,7,0,10,30,9,0,14,42,12,0,17,64,17,0,23,83,23,0,0,0,0.0
1QT8,879,C,8.880288,14.001228,18.776237,9,"['878', '880', '891']",,"-0.218594, -0.342024, 0.228101",1.5441498011893158,-1.3877787807814457e-17,0.0,Alanine C,Asparagine C,55,ASN,55,A,5,24,7,0,11,34,7,0,15,51,14,0,19,73,20,0,26,89,24,0,0,0,0.0
1QT8,880,O,9.620174,14.809232,18.206469,11,['879'],,"0.140711, -0.481917, 0.179057",2.167362050007924,1.0660880938076622,1.6653345369377348e-16,Alanine O,Asparagine O,55,ASN,55,A,4,18,4,0,8,33,8,0,12,49,12,0,17,67,17,0,25,82,21,0,0,1,0.06585009
1QT8,881,HN,6.830091,13.129421,20.876229,10,['877'],,"-0.220940, -0.037367, 0.017172",-0.8385683140519629,-1.8130816195705235,-0.6393050978981603,Alanine HN,Asparagine HN,55,ASN,55,A,9,27,10,0,15,39,13,0,17,51,15,0,21,68,20,0,27,93,25,0,0,0,0.0
1QT8,882,H,7.834916,15.029538,20.308934,12,['878'],,"-0.222238, 0.325753, 0.003358",-0.2806878217865756,0.3014778440566592,-1.0384906969287966,Alanine HA,Asparagine HA,55,ASN,55,A,5,21,8,0,9,29,10,0,13,45,14,0,19,61,16,0,22,78,20,0,0,0,0.033625513
1QT8,883,C,9.786679,14.553529,21.134602,147,"['878', '884', '887', '888']",,"0.284512, -0.068172, 0.141331",-0.610480111290984,1.0467786657788352,0.9748286402350052,Asparagine CB,Asparagine CB,55,ASN,55,A,5,18,6,0,7,22,7,0,10,31,10,0,14,46,11,0,18,67,18,0,0,0,0.0
1QT8,884,C,10.374841,15.944045,20.924607,149,"['883', '885', '886']",,"0.168382, -0.234516, 0.032953",-0.4329313933778409,2.5173074373658184,0.6148442388683945,Asparagine CG,Asparagine CG,55,ASN,55,A,5,11,1,0,5,17,6,0,6,25,9,0,11,33,10,0,16,55,14,0,0,0,0.04151222
1QT8,885,O,9.76268,16.834227,20.324767,150,['884'],,"0.304067, -0.282240, 0.408254",-0.0799872244479621,2.8813972093371616,-0.51202849583116,Asparagine OD1,Asparagine OD1,55,ASN,55,A,5,9,1,0,5,18,6,0,7,27,9,0,13,37,12,0,15,55,14,0,0,0,0.15290613
1QT8,886,N,11.572457,16.157503,21.51386,151,"['884', '889', '890']",,"0.133301, -0.015149, 0.067833",-0.7709475978231559,3.392931666391221,1.587518261501389,Asparagine ND2,Asparagine ND2,55,ASN,55,A,3,5,1,0,5,14,2,0,5,18,7,0,8,23,8,0,11,36,11,0,0,0,0.13555942
1QT8,887,H,10.581377,13.793978,20.945242,148,['883'],,"-0.000431, -0.162173, -0.008753",-0.172652304683564,0.8678978525000648,1.985090145394468,Asparagine HB,Asparagine HB,55,ASN,55,A,6,17,5,0,8,22,6,0,10,31,10,0,13,50,13,0,18,63,17,0,0,0,0.05132315
1QT8,888,H,9.541911,14.468966,22.218473,148,['883'],,"0.011469, -0.021811, -0.013443",-1.7056450050963012,0.8737512251725299,1.0866945403458796,Asparagine HB,Asparagine HB,55,ASN,55,A,6,15,6,0,7,20,8,0,9,29,9,0,13,38,10,0,16,55,17,0,0,0,0.08848819
1QT8,889,HN,12.031315,15.423212,22.070872,152,['886'],,"0.020307, -0.039167, 0.057236",-1.132366330149618,3.068442077526094,2.495306403983253,Asparagine HD2,Asparagine HD2,55,ASN,55,A,3,5,1,0,5,13,3,0,6,17,6,0,9,22,7,0,10,36,11,0,0,0,0.25130644
1QT8,890,HN,12.007785,17.083127,21.412083,152,['886'],,"0.023554, 0.008691, -0.013675",-0.6802365860928705,4.397968733637812,1.391761216927652,Asparagine HD2,Asparagine HD2,55,ASN,55,A,2,2,1,0,4,9,1,0,5,16,3,0,5,20,8,0,9,29,9,0,0,0,0.2973203
1QT8,891,N,8.199865,13.07665,18.047098,1,"['879', '892', '895']",,"-0.295623, -0.141648, 0.080854",-0.7066398455629335,-1.2238608876761066,0.3340946179998079,Glycine N,Glycine N,56,GLY,56,A,9,31,8,0,14,49,13,0,17,71,19,0,23,90,24,0,33,107,27,0,0,0,0.0
1QT8,892,CA,8.376393,12.875202,16.619845,2,"['891', '893', '896', '897']",,"-0.286880, 0.449692, 0.195247",0.0,0.0,0.0,Glycine CA,Glycine CA,56,GLY,56,A,9,40,8,0,12,54,13,0,16,70,18,0,26,95,24,0,33,123,31,0,0,0,0.0
1QT8,893,C,9.383008,11.830478,16.134373,3,"['892', '894', '898']",,"-0.170902, 0.035455, 0.273485",1.5298382454315236,0.0,2.0816681711721683e-16,Glycine C,Glycine C,56,GLY,56,A,7,41,8,0,11,53,11,0,19,67,18,0,22,90,21,0,31,120,28,0,0,0,0.0
1QT8,894,O,9.75701,11.835168,14.952814,5,['893'],,"-0.013160, -0.044568, 0.387006",2.1476748574658826,1.0743645021196973,2.220446049250313e-16,Glycine O,Glycine O,56,GLY,56,A,7,39,6,0,10,52,11,0,18,72,15,0,22,92,21,0,32,117,29,0,0,0,0.022322062
1QT8,895,HN,7.485538,12.46329,18.474795,4,['891'],,"-0.255671, -0.273026, 0.217578",-0.893519261934407,-1.838107428682512,-0.4765690279942178,Glycine HN,Glycine HN,56,GLY,56,A,12,36,11,0,15,53,12,0,19,76,22,0,27,95,26,0,32,112,29,0,0,0,0.0
1QT8,896,H,7.401911,12.630753,16.154265,6,['892'],,"-0.133641, -0.062269, -0.133923",-0.3265184466957146,0.359506114132738,-0.99512626143299,Glycine HA,Glycine HA,56,GLY,56,A,10,43,11,0,13,62,14,0,19,82,22,0,29,109,26,0,37,135,34,0,0,0,0.0
1QT8,897,H,8.666008,13.834659,16.135761,6,['892'],,"0.091492, 0.121684, -0.087394",-0.311031395257596,0.8162563369024756,0.6897513796728998,Glycine HA,Glycine HA,56,GLY,56,A,7,36,10,0,11,51,12,0,15,67,17,0,25,91,23,0,32,113,28,0,0,0,0.035395276
1QT8,898,N,9.849442,10.941896,17.044487,7,"['893', '899', '902']",,"0.060642, -0.085055, 0.250748",-0.4139095944988922,1.1637934424703231,0.7855546449546568,Alanine N,Valine N,57,VAL,57,A,8,34,8,0,12,48,12,0,18,64,19,0,23,87,21,0,29,109,26,0,0,0,0.0
1QT8,899,CA,10.84076,9.887416,16.824958,8,"['898', '900', '903', '904']",,"0.131796, 0.460847, -0.113503",0.0,0.0,0.0,Alanine CA,Valine CA,57,VAL,57,A,8,33,7,0,13,46,11,0,16,61,14,0,21,84,20,0,27,103,24,0,0,0,0.0
1QT8,900,C,10.279057,8.616489,17.489321,9,"['899', '901', '914']",,"0.267800, -0.207063, -0.300835",1.5401765792619373,-1.6653345369377348e-16,-1.1102230246251563e-16,Alanine C,Valine C,57,VAL,57,A,10,36,7,0,13,53,12,0,19,69,16,0,24,87,23,0,30,107,26,0,0,0,0.0
1QT8,901,O,9.607886,8.735663,18.517589,11,['900'],,"0.159676, -0.212692, -0.147941",2.130161218318354,1.083478730302755,-1.1102230246251563e-16,Alanine O,Valine O,57,VAL,57,A,9,32,9,0,10,52,12,0,20,69,17,0,25,89,22,0,32,107,29,0,0,0,0.0022322063
1QT8,902,HN,9.430476,10.869041,17.981794,10,['898'],,"-0.047906, -0.136544, 0.216442",0.2033182928252709,1.968759156130241,0.6110705271349272,Alanine HN,Valine HN,57,VAL,57,A,10,32,8,0,13,49,14,0,19,66,18,0,24,86,22,0,31,107,27,0,0,0,0.0
1QT8,903,H,10.97797,9.707265,15.732785,12,['899'],,"0.075276, -0.129983, -0.393067",-0.3724974377463438,-0.9384950897057744,0.4739150285658358,Alanine HA,Valine HA,57,VAL,57,A,8,37,8,0,10,45,10,0,17,61,13,0,21,87,19,0,27,109,26,0,0,0,0.0
1QT8,904,C,12.204965,10.31736,17.482999,15,"['899', '905', '906', '907']",,"0.222479, 0.094297, 0.069950",-0.5684590962547669,0.1362721258680829,-1.4619197127197543,Valine CB,Valine CB,57,VAL,57,A,8,25,5,0,13,36,8,0,14,51,13,0,17,63,14,0,24,82,19,0,0,0,0.0
1QT8,905,C,13.311934,9.255003,17.268614,17,"['904', '908', '909', '910']",,"0.032553, 0.065482, 0.035466",-0.1880086122863659,-1.0769275094331423,-2.3469890686394965,Valine CG,Valine CG,57,VAL,57,A,8,23,5,0,10,36,8,0,14,42,10,0,16,53,13,0,21,75,15,0,0,0,0.037738383
1QT8,906,C,12.694703,11.682367,16.926112,17,"['904', '911', '912', '913']",,"0.034046, -0.001837, 0.106584",-2.1136628769955808,0.2959363715193482,-1.4539727568935834,Valine CG,Valine CG,57,VAL,57,A,7,21,6,0,11,30,8,0,13,41,9,0,14,55,13,0,19,71,17,0,0,0,0.04277017
1QT8,907,H,12.036946,10.433093,18.583872,16,['904'],,"-0.012613, 0.000666, 0.014735",-0.1278161986136243,1.0579162282478172,-1.9201247531613352,Valine HB,Valine HB,57,VAL,57,A,9,24,5,0,13,31,8,0,14,48,12,0,17,63,16,0,21,80,18,0,0,0,0.078754485
1QT8,908,H,14.276373,9.582614,17.723412,18,['905'],,"0.052368, 0.055241, 0.048452",-0.6138993771325184,-0.9747912503731252,-3.372902327082909,Valine HG,Valine HG,57,VAL,57,A,4,14,4,0,9,28,5,0,12,37,9,0,15,45,12,0,16,59,14,0,0,0,0.18494031
1QT8,909,H,13.497925,9.037204,16.194434,18,['905'],,"-0.022662, -0.038034, 0.035271",-0.539468651108277,-2.04416074647792,-1.926480525148192,Valine HG,Valine HG,57,VAL,57,A,7,22,5,0,8,31,9,0,11,44,10,0,19,57,12,0,23,83,18,0,0,0,0.0
1QT8,910,H,13.041307,8.294114,17.759008,18,['905'],,"-0.033345, 0.016355, 0.004156",0.9151320430014775,-1.1502612750099277,-2.468380057446073,Valine HG,Valine HG,57,VAL,57,A,7,26,6,0,11,36,8,0,14,45,11,0,17,62,13,0,20,76,17,0,0,0,0.10353118
1QT8,911,H,13.688638,11.954463,17.350472,18,['906'],,"0.087774, 0.004332, 0.136348",-2.5176304155197373,0.3328700653579931,-2.491985549261368,Valine HG,Valine HG,57,VAL,57,A,7,15,5,0,8,21,7,0,13,37,8,0,13,46,11,0,15,59,13,0,0,0,0.20352283
1QT8,912,H,12.008427,12.509866,17.211778,18,['906'],,"0.010335, -0.019402, 0.023854",-2.4229920923608126,1.2516225128592178,-0.9761507790551374,Valine HG,Valine HG,57,VAL,57,A,7,20,5,0,9,33,8,0,13,42,10,0,15,58,14,0,19,77,20,0,0,0,0.055747557
1QT8,913,H,12.780038,11.68564,15.818072,18,['906'],,"-0.030894, -0.010498, 0.074365",-2.625444096570889,-0.5294636223929586,-0.9137503492746732,Valine HG,Valine HG,57,VAL,57,A,5,20,7,0,9,32,8,0,12,43,9,0,15,59,13,0,21,76,15,0,0,0,0.01858252
1QT8,914,N,10.510779,7.408963,16.912783,7,"['900', '915', '918']",,"0.100812, -0.096507, -0.250019",-0.5162431439245966,1.2485222267238056,0.5649367444807212,Alanine N,Isoleucine N,58,ILE,58,A,9,39,9,0,16,53,10,0,17,68,15,0,24,86,20,0,29,110,29,0,0,0,0.0
1QT8,915,CA,10.011433,6.132624,17.428613,8,"['914', '916', '919', '920']",,"-0.311788, 0.408818, 0.019139",0.0,0.0,0.0,Alanine CA,Isoleucine CA,58,ILE,58,A,10,40,7,0,16,53,11,0,18,70,16,0,22,88,22,0,31,118,30,0,0,0,0.0
1QT8,916,C,11.079146,5.037248,17.289111,9,"['915', '917', '933']",,"-0.336256, -0.097302, 0.230724",1.5360079556268578,-1.3877787807814457e-17,8.326672684688674e-17,Alanine C,Isoleucine C,58,ILE,58,A,11,29,7,0,12,48,10,0,16,64,14,0,21,83,21,0,25,101,26,0,0,0,0.0163533
1QT8,917,O,11.969209,5.122013,16.441928,11,['916'],,"-0.080891, -0.078246, 0.197419",2.1712038923216137,1.05529256923825,0.0,Alanine O,Isoleucine O,58,ILE,58,A,9,31,6,0,11,44,10,0,17,65,13,0,20,79,18,0,24,97,25,0,0,0,0.020089857
1QT8,918,HN,11.139387,7.321093,16.100495,10,['914'],,"0.212418, -0.058232, -0.294991",0.0571519481864741,2.0786150363989986,0.3531704932118187,Alanine HN,Isoleucine HN,58,ILE,58,A,9,33,8,0,12,53,10,0,18,66,13,0,22,87,21,0,28,106,26,0,0,0,0.0
1QT8,919,H,9.827794,6.239526,18.528655,12,['915'],,"-0.151001, 0.014296, 0.333112",-0.3037937988104783,-0.8465491488870971,0.6680625629473892,Alanine HA,Isoleucine HA,58,ILE,58,A,8,36,7,0,14,49,10,0,17,69,18,0,23,85,20,0,30,107,28,0,0,0,0.0008848819
1QT8,920,C,8.660063,5.672765,16.766605,25,"['915', '921', '922', '924']",,"-0.136625, -0.113786, -0.192243",-0.5513027206062955,-0.3134270273521131,-1.4400536717852976,Isoleucine CB,Isoleucine CB,58,ILE,58,A,11,42,9,0,16,57,14,0,21,79,17,0,28,106,24,0,36,135,35,0,0,0,0.0
1QT8,921,C,8.784735,5.375465,15.23993,27,"['920', '923', '925', '926']",,"0.062167, -0.061032, 0.159248",-0.113972032750674,0.73021505120263,-2.5144000007401006,Isoleucine CG1,Isoleucine CG1,58,ILE,58,A,9,47,12,0,16,64,14,0,22,89,17,0,31,117,25,0,37,140,38,0,0,0,0.0
1QT8,922,C,7.546157,6.706998,17.052124,29,"['920', '927', '928', '929']",,"0.069635, -0.004444, 0.132004",-2.089078867188838,-0.4734560504661017,-1.4002942798265807,Isoleucine CG2,Isoleucine CG2,58,ILE,58,A,12,43,9,0,17,64,14,0,24,85,26,0,30,112,29,0,41,137,35,0,0,0,0.0
1QT8,923,C,7.496972,4.811662,14.609279,31,"['921', '930', '931', '932']",,"0.051683, -0.012506, 0.084647",-0.549782239876722,0.3673969165399247,-3.947006197607761,Isoleucine CD,Isoleucine CD,58,ILE,58,A,10,42,10,0,17,65,16,0,25,100,17,0,32,125,31,0,41,149,41,0,0,0,0.0
1QT8,924,H,8.362485,4.725347,17.279962,26,['920'],,"-0.004358, -0.037237, 0.140516",-0.1291455895415884,-1.306735331011136,-1.731276804160205,Isoleucine HB,Isoleucine HB,58,ILE,58,A,9,42,8,0,14,56,14,0,20,75,18,0,29,107,24,0,34,133,35,0,0,0,0.0
1QT8,925,H,9.595771,4.623542,15.086248,28,['921'],,"0.033340, -0.057781, 0.037444",0.9999746944208748,0.8067423835645966,-2.50718856715473,Isoleucine HG1,Isoleucine HG1,58,ILE,58,A,11,42,10,0,14,63,14,0,20,83,17,0,26,109,23,0,34,130,33,0,0,0,0.0
1QT8,926,H,9.111722,6.28506,14.689168,28,['921'],,"0.003191, -0.004634, 0.024939",-0.4853163733678544,1.7447332059636684,-2.2489218713398653,Isoleucine HG1,Isoleucine HG1,58,ILE,58,A,10,48,9,0,15,67,14,0,20,88,20,0,29,113,22,0,38,143,35,0,0,0,0.0
1QT8,927,H,6.544345,6.311415,16.78244,30,['922'],,"0.026508, -0.016064, 0.033845",-2.4788646831976235,-0.899068182647779,-2.348853178191427,Isoleucine HG2,Isoleucine HG2,58,ILE,58,A,10,43,8,0,20,64,16,0,27,90,25,0,34,124,31,0,42,144,38,0,0,0,0.0
1QT8,928,H,7.701239,7.662766,16.508677,30,['922'],,"0.033182, -0.035319, 0.028741",-2.613509951648461,0.4860541440793622,-1.2074478057265017,Isoleucine HG2,Isoleucine HG2,58,ILE,58,A,12,44,10,0,18,64,14,0,20,91,22,0,34,110,30,0,42,141,34,0,0,0,0.0
1QT8,929,H,7.505514,6.946733,18.139313,30,['922'],,"0.058809, -0.007502, 0.050916",-2.38703309523854,-1.1819253779649983,-0.5938210097329142,Isoleucine HG2,Isoleucine HG2,58,ILE,58,A,11,40,11,0,17,58,13,0,23,84,22,0,27,104,28,0,39,125,35,0,0,0,0.0
1QT8,930,H,7.661313,4.51533,13.549591,32,['923'],,"0.003228, 0.009880, 0.061961",-0.1279793605572657,1.0790265321253112,-4.69093152791223,Isoleucine HD,Isoleucine HD,58,ILE,58,A,11,41,11,0,19,74,15,0,23,105,24,0,31,129,29,0,38,152,40,0,0,0,0.0
1QT8,931,H,6.663919,5.547481,14.618252,32,['923'],,"0.017052, -0.008106, 0.012051",-1.6544065590174115,0.3815665901122229,-4.069854682388094,Isoleucine HD,Isoleucine HD,58,ILE,58,A,10,46,10,0,18,66,16,0,27,97,20,0,36,131,32,0,43,164,45,0,0,0,0.0
1QT8,932,H,7.149058,3.904222,15.151248,32,['923'],,"0.017868, -0.036856, 0.028131",-0.1937229269568214,-0.6483393006418023,-4.2293598849315925,Isoleucine HD,Isoleucine HD,58,ILE,58,A,10,43,11,0,17,63,13,0,23,96,23,0,32,120,27,0,42,147,41,0,0,0,0.0
1QT8,933,N,10.957009,3.979702,18.131386,7,"['916', '934', '937']",,"-0.288038, 0.028167, 0.222081",-0.472333337151045,1.3041123669892214,0.4529189280020534,Alanine N,Threonine N,59,THR,59,A,8,31,7,0,12,43,10,0,13,59,15,0,21,80,18,0,25,99,25,0,0,0,0.0011391548
1QT8,934,CA,11.790635,2.782858,18.091693,8,"['933', '935', '938', '939']",,"-0.010965, 0.598315, 0.272855",0.0,0.0,0.0,Alanine CA,Threonine CA,59,THR,59,A,6,29,8,0,10,35,10,0,14,53,13,0,16,69,16,0,22,90,22,0,0,0,0.0
1QT8,935,C,11.41935,1.960055,16.85163,9,"['934', '936', '947']",,"0.233819, -0.054367, 0.226702",1.5338231879858246,2.775557561562892e-17,0.0,Alanine C,Threonine C,59,THR,59,A,7,30,9,0,10,44,14,0,13,54,14,0,19,76,17,0,21,94,23,0,0,0,0.0
1QT8,936,O,10.344699,2.118605,16.264027,11,['935'],,"0.251386, 0.079779, 0.122881",2.183970563305865,1.050046927653456,0.0,Alanine O,Threonine O,59,THR,59,A,7,37,10,0,11,52,14,0,17,67,16,0,20,90,21,0,24,102,26,0,0,0,0.0
1QT8,937,HN,10.15338,3.939718,18.777846,10,['933'],,"-0.379117, 0.001717, 0.258210",-0.7790028295980116,1.9486547752190784,-0.2926330338977028,Alanine HN,Threonine HN,59,THR,59,A,8,34,8,0,10,43,9,0,14,57,15,0,20,80,19,0,28,104,27,0,0,0,0.0
1QT8,938,H,12.860566,3.094442,17.981832,12,['934'],,"0.325499, 0.112230, -0.037043",-0.3373185541179755,-0.7776217696443065,0.7317287404229903,Alanine HA,Threonine HA,59,THR,59,A,6,28,7,0,8,34,9,0,14,44,12,0,16,61,16,0,18,81,18,0,0,0,0.06990567
1QT8,939,C,11.667588,1.895607,19.376725,37,"['934', '940', '941', '942']",,"0.176973, 0.036095, 0.593906",-0.5331790218544787,-0.3970153810613214,-1.4183656299026133,Threonine CB,Threonine CB,59,THR,59,A,7,23,7,0,9,30,9,0,10,41,11,0,13,55,14,0,18,77,18,0,0,0,0.0
1QT8,940,OH,10.346349,1.368552,19.453522,39,"['939', '943']",,"0.150060, -0.033832, 0.134224",0.0072910568105877,0.4979873725442286,-2.3859499479138453,Threonine OG1,Threonine OG1,59,THR,59,A,7,24,8,0,10,32,10,0,10,48,12,0,14,64,15,0,20,77,19,0,0,0,0.0
1QT8,941,C,11.956517,2.683893,20.672242,41,"['939', '944', '945', '946']",,"0.006212, 0.091912, 0.148430",-2.073383789586698,-0.3450221638738586,-1.5094977370188103,Threonine CG2,Threonine CG2,59,THR,59,A,7,18,6,0,8,26,8,0,8,39,10,0,10,46,14,0,15,67,16,0,0,0,0.050317846
1QT8,942,H,12.380073,1.036512,19.299264,38,['939'],,"-0.008615, -0.036108, 0.016969",-0.1821688960980705,-1.4298970527376411,-1.6666127743023036,Threonine HB,Threonine HB,59,THR,59,A,5,19,7,0,7,27,9,0,10,37,11,0,12,49,13,0,15,63,15,0,0,0,0.078754485
1QT8,943,HO,10.280444,0.7783,20.200104,40,['940'],,"-0.090478, -0.097338, 0.154052",-0.2637167514172018,0.2263248585478932,-3.259379865893393,Threonine HG1,Threonine HG1,59,THR,59,A,6,17,8,0,10,27,9,0,10,43,11,0,12,57,15,0,17,69,18,0,0,0,0.06017197
1QT8,944,H,12.013951,1.991647,21.543223,42,['941'],,"0.013689, -0.057772, -0.003474",-2.420107983822778,-0.7810468028465279,-2.474265034647153,Threonine HG2,Threonine HG2,59,THR,59,A,6,14,5,0,8,21,8,0,8,28,9,0,9,41,12,0,13,55,14,0,0,0,0.24334252
1QT8,945,H,11.169704,3.440081,20.894205,42,['941'],,"-0.079022, -0.015479, -0.022633",-2.468025100703448,0.6945426820790733,-1.4484589927582163,Threonine HG2,Threonine HG2,59,THR,59,A,7,19,5,0,8,32,8,0,9,42,12,0,11,53,13,0,20,71,20,0,0,0,0.03628016
1QT8,946,H,12.935283,3.210064,20.608482,42,['941'],,"-0.029106, -0.038353, -0.025179",-2.5410190426988235,-0.942052670233213,-0.6947732522265264,Threonine HG2,Threonine HG2,59,THR,59,A,7,15,5,0,7,26,7,0,8,33,9,0,9,45,12,0,15,57,16,0,0,0,0.2291844
1QT8,947,N,12.324356,1.015653,16.486859,7,"['935', '948', '951']",,"0.152325, 0.002912, 0.046892",-0.4952712183026588,-0.7029381377183825,-1.1715650314067116,Alanine N,Lysine N,60,LYS,60,A,6,30,9,0,8,36,12,0,10,41,14,0,16,60,16,0,20,81,19,0,0,0,0.0
1QT8,948,CA,12.10408,0.076892,15.399575,8,"['947', '949', '952', '953']",,"0.418139, 0.263706, -0.200050",0.0,0.0,0.0,Alanine CA,Lysine CA,60,LYS,60,A,5,32,8,0,8,37,11,0,11,47,14,0,17,61,17,0,20,83,20,0,0,0,0.0
1QT8,949,C,10.862402,-0.785074,15.693896,9,"['948', '950', '969']",,"0.245374, -0.213350, 0.195550",1.5399267813376716,-2.775557561562892e-17,-2.775557561562892e-17,Alanine C,Lysine C,60,LYS,60,A,6,31,10,0,7,37,12,0,11,50,14,0,15,66,16,0,21,84,21,0,0,0,0.0
1QT8,950,O,9.917877,-0.768921,14.901494,11,['949'],,"0.384086, -0.091300, 0.202566",2.141028105327844,1.0765530748343348,1.1102230246251563e-16,Alanine O,Lysine O,60,LYS,60,A,7,33,10,0,9,46,11,0,14,59,15,0,18,78,20,0,22,94,24,0,0,0,0.0
1QT8,951,HN,13.182098,0.881291,17.040137,10,['947'],,"0.107344, -0.037945, 0.066350",-1.0059335242487253,-1.5796138349395168,-0.99676582637509,Alanine HN,Lysine HN,60,LYS,60,A,4,24,7,0,6,32,11,0,9,38,14,0,13,49,14,0,18,64,17,0,0,0,0.0681359
1QT8,952,H,11.821866,0.663434,14.491928,12,['948'],,"-0.183794, 0.125147, -0.261097",-0.2742337650626258,1.0776023920701503,-0.1052058119747568,Alanine HA,Lysine HA,60,LYS,60,A,6,35,9,0,11,45,12,0,14,50,16,0,19,73,19,0,23,91,22,0,0,0,0.0
1QT8,953,C,13.390102,-0.743002,15.073934,182,"['948', '954', '958', '959']",,"0.110699, -0.322359, -0.128655",-0.6402560628347208,-0.5434254420548095,1.31410873961477,Lysine CB,Lysine CB,60,LYS,60,A,5,22,7,0,5,29,7,0,8,42,12,0,13,47,15,0,19,61,18,0,0,0,0.0012579461
1QT8,954,C,13.150411,-1.796585,13.9749,184,"['953', '955', '960', '961']",,"-0.320077, -0.215686, 0.096615",-0.0673048092721454,0.1400992399576814,2.5710437087547,Lysine CG,Lysine CG,60,LYS,60,A,4,21,6,0,5,28,8,0,10,40,12,0,13,53,16,0,19,61,17,0,0,0,0.0
1QT8,955,C,14.172787,-2.950859,13.830625,186,"['954', '956', '962', '963']",,"-0.440181, -0.351110, 0.357247",-0.2731457689596264,-0.5530849836694556,3.940547837812506,Lysine CD,Lysine CD,60,LYS,60,A,1,13,4,0,4,21,6,0,7,29,8,0,10,36,11,0,13,55,15,0,0,0,0.0050317845
1QT8,956,C,14.827193,-3.04144,12.443858,188,"['955', '957', '964', '965']",,"-0.031379, 0.114604, 0.026307",-1.0151540612217016,0.3064482347218589,4.975053122178993,Lysine CE,Lysine CE,60,LYS,60,A,1,9,3,0,4,17,4,0,6,28,7,0,11,37,10,0,13,53,15,0,0,0,0.008805623
1QT8,957,N,15.642955,-1.88543,12.115419,190,"['956', '966', '967', '968']",,"0.080512, -0.053355, -0.089321",-2.38276553777878,0.6134411958180621,4.5941422290665015,Lysine NZ,Lysine NZ,60,LYS,60,A,2,9,2,0,3,14,5,0,8,28,5,0,11,34,10,0,14,50,14,0,0,0,0.013669858
1QT8,958,H,13.744737,-1.245885,16.006303,183,['953'],,"0.081694, -0.064704, 0.073853",-0.4665196552734487,-1.6453952056959884,1.3728245618716906,Lysine HB,Lysine HB,60,LYS,60,A,5,17,7,0,5,26,7,0,6,35,10,0,8,42,14,0,16,51,15,0,0,0,0.06548126
1QT8,959,H,14.21492,-0.054587,14.771156,183,['953'],,"-0.086768, -0.050615, 0.071012",-1.748531230793999,-0.4150840598818806,1.2799165718014582,Lysine HB,Lysine HB,60,LYS,60,A,4,19,5,0,6,29,7,0,8,41,13,0,16,49,13,0,17,62,18,0,0,0,0.054862678
1QT8,960,H,12.898608,-1.319199,13.000535,185,['954'],,"-0.108038, -0.133416, 0.068142",-0.3177117385366895,1.2251866205868192,2.59494021907944,Lysine HG,Lysine HG,60,LYS,60,A,4,22,5,0,9,32,9,0,12,45,14,0,16,56,16,0,20,74,19,0,0,0,0.0
1QT8,961,H,12.200355,-2.323791,14.240046,185,['954'],,"-0.272171, -0.327375, -0.079160",1.0445242319389814,0.1497704356568522,2.4502230897309003,Lysine HG,Lysine HG,60,LYS,60,A,4,24,6,0,6,27,10,0,7,41,10,0,16,55,14,0,19,71,18,0,0,0,0.0
1QT8,962,H,13.603722,-3.90848,13.967503,187,['955'],,"-0.197857, -0.142114, -0.010507",0.7478886872553581,-0.7390302027151756,4.367773253121346,Lysine HD,Lysine HD,60,LYS,60,A,2,10,4,0,4,17,6,0,7,26,8,0,8,35,10,0,14,51,13,0,0,0,0.119459055
1QT8,963,H,14.939154,-2.951258,14.63889,187,['955'],,"0.003921, -0.041638, 0.048812",-0.7363806220526709,-1.5617477055761104,3.8476832459018873,Lysine HD,Lysine HD,60,LYS,60,A,1,8,4,0,3,17,5,0,5,23,7,0,8,34,8,0,11,42,13,0,0,0,0.1663578
1QT8,964,H,14.041884,-3.153356,11.664456,189,['956'],,"-0.064159, -0.060819, -0.102629",-0.468261618332672,1.2620891225048427,5.131136573092986,Lysine HE,Lysine HE,60,LYS,60,A,3,11,2,0,4,20,4,0,8,29,7,0,12,47,13,0,15,55,16,0,0,0,0.06105685
1QT8,965,H,15.459727,-3.95575,12.369511,189,['956'],,"-0.014729, -0.011382, -0.045978",-1.0276100443317169,-0.2005523202029064,5.967214802277425,Lysine HE,Lysine HE,60,LYS,60,A,1,4,2,0,3,9,3,0,4,20,5,0,8,30,7,0,12,38,11,0,0,0,0.24776693
1QT8,966,HN,15.960423,-1.995461,11.154249,191,['957'],,"0.052830, -0.149159, -0.269942",-2.7608631025358714,1.2518437044688395,5.291440579385895,Lysine HN,Lysine HN,60,LYS,60,A,2,9,2,0,4,13,3,0,6,21,5,0,9,35,8,0,12,48,13,0,0,0,0.18317056
1QT8,967,HN,16.464359,-1.823624,12.714436,191,['957'],,"0.076722, -0.077056, 0.031774",-2.965189763995502,-0.2220072155401808,4.581738527367358,Lysine HN,Lysine HN,60,LYS,60,A,0,7,2,0,3,10,3,0,3,20,5,0,11,33,7,0,12,40,11,0,0,0,0.23360881
1QT8,968,HN,15.119674,-1.01849,12.16341,191,['957'],,"0.059064, -0.171518, 0.000267",-2.4369249565392943,1.0804713999386095,3.695999339298596,Lysine HN,Lysine HN,60,LYS,60,A,3,11,2,0,5,22,5,0,11,34,7,0,12,45,13,0,17,56,16,0,0,0,0.022122048
1QT8,969,N,10.813776,-1.417279,16.897207,7,"['949', '970', '973']",,"0.381340, -0.188716, 0.162321",-0.6069179877611927,-1.0924811826946208,-0.7609119813034007,Alanine N,Aspartate N,61,ASP,61,A,7,26,8,0,7,35,10,0,9,42,10,0,15,53,13,0,19,74,15,0,0,0,0.0
1QT8,970,CA,9.668196,-2.149569,17.437808,8,"['969', '971', '974', '975']",,"0.627587, -0.503450, 0.302319",0.0,0.0,0.0,Alanine CA,Aspartate CA,61,ASP,61,A,6,24,8,0,7,33,10,0,10,44,11,0,15,57,11,0,18,71,18,0,0,0,0.0
1QT8,971,C,8.320208,-1.430836,17.279143,9,"['970', '972', '981']",,"0.474094, 0.113554, 0.069448",1.5358461367135712,1.7347234759768068e-17,-2.775557561562892e-17,Alanine C,Aspartate C,61,ASP,61,A,7,28,9,0,9,38,11,0,13,53,11,0,17,68,15,0,22,87,22,0,0,0,0.0050317845
1QT8,972,O,7.284758,-2.077593,17.071019,11,['971'],,"0.380788, 0.356777, 0.073951",2.1634809935760413,1.0676335538827098,0.0,Alanine O,Aspartate O,61,ASP,61,A,8,28,9,0,11,41,10,0,11,55,14,0,17,68,16,0,20,81,21,0,0,0,0.047992434
1QT8,973,HN,11.688762,-1.620541,17.39901,10,['969'],,"0.219675, -0.251156, 0.257120",-1.5218405666699288,-1.377919081284545,-0.3865270559918245,Alanine HN,Aspartate HN,61,ASP,61,A,7,25,6,0,7,32,9,0,7,37,10,0,10,45,10,0,16,61,14,0,0,0,0.0
1QT8,974,H,9.575405,-3.088659,16.836956,12,['970'],,"-0.036520, -0.333128, -0.279485",-0.2959538882290849,0.9499946552972224,-0.5113167067814202,Alanine HA,Aspartate HA,61,ASP,61,A,5,23,7,0,9,29,8,0,10,41,11,0,12,57,12,0,16,67,14,0,0,0,0.05132315
1QT8,975,C,9.837854,-2.549147,18.934324,137,"['970', '976', '979', '980']",,"-0.414774, 0.092348, 0.178399",-0.4904993644285162,0.0741369494789385,1.4771325734412528,Aspartate CB,Aspartate CB,61,ASP,61,A,6,22,6,0,6,27,8,0,8,35,10,0,12,45,11,0,15,60,12,0,0,0,0.0037738383
1QT8,976,C,11.092134,-3.321843,19.28482,139,"['975', '977', '978']",,"-0.356641, 0.240934, -0.141431",-1.989170289611996,0.1384603334056895,1.684431471465109,Aspartate CG,Aspartate CG,61,ASP,61,A,2,14,3,0,6,21,6,0,7,28,9,0,9,35,10,0,12,43,11,0,0,0,0.06415525
1QT8,977,O,10.994816,-4.227187,20.164969,140,['976'],,"0.340661, 0.031273, -0.452892",-2.418357783265164,0.8620216999146267,2.6310242338758663,Aspartate OD,Aspartate OD,61,ASP,61,A,2,7,2,0,3,15,3,0,6,24,7,0,7,29,8,0,12,34,11,0,0,0,0.497782
1QT8,978,O,12.16446,-3.015804,18.693461,140,['976'],,"-0.173113, 0.002164, 0.271261",-2.726024228762189,-0.5384775564269837,0.9149837784113628,Aspartate OD,Aspartate OD,61,ASP,61,A,2,13,3,0,7,19,4,0,7,28,8,0,7,37,10,0,12,44,10,0,0,0,0.2466588
1QT8,979,H,8.940673,-3.138193,19.242655,138,['975'],,"-0.190025, -0.033056, -0.036529",-0.0105677701268489,0.958862619911046,1.960767865068648,Aspartate HB,Aspartate HB,61,ASP,61,A,5,22,4,0,6,28,7,0,9,30,10,0,13,41,11,0,15,60,14,0,0,0,0.16193338
1QT8,980,H,9.8192,-1.634306,19.5734,138,['975'],,"-0.076367, 0.125859, 0.067423",-0.1120286457998799,-0.8090434279501784,2.044981582278888,Aspartate HB,Aspartate HB,61,ASP,61,A,6,15,6,0,6,28,7,0,10,38,10,0,13,46,12,0,15,59,13,0,0,0,0.05132315
1QT8,981,N,8.289775,-0.088888,17.483398,7,"['971', '982', '985']",,"0.249309, 0.122870, 0.149249",-0.5761741433123038,-0.9884791544721488,-0.900585621029649,Alanine N,Glutamate N,62,GLU,62,A,7,34,9,0,10,42,11,0,13,56,13,0,20,74,18,0,23,94,22,0,0,0,0.0
1QT8,982,CA,7.097356,0.738378,17.365542,8,"['981', '983', '986', '987']",,"0.128036, 0.033287, 0.632378",0.0,0.0,0.0,Alanine CA,Glutamate CA,62,GLU,62,A,7,38,10,0,11,45,11,0,17,63,16,0,20,89,20,0,29,110,26,0,0,0,0.0
1QT8,983,C,6.640405,0.935504,15.925954,9,"['982', '984', '996']",,"0.287977, 0.044917, 0.154951",1.5231797287322997,-5.551115123125783e-17,0.0,Alanine C,Glutamate C,62,GLU,62,A,8,38,8,0,12,53,12,0,19,80,20,0,25,101,24,0,33,119,28,0,0,0,0.0
1QT8,984,O,5.445452,0.874073,15.638567,11,['983'],,"0.335255, 0.096362, 0.129080",2.145328369288132,1.0617008979903568,0.0,Alanine O,Glutamate O,62,GLU,62,A,8,35,7,0,14,56,12,0,20,81,22,0,27,104,27,0,32,123,29,0,0,0,0.0
1QT8,985,HN,9.154118,0.405131,17.749064,10,['981'],,"0.229259, 0.135870, 0.114123",-1.022627034970052,-1.8001825624886116,-0.449432198665489,Alanine HN,Glutamate HN,62,GLU,62,A,7,30,8,0,10,42,10,0,12,55,13,0,19,73,15,0,25,90,21,0,0,0,0.0
1QT8,986,H,6.246903,0.198202,17.852043,12,['982'],,"-0.311997, -0.184945, 0.074535",-0.2745758619759701,1.0176574720629183,-0.3751333159833472,Alanine HA,Glutamate HA,62,GLU,62,A,8,37,8,0,12,43,13,0,17,54,15,0,21,80,17,0,26,103,24,0,0,0,0.007963937
1QT8,987,C,7.276303,2.126533,18.038954,153,"['982', '988', '992', '993']",,"0.086085, 0.229108, 0.522185",-0.5104876251013033,-0.164867221167443,1.4576354957879405,Glutamate CB,Glutamate CB,62,GLU,62,A,10,36,6,0,12,48,10,0,16,68,15,0,22,90,22,0,31,112,28,0,0,0,0.0
1QT8,988,C,7.308672,2.02119,19.57203,155,"['987', '989', '994', '995']",,"-0.031813, -0.391857, -0.596974",-1.9827726493324351,0.2525628732583919,1.6011480223435628,Glutamate CG,Glutamate CG,62,GLU,62,A,10,33,5,0,14,42,9,0,15,56,15,0,19,78,20,0,24,92,27,0,0,0,0.0025158923
1QT8,989,C,7.716448,3.257712,20.331362,157,"['988', '990', '991']",,"-0.109596, -0.530073, -0.192400",-2.662737220080752,-0.0850247188357987,2.903275438948827,Glutamate CD,Glutamate CD,62,GLU,62,A,8,26,5,0,11,38,7,0,17,59,16,0,21,80,18,0,28,95,25,0,0,0,0.0
1QT8,990,O,8.451125,4.132954,19.785194,158,['989'],,"-0.473674, -0.468470, -0.245814",-2.2536729109282345,-1.0544208069942331,3.608283206535608,Glutamate OE,Glutamate OE,62,GLU,62,A,8,29,5,0,11,42,10,0,17,63,15,0,23,83,20,0,28,103,25,0,0,0,0.0
1QT8,991,O,7.309683,3.403037,21.509994,158,['989'],,"-0.146663, -0.731175, -0.284566",-3.635849877892064,0.615582016035528,3.2746949733494075,Glutamate OE,Glutamate OE,62,GLU,62,A,9,23,3,0,12,35,8,0,15,51,15,0,21,67,17,0,24,87,22,0,0,0,0.13839678
1QT8,992,H,6.463402,2.823025,17.737175,154,['987'],,"0.022316, -0.009347, -0.042577",0.108736761951163,0.428586208760816,2.1656989757753515,Glutamate HB,Glutamate HB,62,GLU,62,A,11,38,7,0,13,55,10,0,19,73,19,0,27,97,24,0,38,121,33,0,0,0,0.0
1QT8,993,H,8.223281,2.584449,17.668581,154,['987'],,"0.086745, 0.024392, -0.065188",-0.3852698795758031,-1.2303161689570956,1.7622165367744622,Glutamate HB,Glutamate HB,62,GLU,62,A,10,31,7,0,11,57,11,0,16,72,16,0,21,90,21,0,34,111,29,0,0,0,0.0
1QT8,994,H,8.034155,1.228922,19.84822,156,['988'],,"0.161247, -0.176711, 0.068396",-2.563982205316876,-0.2523090291783817,0.8026526263798524,Glutamate HG,Glutamate HG,62,GLU,62,A,8,25,7,0,11,40,8,0,14,50,11,0,16,67,16,0,21,83,22,0,0,0,0.045128975
1QT8,995,H,6.322778,1.672219,19.955352,156,['988'],,"-0.060122, -0.074848, -0.004069",-2.094454650004528,1.344071487365473,1.409211653155967,Glutamate HG,Glutamate HG,62,GLU,62,A,10,31,4,0,14,45,10,0,16,55,15,0,19,68,19,0,26,92,24,0,0,0,0.09822189
1QT8,996,N,7.604913,1.128112,14.992888,7,"['983', '997', '1000']",,"0.320924, 0.076065, 0.122009",-0.5295197487847587,-1.033428273343502,-0.8724428220176932,Alanine N,Alanine N,63,ALA,63,A,10,44,11,0,11,65,16,0,16,80,20,0,28,103,26,0,35,131,33,0,0,0,0.0
1QT8,997,CA,7.342806,1.182014,13.565332,8,"['996', '998', '1001', '1002']",,"0.332729, 0.527115, 0.105871",0.0,0.0,0.0,Alanine CA,Alanine CA,63,ALA,63,A,10,50,13,0,15,72,15,0,20,87,21,0,29,114,29,0,34,141,35,0,0,0,0.0
1QT8,998,C,6.703141,-0.11518,13.066274,9,"['997', '999', '1006']",,"0.223286, -0.059818, 0.254313",1.5300138800759295,5.551115123125783e-17,0.0,Alanine C,Alanine C,63,ALA,63,A,10,43,12,0,14,62,15,0,20,91,21,0,26,113,28,0,33,134,34,0,0,0,0.0
1QT8,999,O,5.795592,-0.078579,12.233251,11,['998'],,"0.309568, 0.050527, 0.198854",2.150122977241712,1.0650712871649666,0.0,Alanine O,Alanine O,63,ALA,63,A,9,43,14,0,16,62,16,0,22,94,21,0,26,119,26,0,33,150,40,0,0,0,0.0
1QT8,1000,HN,8.594491,1.169154,15.274793,10,['996'],,"0.302288, -0.026539, 0.108725",-1.0699885666016031,-1.781051529953748,-0.414870515145705,Alanine HN,Alanine HN,63,ALA,63,A,9,43,11,0,12,62,15,0,16,76,19,0,22,93,22,0,33,119,31,0,0,0,0.0
1QT8,1001,H,6.589616,1.982373,13.370121,12,['997'],,"-0.273092, 0.153621, -0.062265",-0.300003814367501,0.9966479532287954,-0.4033207262115389,Alanine HA,Alanine HA,63,ALA,63,A,10,50,12,0,18,72,17,0,21,95,22,0,29,124,31,0,36,149,37,0,0,0,0.0
1QT8,1002,C,8.635473,1.467412,12.759538,13,"['997', '1003', '1004', '1005']",,"0.209401, -0.006334, -0.075138",-0.51957206275511,-0.1589344253434406,1.4513885357732947,Alanine CB,Alanine CB,63,ALA,63,A,12,52,11,0,16,71,16,0,21,86,21,0,24,108,27,0,36,139,33,0,0,0,0.0
1QT8,1003,H,8.43608,1.470533,11.665949,14,['1002'],,"0.010283, -0.053702, 0.060693",-0.0821508545241196,0.6117267298291529,2.122542974415239,Alanine HB,Alanine HB,63,ALA,63,A,13,53,13,0,17,72,16,0,22,93,22,0,27,114,27,0,36,141,36,0,0,0,0.0
1QT8,1004,H,9.400051,0.677272,12.953468,14,['1002'],,"0.036094, -0.125830, 0.104705",-0.2325754749671568,-1.1563599231451738,1.8628310196237563,Alanine HB,Alanine HB,63,ALA,63,A,13,46,10,0,15,66,17,0,19,79,20,0,23,97,25,0,29,119,30,0,0,0,0.0
1QT8,1005,H,9.089628,2.4448,13.036843,14,['1002'],,"-0.011842, -0.036434, 0.059329",-1.6285555877626057,-0.083545301150772,1.5053714109228384,Alanine HB,Alanine HB,63,ALA,63,A,12,53,12,0,18,69,17,0,19,86,21,0,26,111,27,0,35,141,31,0,0,0,0.0
1QT8,1006,N,7.215289,-1.262603,13.571326,7,"['998', '1007', '1010']",,"0.302769, -0.071238, 0.114461",-0.5983737192815793,-1.0888285466308547,-0.7422715210506678,Alanine N,Glutamate N,64,GLU,64,A,10,37,7,0,12,57,12,0,14,71,18,0,24,99,23,0,29,120,28,0,0,0,0.0
1QT8,1007,CA,6.783365,-2.602259,13.234682,8,"['1006', '1008', '1011', '1012']",,"0.683328, -0.055252, -0.293087",0.0,0.0,0.0,Alanine CA,Glutamate CA,64,GLU,64,A,9,34,9,0,11,54,10,0,14,67,15,0,21,90,23,0,26,119,25,0,0,0,0.0
1QT8,1008,C,5.492029,-3.048638,13.937119,9,"['1007', '1009', '1021']",,"0.298460, 0.106360, 0.082754",1.536300952126894,0.0,0.0,Alanine C,Glutamate C,64,GLU,64,A,9,31,8,0,11,48,11,0,14,64,15,0,18,85,20,0,24,109,27,0,0,0,0.013837407
1QT8,1009,O,4.712401,-3.789678,13.332519,11,['1008'],,"0.270355, 0.064822, 0.185319",2.1304898613404326,1.081406861524202,6.938893903907227e-17,Alanine O,Glutamate O,64,GLU,64,A,8,33,9,0,11,48,11,0,13,64,15,0,17,81,18,0,23,104,24,0,0,0,0.007812722
1QT8,1010,HN,8.025405,-1.220976,14.206423,10,['1006'],,"0.309370, 0.026943, 0.150394",-1.0010277314161138,-1.835229846257952,-0.157358034780313,Alanine HN,Glutamate HN,64,GLU,64,A,8,39,7,0,13,54,11,0,13,69,18,0,21,91,22,0,26,111,26,0,0,0,0.0
1QT8,1011,H,6.483028,-2.602591,12.159417,12,['1007'],,"-0.146129, -0.049283, -0.282247",-0.2390949131655946,0.9492911142818704,-0.5367282802888457,Alanine HA,Glutamate HA,64,GLU,64,A,9,34,8,0,10,50,11,0,16,77,17,0,24,102,21,0,32,129,29,0,0,0,0.0
1QT8,1012,C,7.990716,-3.578643,13.367482,153,"['1007', '1013', '1017', '1018']",,"0.600499, -0.219257, -0.191898",-0.6704251939530966,0.0927710857085401,1.403774047924527,Glutamate CB,Glutamate CB,64,GLU,64,A,8,31,8,0,11,42,11,0,12,60,11,0,15,78,17,0,25,101,23,0,0,0,0.0012579461
1QT8,1013,C,9.052235,-3.320666,12.258148,155,"['1012', '1014', '1019', '1020']",,"-0.459170, -0.082441, 0.220980",-2.144856657716132,0.5810544204445869,1.2959413667437232,Glutamate CG,Glutamate CG,64,GLU,64,A,10,27,5,0,12,48,8,0,12,63,15,0,21,76,18,0,27,103,24,0,0,0,0.0
1QT8,1014,C,10.484883,-3.717076,12.571699,157,"['1013', '1015', '1016']",,"-0.243105, 0.005979, 0.043482",-3.0905248957912725,0.1641491830866552,2.4094210550022863,Glutamate CD,Glutamate CD,64,GLU,64,A,6,21,5,0,9,31,7,0,13,51,8,0,18,71,17,0,22,88,20,0,0,0,0.049059898
1QT8,1015,O,10.813162,-3.88329,13.777858,158,['1014'],,"-0.162254, -0.246332, 0.125718",-2.766677763394322,-0.8109087908535978,3.140583630091986,Glutamate OE,Glutamate OE,64,GLU,64,A,6,19,6,0,7,25,7,0,12,40,7,0,14,63,10,0,19,79,19,0,0,0,0.12388745
1QT8,1016,O,11.295736,-3.746345,11.606148,158,['1014'],,"-0.633486, 0.044256, 0.465527",-4.205057401986434,0.7518473089514806,2.4647039733433544,Glutamate OE,Glutamate OE,64,GLU,64,A,5,20,3,0,8,33,5,0,13,47,9,0,17,66,15,0,24,81,21,0,0,0,0.17187989
1QT8,1017,H,7.681548,-4.648067,13.327913,154,['1012'],,"-0.012692, -0.037488, 0.031023",-0.1179205214044786,0.7670346631739534,2.097261945927432,Glutamate HB,Glutamate HB,64,GLU,64,A,8,27,6,0,9,39,10,0,12,53,11,0,13,74,14,0,22,89,19,0,0,0,0.15485433
1QT8,1018,H,8.478988,-3.45024,14.362745,154,['1012'],,"0.117585, -0.067351, 0.036511",-0.6630894295728184,-0.907700762645042,1.8981904541803505,Glutamate HB,Glutamate HB,64,GLU,64,A,9,26,8,0,10,43,9,0,12,54,11,0,15,72,15,0,20,90,23,0,0,0,0.015927874
1QT8,1019,H,9.107711,-2.238527,11.999968,156,['1013'],,"0.004290, 0.060718, -0.024084",-2.6239538451897264,0.2071072238401372,0.3624593404552869,Glutamate HG,Glutamate HG,64,GLU,64,A,9,36,5,0,12,52,10,0,18,69,16,0,23,84,21,0,28,113,25,0,0,0,0.0
1QT8,1020,H,8.752922,-3.847814,11.322724,156,['1013'],,"-0.051760, -0.039511, -0.044609",-2.167804621771737,1.6936637152654384,1.2321817112164792,Glutamate HG,Glutamate HG,64,GLU,64,A,6,32,3,0,12,48,9,0,15,61,14,0,22,77,19,0,30,107,26,0,0,0,0.06459638
1QT8,1021,N,5.132916,-2.478855,15.124699,7,"['1008', '1022', '1025']",,"0.277102, 0.076681, 0.156868",-0.5094067715530736,-0.8889005964201601,-1.0495280007554628,Alanine N,Lysine N,65,LYS,65,A,9,33,10,0,10,43,15,0,13,57,18,0,17,80,23,0,23,101,26,0,0,0,0.004556619
1QT8,1022,CA,3.804741,-2.623968,15.729713,8,"['1021', '1023', '1026', '1027']",,"0.423301, -0.346181, 0.307055",0.0,0.0,0.0,Alanine CA,Lysine CA,65,LYS,65,A,9,31,9,0,11,37,11,0,11,49,19,0,16,75,23,0,21,98,25,0,0,0,0.0012579461
1QT8,1023,C,2.74531,-1.922641,14.865807,9,"['1022', '1024', '1043']",,"0.227560, 0.106881, 0.142586",1.536420248996348,-2.775557561562892e-17,-1.1102230246251563e-16,Alanine C,Lysine C,65,LYS,65,A,10,29,10,0,11,38,13,0,15,58,16,0,18,84,23,0,24,102,27,0,0,0,0.0
1QT8,1024,O,1.710422,-2.513926,14.543033,11,['1023'],,"0.261010, 0.121855, 0.151069",2.161610322743732,1.0648622213848795,-1.1102230246251563e-16,Alanine O,Lysine O,65,LYS,65,A,9,29,12,0,12,35,12,0,14,54,15,0,18,78,19,0,20,98,28,0,0,0,0.0
1QT8,1025,HN,5.821854,-1.954109,15.677678,10,['1021'],,"0.228102, 0.072142, 0.177298",-1.0558624778342505,-1.6966075942999568,-0.7258379121680197,Alanine HN,Lysine HN,65,LYS,65,A,8,31,8,0,11,45,15,0,13,60,17,0,17,82,23,0,24,98,27,0,0,0,0.0
1QT8,1026,H,3.54301,-3.710269,15.692725,12,['1022'],,"-0.133198, -0.315098, -0.071392",-0.2945887569066236,1.0417202028614974,-0.2792088364654851,Alanine HA,Lysine HA,65,LYS,65,A,9,26,9,0,11,36,11,0,11,46,16,0,14,62,20,0,19,91,25,0,0,0,0.011503465
1QT8,1027,C,3.70885,-2.135515,17.222499,182,"['1022', '1028', '1032', '1033']",,"0.021445, -0.029229, 0.225466",-0.5502866858961898,-0.307436225033504,1.4418248817899255,Lysine CB,Lysine CB,65,LYS,65,A,9,26,7,0,10,36,11,0,12,47,18,0,16,63,22,0,21,82,22,0,0,0,0.0
1QT8,1028,C,2.467744,-2.683739,17.992499,184,"['1027', '1029', '1034', '1035']",,"-0.013647, -0.053964, -0.124387",-0.3776944165537214,0.8684185993973367,2.4524538927716666,Lysine CG,Lysine CG,65,LYS,65,A,8,20,5,0,9,29,9,0,12,41,14,0,13,48,20,0,19,67,23,0,0,0,0.0
1QT8,1029,C,2.276833,-2.136688,19.439772,186,"['1028', '1030', '1036', '1037']",,"0.221098, 0.052063, -0.367682",-0.8101211308293292,0.5653890177289813,3.9192501132691535,Lysine CD,Lysine CD,65,LYS,65,A,3,11,6,0,8,25,8,0,12,35,12,0,13,47,16,0,19,60,23,0,0,0,0.0025158923
1QT8,1030,C,1.549389,-3.131225,20.384274,188,"['1029', '1031', '1038', '1039']",,"-0.028547, 0.234943, 0.418781",-1.2935695047571096,1.82213781155652,4.692052018331902,Lysine CE,Lysine CE,65,LYS,65,A,2,2,2,0,4,10,6,0,6,28,8,0,11,38,12,0,14,45,19,0,0,0,0.006289731
1QT8,1031,N,1.244688,-2.584553,21.699605,190,"['1030', '1040', '1041', '1042']",,"-0.064987, 0.110208, 0.288262",-1.5735168852293258,1.5803770798738996,6.100941590771495,Lysine NZ,Lysine NZ,65,LYS,65,A,1,1,2,0,2,5,4,0,5,20,6,0,8,30,8,0,15,41,14,0,0,0,0.006834929
1QT8,1032,H,3.71686,-1.020012,17.251855,183,['1027'],,"0.018198, -0.005062, -0.023397",-0.0631247221535606,-1.2295403264835216,1.8389018579752496,Lysine HB,Lysine HB,65,LYS,65,A,9,27,8,0,11,42,12,0,15,54,18,0,18,72,23,0,24,92,28,0,0,0,0.020352283
1QT8,1033,H,4.627697,-2.459289,17.768981,183,['1027'],,"0.048557, -0.039580, 0.007297",-1.6389442481351897,-0.5471229177027361,1.37022187664262,Lysine HB,Lysine HB,65,LYS,65,A,9,24,6,0,10,35,14,0,11,46,17,0,14,58,19,0,19,79,23,0,0,0,0.06105685
1QT8,1034,H,2.561353,-3.79595,18.031721,185,['1028'],,"0.009978, -0.046304, 0.002170",-0.9719849449455874,1.7320453947884455,2.067380075390895,Lysine HG,Lysine HG,65,LYS,65,A,8,14,4,0,9,26,8,0,11,33,13,0,12,44,18,0,16,59,23,0,0,0,0.11857417
1QT8,1035,H,1.533927,-2.487504,17.41024,185,['1028'],,"-0.088947, -0.007696, -0.037106",0.683185005395287,1.2206256459144458,2.458194647410979,Lysine HG,Lysine HG,65,LYS,65,A,7,18,5,0,10,28,10,0,11,38,13,0,15,53,18,0,18,69,23,0,0,0,0.005309291
1QT8,1036,H,1.714058,-1.174244,19.392565,187,['1029'],,"0.014927, 0.016141, -0.034093",0.0438064684795485,0.0908680301671451,4.458583166318858,Lysine HD,Lysine HD,65,LYS,65,A,3,18,5,0,8,25,8,0,11,36,10,0,16,48,18,0,20,65,24,0,0,0,0.12565322
1QT8,1037,H,3.266651,-1.884992,19.889805,187,['1029'],,"0.144749, 0.032346, 0.062105",-1.630800813154315,-0.1909088243738971,3.930144317163352,Lysine HD,Lysine HD,65,LYS,65,A,3,14,6,0,6,25,8,0,12,34,13,0,14,52,17,0,19,62,21,0,0,0,0.114149764
1QT8,1038,H,2.180353,-4.039479,20.529623,189,['1030'],,"-0.024671, 0.013201, 0.061380",-2.224964250869572,2.2160326815393034,4.221395149765908,Lysine HE,Lysine HE,65,LYS,65,A,0,2,2,0,4,8,4,0,5,19,7,0,10,32,11,0,12,42,16,0,0,0,0.20794724
1QT8,1039,H,0.5921,-3.477272,19.929783,189,['1030'],,"0.031667, 0.019199, 0.076348",-0.5358815995134396,2.6375467933635424,4.6309778384610745,Lysine HE,Lysine HE,65,LYS,65,A,2,3,1,0,4,8,6,0,7,22,7,0,12,35,12,0,13,44,19,0,0,0,0.13981134
1QT8,1040,HN,0.883202,-3.292308,22.337795,191,['1031'],,"-0.094569, -0.035446, 0.218513",-2.006168294889693,2.385251784960928,6.552455943977424,Lysine HN,Lysine HN,65,LYS,65,A,0,1,1,0,1,2,2,0,2,6,4,0,7,23,8,0,9,35,11,0,0,0,0.27519825
1QT8,1041,HN,0.507294,-1.88377,21.663209,191,['1031'],,"-0.201107, 0.022238, 0.081319",-0.7247004071316723,1.4205759103878024,6.639593209057166,Lysine HN,Lysine HN,65,LYS,65,A,1,3,3,0,3,5,3,0,4,20,7,0,8,30,10,0,14,43,14,0,0,0,0.23183906
1QT8,1042,HN,2.049661,-2.188853,22.182859,191,['1031'],,"0.089874, 0.056713, 0.217150",-2.219684030732341,0.8112325865096202,6.2711744243991285,Lysine HN,Lysine HN,65,LYS,65,A,0,1,2,0,2,8,6,0,5,21,7,0,9,29,10,0,15,45,15,0,0,0,0.24334252
1QT8,1043,N,3.024308,-0.65492,14.451995,7,"['1023', '1044', '1047']",,"0.210685, 0.133817, 0.193085",-0.5396991846498509,-0.955277106721074,-0.9559169058160332,Alanine N,Leucine N,66,LEU,66,A,11,34,11,0,14,47,14,0,19,70,19,0,23,91,25,0,28,111,32,0,0,0,0.0
1QT8,1044,CA,2.167949,0.115596,13.56286,8,"['1043', '1045', '1048', '1049']",,"0.077211, 0.335590, 0.400811",0.0,0.0,0.0,Alanine CA,Leucine CA,66,LEU,66,A,10,35,11,0,15,49,16,0,20,74,19,0,25,96,26,0,29,118,33,0,0,0,0.0
1QT8,1045,C,1.9315,-0.608189,12.233424,9,"['1044', '1046', '1062']",,"0.271775, 0.078311, 0.117063",1.5320486069058,1.3877787807814457e-17,0.0,Alanine C,Leucine C,66,LEU,66,A,12,37,11,0,15,56,15,0,20,75,19,0,23,96,26,0,26,120,29,0,0,0,0.0
1QT8,1046,O,0.795977,-0.660773,11.763788,11,['1045'],,"0.342114, 0.160696, 0.152645",2.139668880418596,1.0693610878918471,-1.1102230246251563e-16,Alanine O,Leucine O,66,LEU,66,A,11,37,12,0,16,55,13,0,19,75,19,0,21,92,24,0,25,117,30,0,0,0,0.0011161031
1QT8,1047,HN,3.87827,-0.183194,14.782789,10,['1043'],,"0.263529, 0.126220, 0.114870",-1.1813995273155764,-1.6659270209313948,-0.5759188050161036,Alanine HN,Leucine HN,66,LEU,66,A,10,35,9,0,15,56,15,0,20,73,22,0,22,96,29,0,30,114,32,0,0,0,0.0
1QT8,1048,H,1.154552,0.170411,14.027617,12,['1044'],,"-0.352471, -0.035147, 0.090599",-0.2727865504333147,1.02429127261706,-0.3498458512348196,Alanine HA,Leucine HA,66,LEU,66,A,10,30,11,0,14,45,12,0,18,61,17,0,23,91,24,0,28,112,31,0,0,0,0.0
1QT8,1049,C,2.685076,1.560558,13.267498,19,"['1044', '1050', '1053', '1054']",,"0.042718, 0.206537, 0.003703",-0.5061530710354791,-0.2028594372764573,1.464660828999749,Leucine CB,Leucine CB,66,LEU,66,A,13,38,11,0,16,62,15,0,20,83,21,0,25,106,29,0,32,131,34,0,0,0,0.0
1QT8,1050,C,2.675931,2.554064,14.465463,21,"['1049', '1051', '1052', '1055']",,"0.034526, -0.108794, 0.055685",-2.013638017292805,0.088447929785514,1.7193902913494523,Leucine CG,Leucine CG,66,LEU,66,A,9,41,9,0,16,56,16,0,20,81,23,0,30,104,28,0,34,132,38,0,0,0,0.0
1QT8,1051,C,3.293627,3.904213,14.009634,23,"['1050', '1056', '1057', '1058']",,"0.002793, -0.066318, 0.055324",-2.3512746371058766,-0.2418200129142723,3.198969740667418,Leucine CD,Leucine CD,66,LEU,66,A,12,41,9,0,15,61,16,0,25,83,25,0,30,116,34,0,42,153,43,0,0,0,0.0
1QT8,1052,C,1.237667,2.806689,14.983379,23,"['1050', '1059', '1060', '1061']",,"0.045241, -0.042773, 0.025183",-2.360432677769049,1.5728719516813787,1.4421205777839945,Leucine CD,Leucine CD,66,LEU,66,A,8,32,8,0,14,50,15,0,22,69,21,0,26,93,27,0,35,115,37,0,0,0,0.010063569
1QT8,1053,H,2.069597,1.983586,12.436451,20,['1049'],,"-0.008856, -0.038332, -0.005711",0.1101275536960663,0.4446964268163047,2.1349412172654154,Leucine HB,Leucine HB,66,LEU,66,A,14,37,10,0,17,60,16,0,20,82,20,0,23,106,27,0,33,131,37,0,0,0,0.0
1QT8,1054,H,3.721109,1.484156,12.853088,20,['1049'],,"0.053170, -0.053616, -0.017261",-0.2703503517975948,-1.2512222851331094,1.7749344302405086,Leucine HB,Leucine HB,66,LEU,66,A,14,40,11,0,17,65,16,0,21,87,23,0,27,116,32,0,33,143,36,0,0,0,0.0
1QT8,1055,H,3.292884,2.141192,15.303127,22,['1050'],,"0.081248, -0.032977, 0.052050",-2.640686031664368,-0.5579604277877194,1.0547533284733612,Leucine HG,Leucine HG,66,LEU,66,A,9,38,8,0,15,53,16,0,21,81,20,0,30,100,30,0,34,128,37,0,0,0,0.0026546456
1QT8,1056,H,3.271869,4.661929,14.823421,24,['1051'],,"-0.002202, -0.020523, 0.009574",-3.412048129881831,-0.0106289004145316,3.440147051196485,Leucine HD,Leucine HD,66,LEU,66,A,9,43,8,0,18,57,15,0,22,82,28,0,35,120,39,0,45,159,42,0,0,0,0.0
1QT8,1057,H,2.756161,4.345998,13.141507,24,['1051'],,"0.004060, -0.023425, 0.028118",-1.7237193336727947,0.3318520197412007,3.9164395418381353,Leucine HD,Leucine HD,66,LEU,66,A,12,37,9,0,18,62,14,0,23,84,24,0,29,121,35,0,42,156,42,0,0,0,0.0
1QT8,1058,H,4.361259,3.782004,13.71725,24,['1051'],,"-0.003669, -0.021894, 0.025294",-2.2045963028101707,-1.3244338689518758,3.4150582307001582,Leucine HD,Leucine HD,66,LEU,66,A,12,39,7,0,17,65,17,0,26,93,29,0,35,125,31,0,41,161,42,0,0,0,0.0
1QT8,1059,H,1.229043,3.544627,15.816819,24,['1052'],,"0.004900, -0.026895, 0.007201",-3.430943398904964,1.7879906898696998,1.658868872433178,Leucine HD,Leucine HD,66,LEU,66,A,8,32,11,0,12,47,13,0,22,76,19,0,27,88,29,0,35,120,39,0,0,0,0.0
1QT8,1060,H,0.781684,1.878052,15.393016,24,['1052'],,"0.005163, -0.019883, 0.026797",-2.2068056455593124,1.835536690313769,0.3718422887952817,Leucine HD,Leucine HD,66,LEU,66,A,9,28,7,0,14,45,14,0,16,60,19,0,26,81,26,0,34,111,30,0,0,0,0.01415811
1QT8,1061,H,0.558751,3.190086,14.18886,24,['1052'],,"0.020119, -0.026767, 0.017420",-1.7473358290861314,2.27550536889194,2.0500672622721035,Leucine HD,Leucine HD,66,LEU,66,A,8,27,8,0,13,48,14,0,20,69,19,0,27,97,27,0,32,118,35,0,0,0,0.01858252
1QT8,1062,N,3.009866,-1.169744,11.633125,7,"['1045', '1063', '1066']",,"0.315720, 0.104751, 0.082244",-0.5618140157161845,-0.9134587668759456,-0.9825038908779608,Alanine N,Phenylalanine N,67,PHE,67,A,13,44,12,0,16,58,16,0,18,74,21,0,22,94,26,0,28,130,31,0,0,0,0.0
1QT8,1063,CA,2.974054,-1.882374,10.365753,8,"['1062', '1064', '1067', '1068']",,"0.402518, 0.552259, 0.048120",0.0,0.0,0.0,Alanine CA,Phenylalanine CA,67,PHE,67,A,11,45,12,0,15,60,14,0,18,77,22,0,23,99,26,0,29,125,35,0,0,0,0.0
1QT8,1064,C,2.064889,-3.111837,10.4047,9,"['1063', '1065', '1082']",,"0.196903, 0.024731, 0.185611",1.5296003185155918,7.63278329429795e-17,-3.816391647148976e-17,Alanine C,Phenylalanine C,67,PHE,67,A,9,36,11,0,13,58,14,0,18,73,16,0,21,95,27,0,26,115,33,0,0,0,0.0
1QT8,1065,O,1.259875,-3.296546,9.488199,11,['1064'],,"0.311650, 0.026935, 0.225390",2.1332145169135166,1.0760060117724393,-1.1102230246251563e-16,Alanine O,Phenylalanine O,67,PHE,67,A,9,37,12,0,13,57,12,0,17,79,19,0,23,100,25,0,29,113,36,0,0,0,0.0
1QT8,1066,HN,3.945524,-1.030132,12.037832,10,['1062'],,"0.290707, 0.081563, 0.086166",-1.2198638070327907,-1.613000913295377,-0.6132527339561922,Alanine HN,Phenylalanine HN,67,PHE,67,A,11,42,12,0,16,61,17,0,18,73,21,0,22,101,26,0,30,134,32,0,0,0,0.0
1QT8,1067,H,2.510554,-1.195507,9.616324,12,['1063'],,"-0.236333, 0.198868, -0.231869",-0.2956769756840172,1.0330618125982318,-0.3059751119480273,Alanine HA,Phenylalanine HA,67,PHE,67,A,11,46,11,0,16,64,14,0,20,82,22,0,25,102,30,0,34,130,37,0,0,0,0.0008848819
1QT8,1068,C,4.409769,-2.251071,9.91389,61,"['1063', '1069', '1075', '1076']",,"0.174613, -0.031148, -0.152496",-0.5685153212892297,-0.3070356540042563,1.408515050126402,Phenylalanine CB,Phenylalanine CB,67,PHE,67,A,11,39,9,0,14,62,17,0,19,84,23,0,26,104,30,0,36,133,35,0,0,0,0.0
1QT8,1069,C,4.603621,-2.900607,8.559239,63,"['1068', '1070', '1071']",,"-0.072566, 0.008616, 0.018033",-0.1961452150619061,0.6043836813336652,2.55969281405404,Phenylalanine CG,Phenylalanine CG,67,PHE,67,A,11,44,9,0,15,68,15,0,19,86,25,0,25,109,31,0,38,135,37,0,0,0,0.0
1QT8,1070,C,5.608853,-3.872625,8.389997,64,"['1069', '1072', '1077']",,"-0.011528, 0.000464, 0.034217",-0.0166558781700074,0.0626420887446301,3.847424480789466,Phenylalanine CD,Phenylalanine CD,67,PHE,67,A,8,38,8,0,15,60,14,0,20,81,20,0,29,104,31,0,35,132,34,0,0,0,0.0
1QT8,1071,C,3.90184,-2.464963,7.420359,64,"['1069', '1073', '1078']",,"-0.081354, 0.026551, -0.008872",-0.1581806673104025,2.003395271129314,2.4159736927497644,Phenylalanine CD,Phenylalanine CD,67,PHE,67,A,8,46,10,0,16,67,17,0,22,87,25,0,33,111,34,0,42,145,40,0,0,0,0.0
1QT8,1072,C,5.907581,-4.386298,7.124604,66,"['1070', '1074', '1079']",,"-0.040768, 0.049838, -0.002157",0.1864466189643326,0.8912045624700895,4.954922298463949,Phenylalanine CE,Phenylalanine CE,67,PHE,67,A,5,37,8,0,13,57,14,0,22,83,20,0,28,106,28,0,34,127,37,2,0,0,0.0
1QT8,1073,C,4.177427,-3.00319,6.158768,66,"['1071', '1074', '1080']",,"-0.047906, 0.005146, 0.002832",0.0785092301657852,2.83140552231223,3.518527666824375,Phenylalanine CE,Phenylalanine CE,67,PHE,67,A,8,45,7,0,14,68,17,0,24,88,26,0,33,117,34,1,42,142,41,1,0,0,0.0
1QT8,1074,C,5.189905,-3.954884,6.008454,68,"['1072', '1073', '1081']",,"-0.044745, 0.011869, -0.055668",0.2378375966311551,2.2759416643050434,4.791124163284761,Phenylalanine CZ,Phenylalanine CZ,67,PHE,67,A,8,44,7,0,13,62,16,0,24,87,21,0,30,116,32,1,38,131,42,2,0,0,0.0
1QT8,1075,H,4.85325,-2.926256,10.683347,62,['1068'],,"-0.018647, -0.042608, 0.042310",-0.2698192445831351,-1.3458783353664805,1.6845599623699168,Phenylalanine HB,Phenylalanine HB,67,PHE,67,A,10,36,13,0,11,55,15,0,20,78,21,0,23,101,26,0,32,126,34,0,0,0,0.0
1QT8,1076,H,5.042457,-1.331708,9.916075,62,['1068'],,"-0.020644, 0.015908, 0.041429",-1.6834833673530982,-0.3145907505659061,1.3603862426358375,Phenylalanine HB,Phenylalanine HB,67,PHE,67,A,11,38,11,0,15,61,18,0,18,90,24,0,30,115,31,0,37,138,35,0,0,0,0.0
1QT8,1077,H,6.208347,-4.210437,9.252056,65,['1070'],,"0.004633, -0.019354, 0.048124",-0.0795069344343634,-1.0268911285376752,4.0074958274631385,Phenylalanine HD,Phenylalanine HD,67,PHE,67,A,6,33,8,0,13,47,14,0,17,74,21,0,28,104,26,0,35,126,34,0,0,0,0.06282661
1QT8,1078,H,3.131861,-1.681971,7.497864,65,['1071'],,"-0.005289, 0.014016, -0.013026",-0.3279002635889473,2.474238322088252,1.4354364739086192,Phenylalanine HD,Phenylalanine HD,67,PHE,67,A,8,46,11,0,15,66,21,0,20,91,25,0,33,114,31,0,43,149,44,0,0,0,0.0
1QT8,1079,H,6.722428,-5.11617,6.99691,67,['1072'],,"-0.013852, 0.029623, -0.063675",0.2855227932619884,0.4600532330450595,5.963528748101552,Phenylalanine HE,Phenylalanine HE,67,PHE,67,A,8,34,10,0,11,52,14,0,20,73,18,0,26,100,24,1,32,117,35,2,0,0,0.05309291
1QT8,1080,H,3.614898,-2.646392,5.282254,67,['1073'],,"-0.030865, 0.017409, 0.018186",0.1037603677247016,3.923429096647277,3.381169106881842,Phenylalanine HE,Phenylalanine HE,67,PHE,67,A,7,45,6,0,15,66,16,0,24,93,29,0,35,116,35,1,42,153,40,1,0,0,0.0
1QT8,1081,H,5.4536,-4.351037,5.016948,69,['1074'],,"0.103879, -0.058565, -0.026301",0.3742765110689682,2.9146505792787285,5.675992371002819,Phenylalanine HZ,Phenylalanine HZ,67,PHE,67,A,6,47,9,0,16,59,11,0,19,88,21,1,30,108,34,2,35,139,39,2,0,0,0.0
1QT8,1082,N,2.131822,-3.918085,11.495619,7,"['1064', '1083', '1086']",,"0.267139, -0.020633, 0.164326",-0.5417368329012212,-0.9014764652329323,-1.0144164770148856,Alanine N,Asparagine N,68,ASN,68,A,9,41,9,0,9,55,14,0,13,72,16,0,19,88,22,0,25,109,27,0,0,0,0.0
1QT8,1083,CA,1.221726,-5.0362,11.733786,8,"['1082', '1084', '1087', '1088']",,"0.398651, -0.238205, 0.086909",0.0,0.0,0.0,Alanine CA,Asparagine CA,68,ASN,68,A,7,39,8,0,10,46,12,0,10,59,17,0,15,82,19,0,21,95,24,0,0,0,0.0
1QT8,1084,C,-0.243996,-4.585993,11.734138,9,"['1083', '1085', '1096']",,"0.246049, 0.032792, 0.189837",1.5333060516534198,3.447762908503904e-17,-4.6837533851373785e-17,Alanine C,Asparagine C,68,ASN,68,A,9,34,12,0,10,45,14,0,12,56,15,0,13,77,18,0,21,99,20,0,0,0,0.0
1QT8,1085,O,-1.09091,-5.197473,11.07694,11,['1084'],,"0.251624, 0.090276, 0.258423",2.163197631883293,1.0612807932660946,0.0,Alanine O,Asparagine O,68,ASN,68,A,7,32,11,0,10,43,13,0,11,57,15,0,15,74,16,0,19,100,22,0,0,0,0.015625443
1QT8,1086,HN,2.886745,-3.788687,12.18611,10,['1082'],,"0.226714, 0.048189, 0.186482",-1.2252326751421714,-1.6003868567491977,-0.6861054999155589,Alanine HN,Asparagine HN,68,ASN,68,A,8,39,10,0,10,55,13,0,13,68,17,0,19,84,19,0,24,105,26,0,0,0,0.0
1QT8,1087,H,1.299589,-5.743846,10.874406,12,['1083'],,"-0.058057, -0.247484, -0.292874",-0.2824062398378087,1.0453748416589348,-0.2698103938180027,Alanine HA,Asparagine HA,68,ASN,68,A,7,36,7,0,9,46,12,0,12,59,16,0,15,81,20,0,21,103,24,0,0,0,0.0
1QT8,1088,C,1.528113,-5.798199,13.056644,147,"['1083', '1089', '1092', '1093']",,"0.054014, -0.195399, 0.307149",-0.516315580530915,-0.318193910892164,1.4340988858186086,Asparagine CB,Asparagine CB,68,ASN,68,A,7,29,6,0,9,44,9,0,10,51,15,0,13,65,18,0,18,81,22,0,0,0,0.0050317845
1QT8,1089,C,2.680832,-6.792169,12.961238,149,"['1088', '1090', '1091']",,"0.011490, 0.092626, 0.170107",-1.9100956614974616,0.2209375707528438,1.738325922909569,Asparagine CG,Asparagine CG,68,ASN,68,A,4,26,4,0,8,39,8,0,9,50,11,0,14,63,19,0,16,73,23,0,0,0,0.035222493
1QT8,1090,O,2.733382,-7.595816,12.030841,150,['1089'],,"0.070656, 0.119959, 0.107856",-2.1965086025404053,1.3881808605192556,1.4742060440355735,Asparagine OD1,Asparagine OD1,68,ASN,68,A,3,23,3,0,8,38,4,0,9,48,10,0,12,59,19,0,17,79,23,0,0,0,0.21094349
1QT8,1091,N,3.56244,-6.797027,13.98594,151,"['1089', '1094', '1095']",,"0.044412, 0.011760, 0.116724",-2.7540358847050945,-0.6134475021429079,2.385502022910954,Asparagine ND2,Asparagine ND2,68,ASN,68,A,5,18,4,0,5,34,8,0,11,47,12,0,13,62,13,0,15,70,22,0,0,0,0.07176675
1QT8,1092,H,0.641167,-6.412472,13.344272,148,['1088'],,"-0.047284, -0.048963, 0.061250",0.1512403222539528,0.1692041963054337,2.18479629062715,Asparagine HB,Asparagine HB,68,ASN,68,A,7,26,7,0,9,40,8,0,10,47,15,0,11,56,16,0,16,71,18,0,0,0,0.17697638
1QT8,1093,H,1.670011,-5.082678,13.900837,148,['1088'],,"-0.010977, 0.058828, 0.051335",-0.4416751013496139,-1.4107601306936155,1.6473945006594914,Asparagine HB,Asparagine HB,68,ASN,68,A,8,26,7,0,9,41,9,0,12,53,13,0,14,63,18,0,17,78,21,0,0,0,0.017697638
1QT8,1094,HN,3.456866,-6.143342,14.771333,152,['1091'],,"-0.006772, -0.003748, 0.011906",-2.461001004242391,-1.566109723404483,2.634213430295442,Asparagine HD2,Asparagine HD2,68,ASN,68,A,5,19,7,0,7,31,9,0,13,44,12,0,13,61,15,0,14,70,21,0,0,0,0.09733701
1QT8,1095,HN,4.309557,-7.505563,14.013215,152,['1091'],,"0.037303, -0.054614, 0.090883",-3.6762549603431136,-0.2709512428399008,2.6907220902440225,Asparagine HD2,Asparagine HD2,68,ASN,68,A,5,15,4,0,5,27,6,0,6,41,11,0,13,52,13,0,15,69,18,0,0,0,0.2734285
1QT8,1096,N,-0.547236,-3.480801,12.46091,7,"['1084', '1097', '1100']",,"0.192744, 0.070726, 0.222416",-0.5794333212854053,-1.06278200510222,-0.8086731570152855,Alanine N,Glutamine N,69,GLN,69,A,9,32,10,0,10,42,14,0,12,56,15,0,16,69,18,0,21,92,19,0,0,0,0.0
1QT8,1097,CA,-1.882467,-2.912136,12.574836,8,"['1096', '1098', '1101', '1102']",,"0.108093, -0.372757, 0.484381",0.0,0.0,0.0,Alanine CA,Glutamine CA,69,GLN,69,A,8,28,12,0,11,39,13,0,12,52,16,0,15,69,18,0,21,88,20,0,0,0,0.0
1QT8,1098,C,-2.441521,-2.39843,11.245324,9,"['1097', '1099', '1113']",,"0.349453, -0.056422, 0.107112",1.5310249467255583,-5.551115123125783e-17,0.0,Alanine C,Glutamine C,69,GLN,69,A,9,28,11,0,10,40,14,0,13,55,15,0,17,75,18,0,22,92,22,0,0,0,0.0012579461
1QT8,1099,O,-3.637119,-2.528394,10.973452,11,['1098'],,"0.343621, 0.051574, 0.149061",2.16007912786859,1.0604482262093091,0.0,Alanine O,Glutamine O,69,GLN,69,A,7,24,12,0,10,34,12,0,14,51,15,0,17,71,16,0,21,85,25,0,0,0,0.0357153
1QT8,1100,HN,0.208338,-2.965629,12.934119,10,['1096'],,"0.217485, 0.114469, 0.107011",-1.0934006248587118,-1.7942232521653323,-0.297740353514331,Alanine HN,Glutamine HN,69,GLN,69,A,8,32,10,0,11,46,13,0,14,59,17,0,18,74,18,0,21,93,23,0,0,0,0.0
1QT8,1101,H,-2.583314,-3.732481,12.87225,12,['1097'],,"-0.356559, -0.275232, 0.105872",-0.2776050858668248,0.9791300172764456,-0.4656687120680327,Alanine HA,Glutamine HA,69,GLN,69,A,8,22,11,0,9,33,13,0,12,46,14,0,17,61,16,0,19,76,20,0,0,0,0.043359213
1QT8,1102,C,-1.932764,-1.785494,13.651456,167,"['1097', '1103', '1107', '1108']",,"0.002473, -0.190997, 0.458693",-0.5385266366255975,-0.0379351933470381,1.4627072815582225,Glutamine CB,Glutamine CB,69,GLN,69,A,8,25,9,0,11,35,11,0,13,46,16,0,14,61,18,0,21,77,20,0,0,0,0.0
1QT8,1103,C,-1.750132,-2.33422,15.088484,169,"['1102', '1104', '1109', '1110']",,"-0.032718, 0.060889, -0.065315",-2.0372161020894817,0.344006479981885,1.5496244120117657,Glutamine CG,Glutamine CG,69,GLN,69,A,5,21,7,0,11,28,12,0,12,38,14,0,16,55,17,0,19,68,20,0,0,0,0.0025158923
1QT8,1104,C,-1.487787,-1.365868,16.232979,171,"['1103', '1105', '1106']",,"-0.021857, 0.123124, -0.149495",-2.801956499077851,0.0897714778382998,2.8407231645683337,Glutamine CD,Glutamine CD,69,GLN,69,A,6,14,4,0,8,25,10,0,13,41,14,0,18,53,17,0,19,64,20,0,0,0,0.040254276
1QT8,1105,O,-1.222512,-1.788072,17.363797,172,['1104'],,"0.004876, 0.075690, -0.234662",-4.0224642920347735,0.276519718150899,2.89422283219882,Glutamine OE1,Glutamine OE1,69,GLN,69,A,4,14,3,0,7,18,6,0,9,32,14,0,18,48,15,0,18,60,19,0,0,0,0.19755025
1QT8,1106,N,-1.522334,-0.046234,15.953356,173,"['1104', '1111', '1112']",,"-0.038897, 0.126161, -0.048393",-2.1037447041595154,-0.37549590772228,3.8975310755268673,Glutamine NE2,Glutamine NE2,69,GLN,69,A,6,19,4,0,9,29,9,0,13,42,13,0,18,54,18,0,20,75,22,0,0,0,0.060375202
1QT8,1107,H,-2.900381,-1.232917,13.600991,168,['1102'],,"0.030531, -0.052724, -0.004240",0.0440282718803289,0.6526475566423093,2.116844851061612,Glutamine HB,Glutamine HB,69,GLN,69,A,8,22,8,0,9,31,9,0,12,41,17,0,13,56,17,0,23,70,21,0,0,0,0.12742299
1QT8,1108,H,-1.131005,-1.04667,13.411274,168,['1102'],,"0.032199, -0.005874, -0.106660",-0.3748215334017464,-1.0679549257350134,1.8609858025091668,Glutamine HB,Glutamine HB,69,GLN,69,A,10,26,8,0,11,40,13,0,14,54,16,0,18,66,20,0,23,92,25,0,0,0,0.0008848819
1QT8,1109,H,-0.895942,-3.049661,15.112177,170,['1103'],,"0.081808, -0.060184, 0.031631",-2.6097507301481127,-0.1978138832964072,0.7617839888036484,Glutamine HG,Glutamine HG,69,GLN,69,A,7,20,7,0,10,27,11,0,12,40,15,0,15,57,17,0,18,74,19,0,0,0,0.045128975
1QT8,1110,H,-2.650406,-2.936559,15.354599,170,['1103'],,"-0.085036, -0.083074, -0.003270",-2.141673226553744,1.4265752701302783,1.302124385815198,Glutamine HG,Glutamine HG,69,GLN,69,A,3,16,4,0,10,27,9,0,11,33,14,0,14,45,16,0,17,62,19,0,0,0,0.19821355
1QT8,1111,HN,-1.911342,0.325053,15.078063,174,['1106'],,"-0.054834, -0.004153, -0.026809",-1.077032900127905,-0.3670527341323581,3.930857950026055,Glutamine HE2,Glutamine HE2,69,GLN,69,A,6,20,6,0,10,30,9,0,13,41,13,0,18,57,19,0,22,80,27,0,0,0,0.11768929
1QT8,1112,HN,-1.232949,0.593347,16.700768,174,['1106'],,"0.051889, 0.101512, 0.111071",-2.6438524726949346,-0.6513735699054957,4.724336581922424,Glutamine HE2,Glutamine HE2,69,GLN,69,A,6,18,5,0,11,30,8,0,11,40,14,0,17,55,17,0,25,74,24,0,0,0,0.10618582
1QT8,1113,N,-1.578829,-1.754632,10.42046,7,"['1098', '1114', '1117']",,"0.292176, 0.114493, 0.129504",-0.5587550788238175,-0.9653745940072602,-0.9336053165224082,Alanine N,Aspartate N,70,ASP,70,A,10,34,9,0,11,48,15,0,15,65,15,0,21,83,20,0,24,109,25,0,0,0,0.0
1QT8,1114,CA,-1.911319,-1.24161,9.100599,8,"['1113', '1115', '1118', '1119']",,"0.171722, 0.651816, 0.304725",0.0,0.0,0.0,Alanine CA,Aspartate CA,70,ASP,70,A,9,37,8,0,13,50,11,0,15,66,19,0,22,91,23,0,25,119,29,0,0,0,0.0
1QT8,1115,C,-2.245688,-2.356222,8.102588,9,"['1114', '1116', '1125']",,"0.227149, 0.024528, 0.220897",1.5330324506761102,5.551115123125783e-17,0.0,Alanine C,Aspartate C,70,ASP,70,A,8,36,7,0,11,49,14,0,16,74,18,0,21,100,23,0,32,126,29,0,0,0,0.0
1QT8,1116,O,-3.215977,-2.240865,7.349064,11,['1115'],,"0.346164, 0.098255, 0.191714",2.1513373707728496,1.0678321147681251,0.0,Alanine O,Aspartate O,70,ASP,70,A,8,34,8,0,12,46,13,0,13,71,16,0,24,99,20,0,32,127,32,0,0,0,0.016741548
1QT8,1117,HN,-0.628771,-1.547677,10.753804,10,['1113'],,"0.315412, 0.098617, 0.180056",-1.133449664223783,-1.7087529981580074,-0.5168638145343647,Alanine HN,Aspartate HN,70,ASP,70,A,9,38,9,0,14,57,13,0,17,68,17,0,20,86,21,0,23,110,25,0,0,0,0.0
1QT8,1118,H,-2.860846,-0.659287,9.188052,12,['1114'],,"-0.359259, 0.179459, 0.002031",-0.2732172212083803,1.0221871399768874,-0.3589365238702277,Alanine HA,Aspartate HA,70,ASP,70,A,9,29,7,0,12,45,10,0,16,58,17,0,19,82,22,0,27,110,27,0,0,0,0.025661575
1QT8,1119,C,-0.801298,-0.312788,8.532604,137,"['1114', '1120', '1123', '1124']",,"0.056147, -0.286762, -0.431181",-0.5476514867625442,-0.1903684770855253,1.4426756184703873,Aspartate CB,Aspartate CB,70,ASP,70,A,10,40,9,0,15,57,12,0,18,78,21,0,21,98,27,0,35,129,32,0,0,0,0.0
1QT8,1120,C,-0.562088,0.989494,9.258076,139,"['1119', '1121', '1122']",,"0.083543, -0.638252, -0.307711",-2.018952755219869,0.0729470375904796,1.6557647349798443,Aspartate CG,Aspartate CG,70,ASP,70,A,10,37,7,0,15,52,13,0,18,73,17,0,26,101,24,0,30,123,32,0,0,0,0.020127138
1QT8,1121,O,-1.533888,1.545772,9.855199,140,['1120'],,"0.506600, -0.556160, 0.029986",-2.6001731083154804,0.9312489104203672,0.9237147867815538,Aspartate OD,Aspartate OD,70,ASP,70,A,11,27,8,0,13,45,11,0,16,61,16,0,24,90,21,0,31,119,33,0,0,0,0.16071886
1QT8,1122,O,0.551869,1.556161,9.221211,140,['1120'],,"0.344448, -0.603920, -0.387541",-2.6499210366775743,-0.4866744188905132,2.578843045960772,Aspartate OD,Aspartate OD,70,ASP,70,A,11,37,10,0,12,56,13,0,21,79,19,0,25,108,22,0,31,132,36,0,0,0,0.0
1QT8,1123,H,-1.055945,-0.053209,7.475843,138,['1119'],,"-0.050653, -0.022596, -0.209799",0.0071151761289789,0.4935454511232217,2.130764167653762,Aspartate HB,Aspartate HB,70,ASP,70,A,11,38,8,0,14,53,12,0,18,74,21,0,24,107,27,0,38,134,34,0,0,0,0.06282661
1QT8,1124,H,0.16379,-0.870589,8.486699,138,['1119'],,"0.055776, -0.174072, -0.019643",-0.3227052545135719,-1.2254144810781709,1.7929940944117049,Aspartate HB,Aspartate HB,70,ASP,70,A,10,41,9,0,15,66,11,0,21,82,17,0,24,104,31,0,33,129,33,0,0,0,0.0
1QT8,1125,N,-1.439815,-3.448964,8.079799,7,"['1115', '1126', '1129']",,"0.309390, 0.019225, 0.156353",-0.5229732959322533,-0.8909052551666528,-1.0279230870445497,Alanine N,Valine N,71,VAL,71,A,8,41,9,0,10,54,15,0,15,78,20,0,21,103,26,0,32,121,30,0,0,0,0.0
1QT8,1126,CA,-1.626291,-4.582302,7.182798,8,"['1125', '1127', '1130', '1131']",,"0.460031, 0.357258, -0.145962",0.0,0.0,0.0,Alanine CA,Valine CA,71,VAL,71,A,7,43,11,0,10,64,15,0,14,79,20,0,22,95,24,0,32,123,34,0,0,0,0.0
1QT8,1127,C,-2.930689,-5.319655,7.493427,9,"['1126', '1128', '1141']",,"0.265512, 0.014915, 0.216152",1.530239838931793,5.551115123125783e-17,-2.0816681711721685e-17,Alanine C,Valine C,71,VAL,71,A,8,31,9,0,9,55,15,0,13,75,17,0,18,91,21,0,26,110,30,0,0,0,0.0
1QT8,1128,O,-3.71552,-5.593004,6.578573,11,['1127'],,"0.300303, 0.035085, 0.283350",2.145245725476973,1.0721030618335057,-1.9428902930940242e-16,Alanine O,Valine O,71,VAL,71,A,7,33,11,0,10,54,11,0,14,75,17,0,19,99,24,0,26,115,30,0,0,0,0.0
1QT8,1129,HN,-0.651481,-3.525108,8.736583,10,['1125'],,"0.266558, 0.002288, 0.192433",-1.0249469796785948,-1.7210864253585276,-0.6852056050962586,Alanine HN,Valine HN,71,VAL,71,A,7,42,10,0,11,55,15,0,17,78,21,0,21,106,23,0,29,119,31,0,0,0,0.0
1QT8,1130,H,-1.769795,-4.184632,6.148363,12,['1126'],,"-0.102936, 0.072021, -0.312465",-0.2792780162038694,1.0465769125900406,-0.2747201336628425,Alanine HA,Valine HA,71,VAL,71,A,8,49,10,0,12,70,14,0,16,80,21,0,24,102,29,0,35,131,36,1,0,0,0.0
1QT8,1131,C,-0.38359,-5.540541,7.156198,15,"['1126', '1132', '1133', '1134']",,"0.238384, -0.131417, -0.058270",-0.6029636698487019,-0.2968140701379529,1.4182988179973666,Valine CB,Valine CB,71,VAL,71,A,8,49,8,0,10,65,13,0,16,73,20,0,19,96,27,0,34,128,33,1,0,0,0.0
1QT8,1132,C,-0.639526,-6.810139,6.301345,17,"['1131', '1135', '1136', '1137']",,"0.028359, -0.021518, 0.047100",0.0534315843659355,0.5671780447185635,2.527721580076487,Valine CG,Valine CG,71,VAL,71,A,7,43,6,0,9,62,12,0,17,75,19,0,21,99,25,1,30,123,31,1,0,0,0.0
1QT8,1133,C,0.840305,-4.792812,6.561259,17,"['1131', '1138', '1139', '1140']",,"0.041743, 0.038941, 0.069231",-2.127294470049474,-0.0013079390727299,1.4104387767036577,Valine CG,Valine CG,71,VAL,71,A,8,51,9,0,12,64,14,0,16,84,22,0,28,111,31,1,35,132,38,1,0,0,0.0
1QT8,1134,H,-0.152042,-5.84698,8.208063,16,['1131'],,"0.010325, -0.008149, 0.021035",-0.439157490862421,-1.3797378696749945,1.651500223165025,Valine HB,Valine HB,71,VAL,71,A,9,41,8,0,10,57,14,0,13,70,20,0,20,89,21,0,28,116,28,0,0,0,0.0
1QT8,1135,H,0.268297,-7.451123,6.236539,18,['1132'],,"0.028247, -0.033584, 0.038921",-0.4247036951904694,0.3956168728230863,3.518254933357621,Valine HG,Valine HG,71,VAL,71,A,5,40,6,0,10,58,11,0,16,73,15,0,22,91,25,1,24,120,32,1,0,0,0.0
1QT8,1136,H,-0.953902,-6.560447,5.263612,18,['1132'],,"-0.002152, -0.010899, 0.041692",-0.009558334751767,1.6553125445727952,2.303972336847538,Valine HG,Valine HG,71,VAL,71,A,5,45,6,0,13,62,12,0,16,83,20,0,26,106,27,1,31,131,35,1,0,0,0.0
1QT8,1137,H,-1.43761,-7.448279,6.742824,18,['1132'],,"-0.000006, -0.030184, -0.000259",1.1308377237158902,0.3193437069938564,2.6574851729389737,Valine HG,Valine HG,71,VAL,71,A,7,36,7,0,10,55,11,0,13,71,16,0,19,89,23,0,25,113,28,1,0,0,0.05663244
1QT8,1138,H,1.747847,-5.437323,6.550293,18,['1133'],,"0.032496, -0.009022, 0.037186",-2.592561541153832,-0.2250890195444913,2.396641466118904,Valine HG,Valine HG,71,VAL,71,A,8,44,6,0,13,58,13,0,16,86,19,0,26,113,28,1,35,126,38,1,0,0,0.0
1QT8,1139,H,1.107543,-3.895614,7.161057,18,['1133'],,"0.049177, 0.018395, 0.089107",-2.665655631297949,-0.6286890025747609,0.6670019590316697,Valine HG,Valine HG,71,VAL,71,A,7,46,10,0,12,64,16,0,21,93,21,0,28,110,30,0,36,138,39,1,0,0,0.0
1QT8,1140,H,0.656718,-4.44811,5.518985,18,['1133'],,"0.025501, -0.000296, 0.043042",-2.34847356885157,1.0614777651210665,1.1646236029177648,Valine HG,Valine HG,71,VAL,71,A,6,51,6,0,15,68,14,0,20,87,23,0,29,114,35,1,41,144,41,1,0,0,0.0
1QT8,1141,N,-3.193916,-5.573902,8.798812,7,"['1127', '1142', '1145']",,"0.248342, -0.021484, 0.200332",-0.500826115712817,-0.7057216916216695,-1.173816690656451,Alanine N,Aspartate N,72,ASP,72,A,8,34,7,0,8,44,11,0,13,62,13,0,18,80,18,0,24,98,21,0,0,0,0.0034174644
1QT8,1142,CA,-4.458279,-6.115586,9.28325,8,"['1141', '1143', '1146', '1147']",,"0.462695, -0.516897, 0.453829",0.0,0.0,0.0,Alanine CA,Aspartate CA,72,ASP,72,A,8,29,7,0,11,37,10,0,12,52,13,0,16,71,16,0,20,94,18,0,0,0,0.0
1QT8,1143,C,-5.626863,-5.27524,8.75725,9,"['1142', '1144', '1153']",,"0.274119, 0.026333, 0.205374",1.532464017447718,-2.775557561562892e-17,-1.1102230246251563e-16,Alanine C,Aspartate C,72,ASP,72,A,9,27,7,0,11,33,9,0,13,51,11,0,18,72,17,0,22,97,21,0,0,0,0.0
1QT8,1144,O,-6.517294,-5.782242,8.067081,11,['1143'],,"0.410664, 0.134342, 0.311045",2.1703355758547,1.0580035525939642,0.0,Alanine O,Aspartate O,72,ASP,72,A,10,25,8,0,13,37,8,0,14,49,10,0,18,75,15,0,23,97,20,0,0,0,0.0
1QT8,1145,HN,-2.46231,-5.422668,9.508661,10,['1141'],,"0.226788, 0.058081, 0.224716",-1.2194301027572108,-1.4237337721851284,-1.000404964519391,Alanine HN,Aspartate HN,72,ASP,72,A,7,33,8,0,10,48,12,0,14,60,15,0,19,77,17,0,21,97,22,0,0,0,0.0
1QT8,1146,H,-4.597349,-7.132684,8.841694,12,['1142'],,"-0.158618, -0.311705, -0.148704",-0.3001315514043977,1.0734336382585676,-0.0803852209461639,Alanine HA,Aspartate HA,72,ASP,72,A,8,27,7,0,11,37,8,0,13,50,11,0,15,71,14,0,22,94,19,0,0,0,0.058402203
1QT8,1147,C,-4.485839,-6.228172,10.833175,137,"['1142', '1148', '1151', '1152']",,"0.433465, 0.114123, 0.141998",-0.5727152870954384,-0.5886273137392157,1.3195521028244186,Aspartate CB,Aspartate CB,72,ASP,72,A,9,25,6,0,10,36,8,0,14,42,13,0,15,55,16,0,17,72,16,0,0,0,0.0012579461
1QT8,1148,C,-5.786328,-6.772692,11.387983,139,"['1147', '1149', '1150']",,"0.415266, 0.052516, -0.082026",-0.0700500258653947,0.101844180348002,2.571016180371392,Aspartate CG,Aspartate CG,72,ASP,72,A,10,19,5,0,11,29,5,0,12,37,11,0,16,43,14,0,19,59,15,0,0,0,0.037738383
1QT8,1149,O,-6.239307,-6.293664,12.458193,140,['1148'],,"0.060459, -0.010114, -0.508614",0.1707143974575751,-0.5897642284489005,3.5926411334086463,Aspartate OD,Aspartate OD,72,ASP,72,A,8,14,4,0,10,23,5,0,13,32,9,0,16,41,14,0,18,52,15,0,0,0,0.33483094
1QT8,1150,O,-6.350486,-7.707752,10.72535,140,['1148'],,"0.033496, 0.443252, 0.120605",0.074838883096916,1.3696369961194752,2.512685008679486,Aspartate OD,Aspartate OD,72,ASP,72,A,7,19,4,0,11,26,7,0,11,35,9,0,16,46,10,0,19,64,15,0,0,0,0.16183496
1QT8,1151,H,-4.260795,-5.233518,11.292851,138,['1147'],,"0.105966, 0.153129, 0.013505",-0.3566703341187237,-1.6847869386420071,1.37470699067908,Aspartate HB,Aspartate HB,72,ASP,72,A,8,25,7,0,11,37,11,0,15,45,13,0,16,56,16,0,19,77,16,0,0,0,0.0
1QT8,1152,H,-3.661533,-6.900529,11.175062,138,['1147'],,"0.164491, -0.029095, 0.037200",-1.6873358333388837,-0.5111949992740228,1.3120479424764957,Aspartate HB,Aspartate HB,72,ASP,72,A,7,25,6,0,11,36,9,0,13,43,11,0,16,54,15,0,17,73,16,0,0,0,0.15485433
1QT8,1153,N,-5.596201,-3.949682,9.045887,7,"['1143', '1154', '1157']",,"0.233556, 0.068624, 0.263724",-0.5838752096613006,-0.9686307994450886,-0.9107931077958056,Alanine N,Alanine N,73,ALA,73,A,9,29,11,0,10,37,13,0,14,48,14,0,18,70,21,0,24,95,22,0,0,0,0.0
1QT8,1154,CA,-6.616464,-2.992383,8.65686,8,"['1153', '1155', '1158', '1159']",,"0.178565, 0.221377, 0.674560",0.0,0.0,0.0,Alanine CA,Alanine CA,73,ALA,73,A,8,26,11,0,11,35,12,0,13,49,16,0,20,72,19,0,25,90,24,0,0,0,0.0
1QT8,1155,C,-6.943839,-3.015306,7.161956,9,"['1154', '1156', '1163']",,"0.397205, -0.037051, 0.153418",1.5305024742776472,0.0,0.0,Alanine C,Alanine C,73,ALA,73,A,8,26,9,0,11,40,14,0,15,64,17,0,20,79,21,0,28,101,27,0,0,0,0.0037738383
1QT8,1156,O,-8.12623,-2.960905,6.801145,11,['1155'],,"0.457505, 0.112266, 0.099515",2.1350202991068263,1.079699366891913,0.0,Alanine O,Alanine O,73,ALA,73,A,7,27,11,0,12,37,11,0,16,63,17,0,21,78,21,0,27,94,27,0,0,0,0.08482384
1QT8,1157,HN,-4.823331,-3.569871,9.610657,10,['1153'],,"0.225902, 0.129723, 0.174490",-1.3065147835731297,-1.5800039087695268,-0.5051275399538968,Alanine HN,Alanine HN,73,ALA,73,A,8,31,11,0,12,39,13,0,13,51,17,0,19,69,20,0,22,92,23,0,0,0,0.0
1QT8,1158,H,-7.560121,-3.278697,9.179822,12,['1154'],,"-0.251177, -0.080029, 0.092769",-0.3046614476537011,1.014799714655766,-0.3511643990172228,Alanine HA,Alanine HA,73,ALA,73,A,9,23,9,0,11,31,11,0,14,40,14,0,19,64,17,0,23,83,24,0,0,0,0.08848819
1QT8,1159,C,-6.229712,-1.553387,9.072061,13,"['1154', '1160', '1161', '1162']",,"0.079475, 0.337748, 0.081499",-0.5098225518258448,-0.2043360747755855,1.4460311898835685,Alanine CB,Alanine CB,73,ALA,73,A,8,22,9,0,8,31,13,0,14,47,16,0,18,66,21,0,28,89,23,0,0,0,0.05157579
1QT8,1160,H,-7.03646,-0.828628,8.819443,14,['1159'],,"-0.012446, 0.011440, -0.015921",-0.1013716377493774,0.5713897518580144,2.132581326576233,Alanine HB,Alanine HB,73,ALA,73,A,7,19,7,0,8,26,12,0,13,42,18,0,18,64,19,0,28,83,24,0,0,0,0.23714834
1QT8,1161,H,-5.303801,-1.217937,8.548601,14,['1159'],,"0.087992, -0.016363, -0.063092",-0.2016147430879759,-1.1990453788258668,1.8452925091843573,Alanine HB,Alanine HB,73,ALA,73,A,8,20,12,0,10,39,12,0,14,51,17,0,21,77,21,0,26,100,27,0,0,0,0.05132315
1QT8,1162,H,-6.039475,-1.47766,10.164977,14,['1159'],,"0.031300, -0.018323, -0.013169",-1.6191440044169765,-0.1529758663312956,1.5022283567486494,Alanine HB,Alanine HB,73,ALA,73,A,8,20,8,0,9,29,12,0,13,40,16,0,17,54,19,0,22,81,23,0,0,0,0.15485433
1QT8,1163,N,-5.893189,-3.080972,6.303316,7,"['1155', '1164', '1167']",,"0.324372, 0.094509, 0.140228",-0.5619341936453708,-0.907840815451834,-0.9879838413020096,Alanine N,Alanine N,74,ALA,74,A,9,36,10,0,9,52,16,0,16,66,19,0,21,87,25,0,29,120,28,0,0,0,0.0056957738
1QT8,1164,CA,-5.961254,-3.103071,4.85041,8,"['1163', '1165', '1168', '1169']",,"0.427190, 0.599548, 0.135470",0.0,0.0,0.0,Alanine CA,Alanine CA,74,ALA,74,A,8,42,9,0,14,57,14,0,17,73,22,0,23,101,28,0,29,132,32,0,0,0,0.0
1QT8,1165,C,-6.660904,-4.352475,4.310265,9,"['1164', '1166', '1173']",,"0.265106, 0.080092, 0.211656",1.5304499661017996,0.0,0.0,Alanine C,Alanine C,74,ALA,74,A,9,39,10,0,13,59,14,0,16,83,19,0,21,107,27,0,31,133,33,0,0,0,0.0
1QT8,1166,O,-7.533306,-4.255766,3.443251,11,['1165'],,"0.286667, 0.020736, 0.199746",2.156318662308682,1.0632212994430166,0.0,Alanine O,Alanine O,74,ALA,74,A,10,40,12,0,14,60,12,0,19,92,21,0,25,108,28,0,35,136,34,0,0,0,0.0
1QT8,1167,HN,-4.93813,-3.068354,6.688947,10,['1163'],,"0.334866, 0.057667, 0.146451",-1.144944867159705,-1.6616203472414337,-0.596929947843047,Alanine HN,Alanine HN,74,ALA,74,A,8,36,12,0,10,53,16,0,16,64,19,0,22,93,21,0,27,121,32,0,0,0,0.0
1QT8,1168,H,-6.586129,-2.238524,4.519144,12,['1164'],,"-0.241500, 0.222676, -0.128698",-0.3032069149244791,1.0399826004247157,-0.2723035092425827,Alanine HA,Alanine HA,74,ALA,74,A,10,41,10,0,15,55,14,0,20,72,22,0,23,102,26,0,30,130,34,0,0,0,0.06282661
1QT8,1169,C,-4.545633,-2.977011,4.225551,13,"['1164', '1170', '1171', '1172']",,"0.263277, 0.097644, -0.099762",-0.5295335713582512,-0.328830383999446,1.4218957361513376,Alanine CB,Alanine CB,74,ALA,74,A,13,42,10,0,16,63,15,0,18,80,23,0,22,110,30,0,31,147,36,0,0,0,0.0
1QT8,1170,H,-4.583516,-2.966944,3.113504,14,['1169'],,"0.001488, 0.004075, 0.021134",-0.1279564330592264,0.3736090164758333,2.1857672482805026,Alanine HB,Alanine HB,74,ALA,74,A,13,44,11,0,16,64,14,0,19,91,23,0,24,115,31,0,31,146,37,2,0,0,0.0
1QT8,1171,H,-3.886901,-3.822497,4.534355,14,['1169'],,"0.002364, -0.051484, 0.066758",-0.2494376391430541,-1.3629386054754042,1.732219421145457,Alanine HB,Alanine HB,74,ALA,74,A,11,42,8,0,13,63,15,0,17,83,23,0,24,113,28,0,32,144,34,1,0,0,0.0
1QT8,1172,H,-4.044414,-2.035776,4.550951,14,['1169'],,"0.003775, 0.037101, 0.067469",-1.641901742809314,-0.265032283659804,1.4618435110790102,Alanine HB,Alanine HB,74,ALA,74,A,11,41,10,0,16,59,16,0,18,79,21,0,22,104,33,0,31,145,37,0,0,0,0.029201102
1QT8,1173,N,-6.288736,-5.546156,4.840815,7,"['1165', '1174', '1177']",,"0.335765, 0.021536, 0.194769",-0.50702080210357,-0.896154965985533,-1.0288201077908232,Alanine N,Valine N,75,VAL,75,A,8,40,9,0,11,53,14,0,16,69,17,0,22,101,23,0,29,136,32,0,0,0,0.0
1QT8,1174,CA,-6.880852,-6.828705,4.489957,8,"['1173', '1175', '1178', '1179']",,"0.572543, 0.107348, -0.171362",0.0,0.0,0.0,Alanine CA,Valine CA,75,VAL,75,A,7,41,8,0,11,49,11,0,14,72,17,0,23,100,20,0,31,127,30,0,0,0,0.0
1QT8,1175,C,-8.367673,-6.842039,4.840359,9,"['1174', '1176', '1189']",,"0.260817, 0.063312, 0.184538",1.527611221221224,5.551115123125783e-17,-1.3877787807814457e-17,Alanine C,Valine C,75,VAL,75,A,9,35,8,0,10,50,12,0,16,67,16,0,21,91,24,0,31,114,27,0,0,0,0.0
1QT8,1176,O,-9.212519,-7.217854,4.026346,11,['1175'],,"0.306624, 0.058682, 0.191634",2.1664610116605885,1.0533232112535929,0.0,Alanine O,Valine O,75,VAL,75,A,8,36,8,0,11,52,10,0,14,74,20,0,25,93,24,0,33,111,29,0,0,0,0.0
1QT8,1177,HN,-5.570739,-5.575685,5.579006,10,['1173'],,"0.241381, 0.014752, 0.253279",-1.0362625776534236,-1.7109955735391638,-0.6863941542980014,Alanine HN,Valine HN,75,VAL,75,A,7,35,10,0,12,52,12,0,15,69,18,0,19,98,22,0,28,126,30,0,0,0,0.0
1QT8,1178,H,-6.826595,-6.959311,3.382249,12,['1174'],,"-0.058868, -0.056069, -0.320742",-0.305753216996931,1.0445644447227105,-0.2498376546202845,Alanine HA,Valine HA,75,VAL,75,A,8,42,9,0,12,55,12,0,16,80,17,0,25,105,26,0,33,138,36,0,0,0,0.0
1QT8,1179,C,-6.144465,-8.037663,5.178953,15,"['1174', '1180', '1181', '1182']",,"0.180607, -0.142787, 0.083363",-0.5481301928992184,-0.3593084237291408,1.4314368640699962,Valine CB,Valine CB,75,VAL,75,A,7,37,7,0,10,49,9,0,12,62,15,0,17,89,19,0,29,112,25,0,0,0,0.0
1QT8,1180,C,-6.884184,-9.385832,4.954471,17,"['1179', '1183', '1184', '1185']",,"0.021820, 0.112108, -0.018072",0.1321130997300866,0.4759231015345488,2.551612467216456,Valine CG,Valine CG,75,VAL,75,A,7,34,6,0,8,43,6,0,12,56,14,0,17,79,19,0,29,102,24,0,0,0,0.011321515
1QT8,1181,C,-4.700392,-8.174588,4.634991,17,"['1179', '1186', '1187', '1188']",,"0.055990, 0.070692, 0.072421",-2.077221917454395,-0.1209283750080957,1.5024537118360717,Valine CG,Valine CG,75,VAL,75,A,7,36,6,0,10,50,10,0,13,73,14,0,20,95,19,0,28,121,29,0,0,0,0.0
1QT8,1182,H,-6.09653,-7.83104,6.279912,16,['1179'],,"0.002641, 0.043657, 0.066364",-0.344051854464539,-1.4460784158209723,1.6168676169279343,Valine HB,Valine HB,75,VAL,75,A,9,32,8,0,9,44,10,0,14,58,13,0,17,77,18,0,24,103,22,0,0,0,0.011503465
1QT8,1183,H,-6.310569,-10.240714,5.376364,18,['1180'],,"0.046240, 0.060629, -0.026222",-0.3219498651822082,0.2702054131997236,3.5462773163989483,Valine HG,Valine HG,75,VAL,75,A,2,25,4,0,8,40,6,0,11,54,9,0,16,67,16,0,23,97,21,0,0,0,0.19290425
1QT8,1184,H,-7.058592,-9.591023,3.873854,18,['1180'],,"-0.028224, 0.000027, -0.011126",0.0557842127382866,1.5704216599980283,2.3605590606361035,Valine HG,Valine HG,75,VAL,75,A,4,31,4,0,9,43,8,0,13,65,15,0,24,87,21,0,30,112,27,0,0,0,0.0
1QT8,1185,H,-7.881136,-9.389657,5.450184,18,['1180'],,"-0.007969, 0.022732, -0.017178",1.2161840830815347,0.2363319272955236,2.635549774655926,Valine HG,Valine HG,75,VAL,75,A,8,32,6,0,9,41,10,0,11,50,13,0,19,73,17,0,24,95,25,0,0,0,0.012388347
1QT8,1186,H,-4.155151,-9.014621,5.12382,18,['1181'],,"0.049726, -0.012557, 0.023956",-2.4884444201791425,-0.3868974755512487,2.5034799208935867,Valine HG,Valine HG,75,VAL,75,A,5,30,4,0,7,43,9,0,14,66,13,0,17,91,19,0,27,117,24,0,0,0,0.12476835
1QT8,1187,H,-4.096961,-7.259951,4.828512,18,['1181'],,"0.054358, 0.069306, 0.077461",-2.6281340183056905,-0.7466803695836266,0.7655205470298219,Valine HG,Valine HG,75,VAL,75,A,7,33,7,0,9,53,12,0,16,81,16,0,22,105,21,0,28,127,31,1,0,0,0.0
1QT8,1188,H,-4.686939,-8.356593,3.539195,18,['1181'],,"0.013686, 0.021447, 0.059594",-2.3400796738369327,0.9394805249686032,1.3011717165912242,Valine HG,Valine HG,75,VAL,75,A,4,34,5,0,11,55,10,0,16,78,13,0,23,98,23,0,29,129,33,1,0,0,0.0
1QT8,1189,N,-8.685306,-6.47793,6.10415,7,"['1175', '1190', '1193']",,"0.303996, 0.023646, 0.198118",-0.554502365391211,-1.0905961684887138,-0.7721848407417031,Alanine N,Arginine N,76,ARG,76,A,8,32,9,0,9,42,12,0,12,57,13,0,17,73,18,0,22,96,25,0,0,0,0.0
1QT8,1190,CA,-10.035607,-6.516139,6.622194,8,"['1189', '1191', '1194', '1195']",,"0.290002, -0.345684, 0.178121",0.0,0.0,0.0,Alanine CA,Arginine CA,76,ARG,76,A,8,32,10,0,11,36,11,0,12,50,14,0,14,71,16,0,21,80,22,0,0,0,0.0
1QT8,1191,C,-10.948848,-5.494449,5.950618,9,"['1190', '1192', '1213']",,"0.311670, 0.112505, 0.085608",1.5260648426449637,-2.220446049250313e-16,1.1102230246251563e-16,Alanine C,Arginine C,76,ARG,76,A,9,32,9,0,11,40,12,0,14,55,15,0,17,70,18,0,22,85,24,0,0,0,0.0012579461
1QT8,1192,O,-12.127205,-5.792702,5.761295,11,['1191'],,"0.316104, 0.069133, 0.166022",2.1148645944023308,1.0801102360951231,1.1102230246251563e-16,Alanine O,Arginine O,76,ARG,76,A,9,30,9,0,11,41,12,0,14,51,15,0,18,67,18,0,20,83,23,0,0,0,0.0
1QT8,1193,HN,-7.95122,-6.148867,6.74611,10,['1189'],,"0.306731, 0.104718, 0.232630",-1.0560026711642936,-1.821460403263028,-0.2491052401049918,Alanine HN,Arginine HN,76,ARG,76,A,8,30,9,0,10,41,12,0,13,54,14,0,16,71,15,0,21,95,23,0,0,0,0.0
1QT8,1194,H,-10.478991,-7.500866,6.328245,12,['1190'],,"-0.207722, -0.257557, -0.133052",-0.2645760364692013,0.9513807005987076,-0.5268367242709651,Alanine HA,Arginine HA,76,ARG,76,A,9,30,8,0,11,38,11,0,12,52,13,0,14,68,17,0,19,79,23,0,0,0,0.0
1QT8,1195,C,-10.095776,-6.407349,8.171064,202,"['1190', '1196', '1202', '1203']",,"-0.019696, -0.025652, 0.175892",-0.5727708560378346,0.0763479861093255,1.442414080994682,Arginine CB,Arginine CB,76,ARG,76,A,10,28,8,0,11,32,11,0,12,38,13,0,14,54,16,0,15,72,17,0,0,0,0.0012579461
1QT8,1196,C,-9.236479,-7.497822,8.860773,204,"['1195', '1197', '1204', '1205']",,"0.293256, 0.085950, -0.270292",-2.120583607059012,0.1628689652447587,1.4457322980921097,Arginine CG,Arginine CG,76,ARG,76,A,9,22,7,0,10,31,9,0,12,37,13,0,14,50,14,0,15,62,15,0,0,0,0.0012579461
1QT8,1197,C,-9.474944,-7.60546,10.375222,206,"['1196', '1198', '1206', '1207']",,"0.314352, -0.008104, -0.246077",-2.716406424917176,0.5120930953686799,2.818701687965296,Arginine CD,Arginine CD,76,ARG,76,A,6,14,5,0,7,22,8,0,11,30,11,0,13,40,12,0,15,47,14,0,0,0,0.0
1QT8,1198,N,-10.769128,-8.183753,10.696855,208,"['1197', '1199', '1208']",,"0.222951, 0.028514, -0.000593",-2.470633964216266,1.8933272135657768,3.1989266407015737,Arginine NE,Arginine NE,76,ARG,76,A,5,11,4,0,7,19,5,0,11,27,8,0,11,31,10,0,13,39,15,0,0,0,0.022783095
1QT8,1199,C,-11.189623,-8.391807,11.953876,210,"['1198', '1200', '1201']",,"0.015177, -0.018331, 0.064502",-2.911466183963244,2.4294992187875333,4.347138659986963,Arginine CZ,Arginine CZ,76,ARG,76,A,3,4,3,0,5,11,3,0,6,19,5,0,10,27,8,0,11,33,11,0,0,0,0.07170293
1QT8,1200,N,-12.3838,-8.977217,12.105396,211,"['1199', '1209', '1210']",,"0.099545, -0.068016, 0.021031",-2.655443865435919,3.727825047487731,4.548445641422884,Arginine NH,Arginine NH,76,ARG,76,A,3,4,2,0,3,6,3,0,6,15,4,0,7,22,6,0,11,28,10,0,0,0,0.066070974
1QT8,1201,N,-10.48903,-8.004919,13.025792,211,"['1199', '1211', '1212']",,"-0.004411, -0.010215, 0.054609",-3.5434207928758643,1.7149584408262777,5.284998796763028,Arginine NH,Arginine NH,76,ARG,76,A,2,3,3,0,4,8,3,0,6,14,4,0,9,21,7,0,12,33,11,0,0,0,0.12302872
1QT8,1202,H,-11.164527,-6.482133,8.48403,203,['1195'],,"0.004754, 0.014051, -0.030019",-0.1209940420067453,0.9618289347460612,1.949947590940876,Arginine HB,Arginine HB,76,ARG,76,A,10,24,8,0,11,31,11,0,12,35,13,0,12,43,15,0,15,64,17,0,0,0,0.015927874
1QT8,1203,H,-9.753422,-5.393114,8.489226,203,['1195'],,"0.006624, 0.014186, -0.023160",-0.2386355884693717,-0.8151239938598496,2.0261411462244783,Arginine HB,Arginine HB,76,ARG,76,A,10,25,8,0,10,31,11,0,13,42,13,0,14,50,16,0,16,68,18,0,0,0,0.057517324
1QT8,1204,H,-8.153364,-7.265134,8.717313,205,['1196'],,"0.233404, 0.044172, 0.046891",-2.5498351773262646,-0.8238752622493674,1.1458298154429722,Arginine HG,Arginine HG,76,ARG,76,A,5,19,8,0,11,30,10,0,12,43,11,0,14,53,14,0,15,68,15,0,0,0,0.0
1QT8,1205,H,-9.387069,-8.490845,8.37734,205,['1196'],,"0.045137, 0.003824, -0.008324",-2.4825437878037744,0.8834138632268467,0.6761354103221542,Arginine HG,Arginine HG,76,ARG,76,A,9,19,7,0,10,31,9,0,11,38,12,0,13,50,14,0,15,62,16,0,0,0,0.06725103
1QT8,1206,H,-9.371821,-6.600589,10.841667,207,['1197'],,"0.113679, 0.105647, -0.039209",-2.3106325575671214,-0.1808452671823295,3.588867262420493,Arginine HD,Arginine HD,76,ARG,76,A,7,13,5,0,7,21,8,0,12,32,11,0,14,42,12,0,15,49,14,0,0,0,0.06990567
1QT8,1207,H,-8.672996,-8.229318,10.834373,207,['1197'],,"0.372376, -0.054554, -0.007226",-3.81604257311354,0.3284304779577618,2.804299458463096,Arginine HD,Arginine HD,76,ARG,76,A,5,11,5,0,7,19,7,0,9,26,10,0,14,39,11,0,14,48,12,0,0,0,0.06282661
1QT8,1208,HN,-11.379614,-8.483571,9.92111,209,['1198'],,"-0.200180, -0.114494, -0.057396",-1.964645296337857,2.502276574540286,2.5374733633702364,Arginine HE,Arginine HE,76,ARG,76,A,5,10,4,0,8,23,6,0,11,28,9,0,12,32,12,0,12,44,15,0,0,0,0.07344519
1QT8,1209,HN,-12.864087,-9.354023,11.276749,212,['1200'],,"0.066681, -0.030483, -0.079070",-2.25563235110897,4.283144369468244,3.7796248441881226,Arginine HH,Arginine HH,76,ARG,76,A,3,4,1,0,4,8,3,0,6,15,5,0,8,24,7,0,12,31,11,0,0,0,0.16724268
1QT8,1210,HN,-12.78802,-9.125023,13.040139,212,['1200'],,"-0.055852, -0.072559, 0.073115",-2.9238548717323907,4.192102690257096,5.426731870512487,Arginine HH,Arginine HH,76,ARG,76,A,3,1,1,0,3,4,2,0,3,6,3,0,6,15,6,0,7,23,6,0,0,0,0.21591118
1QT8,1211,HN,-9.557143,-7.583821,12.910312,212,['1201'],,"0.005775, -0.026562, -0.027813",-3.768347148607957,0.724883841718345,5.116972133785557,Arginine HH,Arginine HH,76,ARG,76,A,2,5,3,0,4,8,4,0,8,18,8,0,9,28,9,0,14,36,10,0,0,0,0.09114283
1QT8,1212,HN,-10.84175,-8.165068,13.979306,212,['1201'],,"-0.060230, -0.059830, 0.187373",-3.8591749934109103,2.148977903785144,6.16316417948679,Arginine HH,Arginine HH,76,ARG,76,A,2,2,2,0,3,4,3,0,4,8,3,0,6,14,5,0,9,25,8,0,0,0,0.2636948
1QT8,1213,N,-10.405586,-4.334063,5.511693,1,"['1191', '1214', '1217']",,"0.289164, 0.175260, 0.136619",-0.5561801424922331,-0.7690699556727897,-1.0880750161789283,Glycine N,Glycine N,77,GLY,77,A,10,38,10,0,10,50,13,0,18,61,17,0,23,82,22,0,27,95,25,0,0,0,0.0056957738
1QT8,1214,CA,-11.121109,-3.362058,4.719263,2,"['1213', '1215', '1218', '1219']",,"-0.040388, 0.085982, 0.592020",0.0,0.0,0.0,Glycine CA,Glycine CA,77,GLY,77,A,10,37,10,0,12,48,13,0,17,62,18,0,25,80,23,0,29,105,25,0,0,0,0.011321515
1QT8,1215,C,-11.566604,-3.915806,3.375124,3,"['1214', '1216', '1220']",,"0.291930, 0.230684, 0.206217",1.5204644993718197,-1.1102230246251563e-16,0.0,Glycine C,Glycine C,77,GLY,77,A,10,39,11,0,13,50,14,0,17,70,17,0,24,94,24,0,32,110,27,0,0,0,0.0
1QT8,1216,O,-12.751957,-3.860754,3.045055,5,['1215'],,"0.337407, 0.194147, 0.077136",2.139513820035916,1.06480793604261,1.1102230246251563e-16,Glycine O,Glycine O,77,GLY,77,A,10,37,11,0,14,51,13,0,15,66,17,0,21,85,21,0,31,106,27,0,0,0,0.0
1QT8,1217,HN,-9.451509,-4.049846,5.771385,4,['1213'],,"0.287000, 0.119052, 0.126898",-1.1688108708018006,-1.540795010165743,-0.7920915861009302,Glycine HN,Glycine HN,77,GLY,77,A,9,37,10,0,12,51,14,0,18,63,17,0,24,85,23,0,28,101,26,0,0,0,0.0
1QT8,1218,H,-12.024281,-2.993561,5.254423,6,['1214'],,"-0.213691, 0.116173, 0.019127",-0.3426750799319963,1.0578031472479033,-0.0391435493923363,Glycine HA,Glycine HA,77,GLY,77,A,9,30,10,0,12,44,12,0,17,54,14,0,22,68,20,0,26,93,24,0,0,0,0.06282661
1QT8,1219,H,-10.49519,-2.464257,4.520801,6,['1214'],,"0.020999, 0.165327, -0.103859",-0.3349231626554859,-0.3941265831659422,0.9847330131384796,Glycine HA,Glycine HA,77,GLY,77,A,10,36,8,0,12,50,17,0,18,59,17,0,23,82,23,0,32,113,27,0,0,0,0.045128975
1QT8,1220,N,-10.647504,-4.628368,2.670425,7,"['1215', '1221', '1224']",,"0.323481, -0.016241, -0.007195",-0.5239184716124177,-0.8495569084020028,-1.0612023500142365,Alanine N,Isoleucine N,78,ILE,78,A,9,42,12,0,12,59,14,0,20,79,20,0,25,96,26,0,38,123,31,0,0,0,0.0
1QT8,1221,CA,-10.939821,-5.388379,1.462401,8,"['1220', '1222', '1225', '1226']",,"0.349041, 0.359493, -0.068709",0.0,0.0,0.0,Alanine CA,Isoleucine CA,78,ILE,78,A,9,48,12,0,15,63,17,0,20,87,22,0,27,106,27,0,35,127,32,0,0,0,0.0
1QT8,1222,C,-12.140938,-6.318609,1.6731,9,"['1221', '1223', '1239']",,"0.227685, 0.034534, 0.053806",1.5337548595489443,8.326672684688674e-17,-5.551115123125783e-17,Alanine C,Isoleucine C,78,ILE,78,A,11,42,11,0,13,61,16,0,19,77,19,0,22,98,25,0,31,119,29,0,0,0,0.0
1QT8,1223,O,-13.0788,-6.309707,0.879721,11,['1222'],,"0.089504, -0.005796, 0.085954",2.153825867997247,1.0604841152845728,-5.551115123125783e-17,Alanine O,Isoleucine O,78,ILE,78,A,11,41,13,0,16,59,16,0,17,79,19,0,22,93,23,0,28,115,28,0,0,0,0.0
1QT8,1224,HN,-9.669939,-4.667376,2.99575,10,['1220'],,"0.254207, -0.013402, 0.106968",-1.221121071775313,-1.5501418660992208,-0.7678074620415836,Alanine HN,Isoleucine HN,78,ILE,78,A,7,40,9,0,13,64,17,0,20,79,21,0,26,96,25,0,39,123,33,0,0,0,0.0
1QT8,1225,H,-11.261175,-4.670701,0.67028,12,['1221'],,"-0.133801, 0.136923, -0.234085",-0.2924332746583143,1.0538168568270654,-0.2230215141656476,Alanine HA,Isoleucine HA,78,ILE,78,A,10,44,12,0,16,69,17,0,21,93,22,0,27,109,28,0,33,132,33,0,0,0,0.0
1QT8,1226,C,-9.671968,-6.165046,0.941539,25,"['1221', '1227', '1228', '1230']",,"0.291823, 0.014762, -0.168774",-0.5933842329905634,-0.3911456112314409,1.4060086572971682,Isoleucine CB,Isoleucine CB,78,ILE,78,A,10,52,11,0,14,68,16,0,22,87,22,0,30,116,32,0,38,141,36,1,0,0,0.0
1QT8,1227,C,-8.634967,-5.166141,0.337058,27,"['1226', '1229', '1231', '1232']",,"-0.054429, -0.068563, 0.146132",-2.094363647108297,0.0300061667933326,1.4969566130100782,Isoleucine CG1,Isoleucine CG1,78,ILE,78,A,9,52,10,0,17,68,17,0,24,97,26,0,31,127,33,1,39,155,39,1,0,0,0.0
1QT8,1228,C,-10.030412,-7.238971,-0.116623,29,"['1226', '1233', '1234', '1235']",,"-0.019404, -0.033387, 0.020522",0.1932973882268187,0.2485018477009974,2.577967265834631,Isoleucine CG2,Isoleucine CG2,78,ILE,78,A,12,47,11,0,13,73,17,0,21,97,23,0,31,114,30,0,38,140,36,1,0,0,0.0
1QT8,1229,C,-7.219713,-5.751174,0.179142,31,"['1227', '1236', '1237', '1238']",,"-0.017122, 0.015466, 0.044593",-2.8695482387070164,-0.6551188347337547,2.6370607924127483,Isoleucine CD,Isoleucine CD,78,ILE,78,A,10,45,7,0,15,70,15,0,21,97,25,0,32,126,31,1,37,162,40,1,0,0,0.0
1QT8,1230,H,-9.208243,-6.685841,1.81775,26,['1226'],,"-0.018294, -0.102846, 0.172269",-0.5203034972940105,-1.5038721561018025,1.508540928226457,Isoleucine HB,Isoleucine HB,78,ILE,78,A,9,46,9,0,11,68,16,0,20,84,20,0,30,109,29,0,37,139,35,0,0,0,0.0
1QT8,1231,H,-8.548181,-4.270508,0.996494,28,['1227'],,"0.045014, 0.015506, 0.049868",-2.6149437872897674,-0.2281838280997477,0.5446539495848675,Isoleucine HG1,Isoleucine HG1,78,ILE,78,A,11,49,11,0,15,67,18,0,23,91,24,0,33,121,31,1,38,154,38,1,0,0,0.0
1QT8,1232,H,-8.999082,-4.781886,-0.643617,28,['1227'],,"0.007656, -0.011071, 0.013792",-2.1769896634048447,1.1372280396065626,1.592809415107494,Isoleucine HG1,Isoleucine HG1,78,ILE,78,A,10,46,10,0,18,73,17,0,26,101,26,1,31,130,33,1,37,158,40,1,0,0,0.0
1QT8,1233,H,-9.123946,-7.749578,-0.501257,30,['1228'],,"0.003895, -0.040169, 0.019027",-0.2597292266536976,-0.0047940075650998,3.558248617016992,Isoleucine HG2,Isoleucine HG2,78,ILE,78,A,8,49,9,0,15,70,14,0,22,94,22,0,32,119,32,0,37,151,39,1,0,0,0.0
1QT8,1234,H,-10.580347,-6.814058,-0.984894,30,['1228'],,"-0.028682, -0.008002, 0.001699",0.2469732579158055,1.3566097623983076,2.499929828451603,Isoleucine HG2,Isoleucine HG2,78,ILE,78,A,10,46,13,0,16,73,19,0,22,99,23,0,28,120,30,0,35,139,38,1,0,0,0.0
1QT8,1235,H,-10.667792,-8.043122,0.313813,30,['1228'],,"0.011974, -0.006012, 0.013152",1.2392962080289642,-0.1281907318094974,2.624619327002905,Isoleucine HG2,Isoleucine HG2,78,ILE,78,A,11,46,11,0,14,68,17,0,19,90,21,0,27,102,28,0,34,127,32,0,0,0,0.0
1QT8,1236,H,-6.518337,-4.992492,-0.232974,32,['1229'],,"-0.024426, 0.004021, -0.009933",-3.935569847542757,-0.3374024652207168,2.641589146938878,Isoleucine HD,Isoleucine HD,78,ILE,78,A,11,46,8,0,16,68,16,0,21,99,22,1,33,131,31,1,37,165,37,2,0,0,0.0
1QT8,1237,H,-7.190896,-6.626812,-0.504663,32,['1229'],,"-0.003355, 0.008421, 0.014862",-2.4549740878919386,-0.4187835488202622,3.64077166246754,Isoleucine HD,Isoleucine HD,78,ILE,78,A,10,47,7,0,17,70,13,0,23,95,23,1,27,129,33,1,41,166,39,2,0,0,0.0
1QT8,1238,H,-6.811911,-6.074092,1.162795,32,['1229'],,"-0.035599, 0.033547, 0.022839",-2.8579265641988463,-1.7611726599382795,2.515975686932905,Isoleucine HD,Isoleucine HD,78,ILE,78,A,10,43,9,0,13,67,14,0,22,93,21,0,27,122,31,1,36,150,40,1,0,0,0.0
1QT8,1239,N,-12.097311,-7.141254,2.750825,7,"['1222', '1240', '1243']",,"0.299974, -0.002589, 0.052290",-0.6197905496868461,-1.209012333326969,-0.5261257478779741,Alanine N,Leucine N,79,LEU,79,A,7,44,10,0,13,53,15,0,18,69,18,0,25,91,23,0,30,111,27,0,0,0,0.0
1QT8,1240,CA,-13.118434,-8.124844,3.086262,8,"['1239', '1241', '1244', '1245']",,"0.541099, -0.328615, -0.080702",0.0,0.0,0.0,Alanine CA,Leucine CA,79,LEU,79,A,8,35,10,0,13,48,13,0,19,60,17,0,22,77,20,0,26,95,24,0,0,0,0.0
1QT8,1241,C,-14.454596,-7.539628,3.580608,9,"['1240', '1242', '1258']",,"0.404098, 0.164060, -0.012909",1.5401898014907118,-2.775557561562892e-17,1.1102230246251563e-16,Alanine C,Leucine C,79,LEU,79,A,9,28,6,0,14,38,14,0,18,53,16,0,21,68,18,0,23,80,21,0,0,0,0.0025158923
1QT8,1242,O,-15.498523,-8.201851,3.478625,11,['1241'],,"0.482618, 0.108305, -0.080553",2.161475050855332,1.0736517378875428,5.551115123125783e-17,Alanine O,Leucine O,79,LEU,79,A,8,24,6,0,13,34,12,0,16,47,15,0,21,62,17,0,22,73,19,0,0,0,0.15513834
1QT8,1243,HN,-11.282292,-7.096702,3.379522,10,['1239'],,"0.260673, 0.031803, 0.131907",-1.1081271338896694,-1.8060809783523688,0.1569095239276996,Alanine HN,Leucine HN,79,LEU,79,A,7,40,10,0,11,53,13,0,20,70,18,0,27,87,23,0,30,108,30,0,0,0,0.0
1QT8,1244,H,-13.390908,-8.662936,2.146031,12,['1240'],,"-0.132080, -0.147378, -0.305795",-0.2698564012095932,0.8422891814849007,-0.6823092202078935,Alanine HA,Leucine HA,79,LEU,79,A,10,33,10,0,13,52,13,0,18,64,17,0,21,79,21,0,27,95,23,0,0,0,0.0
1QT8,1245,C,-12.578931,-9.153836,4.1284,19,"['1240', '1246', '1249', '1250']",,"0.117416, -0.248254, 0.088224",-0.5245257676866076,0.3146459617538726,1.4359005090540766,Leucine CB,Leucine CB,79,LEU,79,A,9,29,7,0,12,44,12,0,17,53,14,0,21,65,20,0,26,92,23,0,0,0,0.0
1QT8,1246,C,-11.289965,-9.910722,3.677584,21,"['1245', '1247', '1248', '1251']",,"0.052900, 0.029355, -0.081408",-2.0750283550252897,0.4682533718845441,1.535355635704249,Leucine CG,Leucine CG,79,LEU,79,A,7,32,7,0,10,41,11,0,15,56,15,0,25,75,18,0,30,95,26,0,0,0,0.0
1QT8,1247,C,-10.737412,-10.750117,4.856271,23,"['1246', '1252', '1253', '1254']",,"-0.023471, -0.007360, -0.049562",-2.4950080884178427,0.5798005824889041,3.022088991470812,Leucine CD,Leucine CD,79,LEU,79,A,6,23,4,0,8,36,9,0,14,49,12,0,23,64,17,0,26,79,20,0,0,0,0.044028115
1QT8,1248,C,-11.573166,-10.826025,2.461582,23,"['1246', '1255', '1256', '1257']",,"0.037553, -0.025872, -0.028706",-2.567417844842705,1.7086013179027866,0.7506691917410105,Leucine CD,Leucine CD,79,LEU,79,A,6,31,7,0,12,41,11,0,16,60,14,0,21,73,19,0,29,95,25,0,0,0,0.0025158923
1QT8,1249,H,-13.384422,-9.889,4.364719,20,['1245'],,"-0.001422, 0.000755, -0.009232",-0.0292231226790589,1.2422200807107229,1.8092770903067688,Leucine HB,Leucine HB,79,LEU,79,A,7,24,8,0,12,36,9,0,16,47,12,0,19,56,18,0,26,76,22,0,0,0,0.08583354
1QT8,1250,H,-12.38339,-8.610872,5.085485,20,['1245'],,"-0.013680, 0.040761, 0.002099",-0.1806669085515814,-0.5002687672991537,2.1190790761716283,Leucine HB,Leucine HB,79,LEU,79,A,8,28,6,0,13,38,10,0,16,49,15,0,21,64,19,0,24,81,21,0,0,0,0.03274063
1QT8,1251,H,-10.500841,-9.173379,3.384971,22,['1246'],,"0.083597, 0.051529, -0.007109",-2.573372550237538,-0.4376436335818803,1.1075502671320183,Leucine HG,Leucine HG,79,LEU,79,A,7,32,7,0,10,45,12,0,16,64,17,0,26,87,20,0,31,104,29,0,0,0,0.0
1QT8,1252,H,-9.808187,-11.290821,4.566111,24,['1247'],,"-0.021428, 0.003142, -0.028225",-3.5997181704007226,0.6766243669517112,3.1233487138123195,Leucine HD,Leucine HD,79,LEU,79,A,5,22,3,0,7,32,8,0,12,49,13,0,21,62,17,0,25,80,20,0,0,0,0.10618582
1QT8,1253,H,-11.467971,-11.512521,5.210862,24,['1247'],,"-0.027221, -0.023715, -0.010824",-2.0371003700980674,1.461723585037885,3.5253219673936607,Leucine HD,Leucine HD,79,LEU,79,A,4,17,4,0,8,32,5,0,14,41,10,0,18,54,16,0,23,67,18,0,0,0,0.21060188
1QT8,1254,H,-10.475437,-10.105755,5.726082,24,['1247'],,"-0.016937, -0.012971, -0.033458",-2.1982670631197645,-0.3266952907241016,3.597079825435002,Leucine HD,Leucine HD,79,LEU,79,A,7,22,6,0,10,35,9,0,15,48,12,0,18,60,17,0,23,74,20,0,0,0,0.040704567
1QT8,1255,H,-10.66456,-11.394534,2.160776,24,['1248'],,"0.021193, -0.006896, -0.026070",-3.668222183600837,1.841374349528924,0.8499300893647973,Leucine HD,Leucine HD,79,LEU,79,A,7,30,7,0,13,40,10,0,16,55,15,0,20,75,19,0,26,101,28,0,0,0,0.01858252
1QT8,1256,H,-11.877452,-10.242723,1.564374,24,['1248'],,"0.031043, -0.022568, -0.005809",-2.3697786530357114,1.6155413648470445,-0.3402441793674111,Leucine HD,Leucine HD,79,LEU,79,A,9,32,10,0,13,49,11,0,18,67,16,0,21,83,22,0,29,104,26,0,0,0,0.0
1QT8,1257,H,-12.373234,-11.572282,2.66496,24,['1248'],,"0.026920, -0.015783, -0.000144",-2.091607641072557,2.652153254647791,1.0995034191470363,Leucine HD,Leucine HD,79,LEU,79,A,4,23,6,0,10,34,10,0,15,53,14,0,21,66,17,0,25,78,24,0,0,0,0.048668504
1QT8,1258,N,-14.441695,-6.304052,4.136257,7,"['1241', '1259', '1262']",,"0.359241, 0.099116, 0.115539",-0.5423317422155927,-1.1436718383967714,-0.7122939742954119,Alanine N,Arginine N,80,ARG,80,A,7,27,7,0,11,36,11,0,15,52,16,0,17,66,18,0,22,79,20,0,0,0,0.0
1QT8,1259,CA,-15.610628,-5.536865,4.529311,8,"['1258', '1260', '1263', '1264']",,"0.215704, -0.194255, 0.328327",0.0,0.0,0.0,Alanine CA,Arginine CA,80,ARG,80,A,6,22,8,0,8,31,9,0,13,42,12,0,15,52,16,0,18,68,19,0,0,0,0.0
1QT8,1260,C,-16.267199,-4.829715,3.325355,9,"['1259', '1261', '1282']",,"0.243123, 0.003957, -0.017536",1.542937669018746,1.1102230246251563e-16,0.0,Alanine C,Arginine C,80,ARG,80,A,8,20,8,0,9,35,10,0,12,42,14,0,13,52,16,0,19,67,19,0,0,0,0.006289731
1QT8,1261,O,-17.484957,-4.656361,3.316613,11,['1260'],,"0.174804, 0.120425, -0.015088",2.147405931734205,1.0712986034779262,0.0,Alanine O,Arginine O,80,ARG,80,A,7,17,9,0,9,23,9,0,10,38,10,0,12,46,14,0,14,56,18,0,0,0,0.29018682
1QT8,1262,HN,-13.546358,-5.823115,4.292366,10,['1258'],,"0.328080, 0.122318, 0.122541",-0.8247190906028387,-1.925528506569676,-0.1071028496716392,Alanine HN,Arginine HN,80,ARG,80,A,8,28,10,0,11,43,12,0,15,55,15,0,19,70,20,0,23,82,22,0,0,0,0.0
1QT8,1263,H,-16.389851,-6.237354,4.906096,12,['1259'],,"-0.317856, -0.186236, 0.035548",-0.2834645509401228,0.929268402735024,-0.544011344655249,Alanine HA,Arginine HA,80,ARG,80,A,5,18,6,0,8,27,9,0,13,35,10,0,14,46,16,0,16,61,18,0,0,0,0.05132315
1QT8,1264,C,-15.292036,-4.515618,5.673892,202,"['1259', '1265', '1271', '1272']",,"-0.005566, 0.112382, 0.131545",-0.5606374332464965,0.1101008659068908,1.458792456384161,Arginine CB,Arginine CB,80,ARG,80,A,7,15,8,0,8,26,10,0,10,40,11,0,15,49,13,0,20,60,17,0,0,0,0.010063569
1QT8,1265,C,-14.856387,-5.144921,7.029919,204,"['1264', '1266', '1273', '1274']",,"0.245544, 0.021721, -0.364517",-2.09254828505958,0.366359816587088,1.5692552738052177,Arginine CG,Arginine CG,80,ARG,80,A,7,16,6,0,8,21,9,0,11,34,11,0,14,45,13,0,17,57,15,0,0,0,0.0
1QT8,1266,C,-16.008788,-5.407744,8.022519,206,"['1265', '1267', '1275', '1276']",,"0.052002, 0.173048, -0.367519",-2.49714592086428,1.853968625425124,1.6446179907064051,Arginine CD,Arginine CD,80,ARG,80,A,5,9,3,0,8,14,5,0,9,22,9,0,10,32,11,0,15,45,14,0,0,0,0.0
1QT8,1267,N,-15.495882,-5.866931,9.307734,208,"['1266', '1268', '1277']",,"-0.027929, 0.108654, -0.227556",-3.928710945989843,1.9938950527902013,1.882830156206172,Arginine NE,Arginine NE,80,ARG,80,A,4,9,2,0,7,11,3,0,8,16,7,0,8,28,12,0,13,39,13,0,0,0,0.025061404
1QT8,1268,C,-16.174524,-6.581197,10.216174,210,"['1267', '1269', '1270']",,"0.015618, -0.026311, -0.008566",-4.676141225977379,3.064051546147957,1.579338520733316,Arginine CZ,Arginine CZ,80,ARG,80,A,3,5,2,0,4,9,2,0,7,13,3,0,8,17,9,0,10,28,12,0,0,0,0.10063569
1QT8,1269,N,-15.454058,-7.132741,11.203075,211,"['1268', '1278', '1279']",,"-0.074835, -0.127374, -0.048219",-6.005583654683215,2.8979098873162017,1.6265126964056604,Arginine NH,Arginine NH,80,ARG,80,A,3,4,1,0,3,8,2,0,5,11,2,0,7,15,8,0,9,27,10,0,0,0,0.09454985
1QT8,1270,N,-17.502722,-6.725211,10.216984,211,"['1268', '1280', '1281']",,"0.000113, 0.097329, -0.101420",-4.1775847385418166,4.269214773366617,1.2897290593964816,Arginine NH,Arginine NH,80,ARG,80,A,2,1,0,0,3,4,2,0,5,9,2,0,7,14,3,0,9,21,8,0,0,0,0.12302872
1QT8,1271,H,-16.167075,-3.841405,5.831726,203,['1264'],,"-0.016707, 0.012147, -0.028443",-0.0024361654903337,0.89762035377977,2.018607062608269,Arginine HB,Arginine HB,80,ARG,80,A,6,15,7,0,7,17,9,0,10,29,11,0,12,45,12,0,18,57,15,0,0,0,0.13361716
1QT8,1272,H,-14.475322,-3.839801,5.320449,203,['1264'],,"0.052432, 0.005071, -0.026786",-0.3226478554837553,-0.8403080785248271,1.996152790568309,Arginine HB,Arginine HB,80,ARG,80,A,7,19,9,0,8,29,11,0,14,45,12,0,18,54,15,0,20,68,19,0,0,0,0.02831622
1QT8,1273,H,-14.119759,-4.44896,7.501992,205,['1265'],,"0.071176, 0.070708, -0.016122",-2.4553982520203634,-0.157474143448888,2.487826623795836,Arginine HG,Arginine HG,80,ARG,80,A,7,16,8,0,8,22,10,0,13,32,11,0,13,44,14,0,16,57,15,0,0,0,0.09733701
1QT8,1274,H,-14.285003,-6.08395,6.837795,205,['1265'],,"0.123471, -0.040681, -0.069451",-2.6161466748660733,-0.1380875069962959,0.7227658210684416,Arginine HG,Arginine HG,80,ARG,80,A,7,18,7,0,8,26,11,0,12,37,12,0,15,47,14,0,17,63,19,0,0,0,0.031855747
1QT8,1275,H,-16.714167,-6.152585,7.58848,207,['1266'],,"-0.120663, -0.057813, -0.167665",-2.199673800143487,2.3709502257834147,0.7038853694330398,Arginine HD,Arginine HD,80,ARG,80,A,4,8,3,0,6,15,4,0,9,25,8,0,11,30,9,0,13,40,13,0,0,0,0.09999165
1QT8,1276,H,-16.583547,-4.465688,8.17221,207,['1266'],,"-0.113362, 0.130314, -0.041879",-1.937613522681244,2.342813069972257,2.47418378985494,Arginine HD,Arginine HD,80,ARG,80,A,2,5,3,0,5,11,5,0,9,18,9,0,10,27,9,0,13,37,12,0,0,0,0.17609149
1QT8,1277,HN,-14.543842,-5.544342,9.533932,209,['1267'],,"0.114297, 0.136736, 0.067351",-4.362490933488399,1.2068097177131365,2.386755703759953,Arginine HE,Arginine HE,80,ARG,80,A,5,9,3,0,8,14,5,0,8,20,10,0,11,31,12,0,13,43,13,0,0,0,0.09114283
1QT8,1278,HN,-14.431769,-7.023836,11.221549,212,['1269'],,"-0.036324, 0.012980, -0.006155",-6.405104021442445,1.9787584899477504,1.8563399630260404,Arginine HH,Arginine HH,80,ARG,80,A,3,6,1,0,5,8,2,0,6,15,8,0,9,21,8,0,11,31,11,0,0,0,0.050438266
1QT8,1279,HN,-15.90363,-7.726154,11.917539,212,['1269'],,"-0.143094, -0.172371, 0.174501",-6.643742476450911,3.667163473329529,1.3701632909944093,Arginine HH,Arginine HH,80,ARG,80,A,3,2,0,0,3,5,1,0,3,8,2,0,6,12,4,0,7,17,8,0,0,0,0.20617747
1QT8,1280,HN,-18.072905,-6.219686,9.520375,212,['1270'],,"-0.070669, 0.154116, -0.188399",-3.15969902417864,4.4305048529737885,1.3515551114350686,Arginine HH,Arginine HH,80,ARG,80,A,1,0,1,0,3,2,2,0,5,10,3,0,7,17,5,0,9,25,9,0,0,0,0.19290425
1QT8,1281,HN,-17.970224,-7.259134,10.963336,212,['1270'],,"0.064683, 0.062733, -0.016405",-4.805730892324146,5.062566332996198,1.09815946327335,Arginine HH,Arginine HH,80,ARG,80,A,1,1,0,0,3,1,2,0,3,7,2,0,5,9,2,0,7,16,3,0,0,0,0.26104015
1QT8,1282,N,-15.468669,-4.422367,2.31049,7,"['1260', '1283', '1286']",,"0.396901, -0.077011, 0.013595",-0.5240634397365203,0.7375208233534257,1.1464985000202188,Alanine N,Asparagine N,81,ASN,81,A,8,32,8,0,10,42,11,0,12,51,15,0,17,65,17,0,23,87,19,0,0,0,0.0011391548
1QT8,1283,CA,-15.871324,-3.641621,1.143724,8,"['1282', '1284', '1287', '1288']",,"0.563334, 0.052818, 0.570100",0.0,0.0,0.0,Alanine CA,Asparagine CA,81,ASN,81,A,7,30,9,0,9,41,11,0,12,50,14,0,18,63,15,0,23,88,21,0,0,0,0.0
1QT8,1284,C,-16.495946,-4.540513,0.068666,9,"['1283', '1285', '1296']",,"-0.092293, 0.172690, 0.124094",1.5342454738118017,-3.4694469519536136e-17,-1.1102230246251563e-16,Alanine C,Asparagine C,81,ASN,81,A,8,29,9,0,8,41,11,0,11,52,13,0,17,67,18,0,20,88,22,0,0,0,0.0012579461
1QT8,1285,O,-15.867314,-5.493336,-0.398193,11,['1284'],,"-0.159875, 0.165577, 0.215810",2.163693703784199,1.0605668825767742,-2.220446049250313e-16,Alanine O,Asparagine O,81,ASN,81,A,8,32,10,0,10,45,11,0,12,61,16,0,18,73,17,0,22,93,23,0,0,0,0.0022322063
1QT8,1286,HN,-14.476515,-4.689365,2.29814,10,['1282'],,"0.363391, -0.038130, 0.023254",-0.7629051958484575,1.7126651871369063,0.927733558727792,Alanine HN,Asparagine HN,81,ASN,81,A,8,36,10,0,11,46,14,0,15,58,15,0,22,75,18,0,24,98,19,0,0,0,0.0
1QT8,1287,H,-16.615233,-2.874205,1.472466,12,['1283'],,"-0.231515, 0.225367, 0.184966",-0.3771097276060604,-1.0512884637488022,0.0545897356154734,Alanine HA,Asparagine HA,81,ASN,81,A,7,26,8,0,8,38,10,0,11,45,12,0,16,58,14,0,20,72,18,0,0,0,0.06636614
1QT8,1288,C,-14.61736,-2.941601,0.540185,147,"['1283', '1289', '1292', '1293']",,"0.218910, 0.215561, 0.095401",-0.4977407215604892,0.6754466717082085,-1.3125315257150003,Asparagine CB,Asparagine CB,81,ASN,81,A,8,34,11,0,12,44,13,0,13,63,16,0,21,83,19,0,25,104,24,0,0,0,0.0
1QT8,1289,C,-14.985445,-1.882396,-0.481222,149,"['1288', '1290', '1291']",,"0.030711, 0.143714, 0.431865",-0.2527506850690353,-0.1901096687104889,-2.533787503174234,Asparagine CG,Asparagine CG,81,ASN,81,A,9,32,9,0,12,42,13,0,16,56,16,0,17,80,19,0,24,95,22,0,0,0,0.0
1QT8,1290,O,-15.187904,-2.17641,-1.661279,150,['1289'],,"0.112581, 0.238648, 0.335808",0.828808247068018,-0.1684175233772298,-3.125165664143505,Asparagine OD1,Asparagine OD1,81,ASN,81,A,8,30,10,0,13,45,13,0,17,59,16,0,19,78,19,0,20,99,24,0,0,0,0.0011161031
1QT8,1291,N,-15.141485,-0.636756,0.0135,151,"['1289', '1294', '1295']",,"-0.020981, 0.165493, 0.240925",-1.2656815911090635,-1.0182932050214912,-2.86363649628522,Asparagine ND2,Asparagine ND2,81,ASN,81,A,7,29,7,0,12,38,11,0,15,53,15,0,16,64,18,0,21,82,22,0,0,0,0.04100957
1QT8,1292,H,-13.968957,-3.70906,0.059031,148,['1288'],,"-0.019619, -0.082320, 0.081331",0.0250729007610664,1.6507801886760642,-1.4402788771557553,Asparagine HB,Asparagine HB,81,ASN,81,A,8,38,11,0,12,49,14,0,15,76,17,0,23,91,22,0,26,111,26,0,0,0,0.0
1QT8,1293,H,-13.989498,-2.485087,1.343495,148,['1288'],,"0.067828, 0.030524, 0.165956",-1.5837064754580807,0.928371620129894,-1.2444871933461357,Asparagine HB,Asparagine HB,81,ASN,81,A,10,34,8,0,11,45,13,0,15,60,16,0,19,80,19,0,27,101,23,0,0,0,0.0
1QT8,1294,HN,-14.929595,-0.427099,1.003672,152,['1291'],,"0.094672, 0.145328, 0.311737",-2.1686026094505704,-0.9810431734865168,-2.3610033406729185,Asparagine HD2,Asparagine HD2,81,ASN,81,A,7,27,6,0,11,35,10,0,15,51,15,0,16,64,18,0,21,79,22,0,0,0,0.009733701
1QT8,1295,HN,-15.466117,0.111128,-0.611528,152,['1291'],,"-0.028440, -0.006601, 0.080196",-1.1337296318850762,-1.685796718198259,-3.633314451028387,Asparagine HD2,Asparagine HD2,81,ASN,81,A,7,26,7,0,11,36,11,0,14,49,13,0,15,61,17,0,18,73,22,0,0,0,0.16370314
1QT8,1296,N,-17.725726,-4.194141,-0.398047,7,"['1284', '1297', '1300']",,"-0.138454, -0.005477, 0.147889",-0.6135694576782549,-1.068627209760668,-0.7767094322728034,Alanine N,Alanine N,82,ALA,82,A,7,24,8,0,9,32,10,0,11,45,13,0,15,57,15,0,19,73,21,0,0,0,0.0
1QT8,1297,CA,-18.43213,-4.95417,-1.420328,8,"['1296', '1298', '1301', '1302']",,"-0.511981, -0.134808, 0.346391",0.0,0.0,0.0,Alanine CA,Alanine CA,82,ALA,82,A,7,24,6,0,8,30,9,0,12,39,11,0,13,53,17,0,18,68,19,0,0,0,0.0
1QT8,1298,C,-17.774843,-4.940664,-2.804018,9,"['1297', '1299', '1306']",,"-0.067920, 0.014670, 0.124570",1.5319290546578843,2.775557561562892e-17,0.0,Alanine C,Alanine C,82,ALA,82,A,6,23,6,0,9,32,9,0,13,43,13,0,15,59,16,0,18,78,20,0,0,0,0.0037738383
1QT8,1299,O,-17.823832,-5.950764,-3.496322,11,['1298'],,"-0.058134, 0.071764, 0.012820",2.127316860342327,1.0712143209364156,1.1102230246251563e-16,Alanine O,Alanine O,82,ALA,82,A,7,25,7,0,8,32,10,0,13,44,12,0,16,59,16,0,18,77,22,0,0,0,0.06250177
1QT8,1300,HN,-18.220719,-3.378946,-0.011692,10,['1296'],,"-0.053199, 0.056042, 0.043507",-1.167732189751109,-1.7563631948976504,-0.248737818236393,Alanine HN,Alanine HN,82,ALA,82,A,6,21,8,0,8,31,9,0,10,40,12,0,14,51,14,0,19,64,17,0,0,0,0.09114283
1QT8,1301,H,-18.40231,-6.031627,-1.120403,12,['1297'],,"0.064578, -0.348960, -0.014769",-0.2676070787387425,0.9695251058705096,-0.4900666744124655,Alanine HA,Alanine HA,82,ALA,82,A,7,24,7,0,10,31,9,0,11,40,11,0,14,52,16,0,18,68,20,0,0,0,0.09822189
1QT8,1302,C,-19.91491,-4.533323,-1.553895,13,"['1297', '1303', '1304', '1305']",,"-0.352269, -0.009477, -0.151392",-0.5118466378478013,0.041783020230754,1.4594026407548717,Alanine CB,Alanine CB,82,ALA,82,A,5,13,4,0,6,22,6,0,8,30,9,0,11,40,11,0,14,51,17,0,0,0,0.05157579
1QT8,1303,H,-20.437195,-5.178415,-2.30065,14,['1302'],,"-0.037589, -0.054331, -0.088702",-0.0671304347497774,0.909393264143202,2.003505850701533,Alanine HB,Alanine HB,82,ALA,82,A,4,12,4,0,6,21,4,0,8,26,7,0,12,35,10,0,13,46,15,0,0,0,0.22476
1QT8,1304,H,-20.03208,-3.482627,-1.902508,14,['1302'],,"-0.039938, 0.066340, -0.024925",-0.2379770986022684,-0.870527783529698,2.035515815313828,Alanine HB,Alanine HB,82,ALA,82,A,4,11,4,0,6,17,4,0,8,27,9,0,10,36,12,0,14,48,14,0,0,0,0.17786126
1QT8,1305,H,-20.473021,-4.634093,-0.597544,14,['1302'],,"0.018617, -0.005223, -0.078753",-1.6160057466028408,0.157956152470403,1.5192873827256437,Alanine HB,Alanine HB,82,ALA,82,A,4,11,3,0,7,18,6,0,7,26,8,0,10,37,11,0,12,46,13,0,0,0,0.2495367
1QT8,1306,N,-17.133627,-3.817355,-3.226624,7,"['1298', '1307', '1310']",,"-0.095137, 0.102163, 0.120756",-0.5260305142306988,-1.0743220578262962,-0.8363770494860912,Alanine N,Lysine N,83,LYS,83,A,6,22,6,0,8,31,10,0,12,47,15,0,15,63,17,0,22,86,24,0,0,0,0.0
1QT8,1307,CA,-16.444501,-3.769927,-4.512415,8,"['1306', '1308', '1311', '1312']",,"-0.483517, 0.124947, -0.119056",0.0,0.0,0.0,Alanine CA,Lysine CA,83,LYS,83,A,7,26,6,0,8,33,11,0,11,51,15,0,20,74,21,0,25,90,25,0,0,0,0.0
1QT8,1308,C,-15.182738,-4.649269,-4.497822,9,"['1307', '1309', '1328']",,"-0.095005, 0.007817, 0.107186",1.538018587918233,-6.245004513516506e-17,1.7347234759768068e-17,Alanine C,Lysine C,83,LYS,83,A,8,31,8,0,10,45,12,0,16,62,19,0,21,87,23,0,27,108,31,0,0,0,0.0
1QT8,1309,O,-14.8716,-5.295998,-5.495656,11,['1308'],,"-0.100037, 0.046682, 0.059572",2.153561861898697,1.0638817715791593,1.1102230246251563e-16,Alanine O,Lysine O,83,LYS,83,A,7,34,8,0,11,47,12,0,16,63,16,0,22,91,23,0,30,115,32,0,0,0,0.041295815
1QT8,1310,HN,-16.940548,-3.040856,-2.580749,10,['1306'],,"0.142387, 0.083491, 0.141105",-0.8054569105577422,-1.9339920213690809,-0.3462003918563843,Alanine HN,Lysine HN,83,LYS,83,A,6,20,7,0,8,31,11,0,13,48,14,0,15,62,17,0,22,86,24,0,0,0,0.011503465
1QT8,1311,H,-17.103978,-4.240534,-5.28493,12,['1307'],,"-0.178706, -0.288735, -0.298260",-0.279289530130723,0.979360105404912,-0.4647702975703623,Alanine HA,Lysine HA,83,LYS,83,A,6,24,6,0,8,32,8,0,12,44,14,0,16,60,19,0,24,84,23,0,0,0,0.06282661
1QT8,1312,C,-16.058404,-2.32194,-4.978746,182,"['1307', '1313', '1317', '1318']",,"0.081191, -0.004648, -0.041252",-0.5155451631434743,-0.031643038142202,1.4820302797296343,Lysine CB,Lysine CB,83,LYS,83,A,6,24,7,0,10,33,10,0,13,57,16,0,21,72,21,0,24,91,24,0,0,0,0.0
1QT8,1313,C,-17.241968,-1.369672,-5.302989,184,"['1312', '1314', '1319', '1320']",,"0.036308, -0.210747, 0.079298",-2.034043188741564,0.2260273872666439,1.6833789998480635,Lysine CG,Lysine CG,83,LYS,83,A,5,15,4,0,7,27,7,0,11,38,14,0,18,59,18,0,21,77,21,0,0,0,0.0050317845
1QT8,1314,C,-17.617435,-1.285884,-6.808298,186,"['1313', '1315', '1321', '1322']",,"-0.288035, -0.536366, 0.096657",-2.40425695242871,1.6913414415404104,2.043583905475921,Lysine CD,Lysine CD,83,LYS,83,A,2,12,3,0,7,26,6,0,10,35,12,0,16,52,14,0,19,71,20,0,0,0,0.008805623
1QT8,1315,C,-16.647428,-0.501934,-7.716091,188,"['1314', '1316', '1323', '1324']",,"-0.070176, 0.252393, 0.175266",-2.065306979855484,2.153790555800923,3.4756568946109985,Lysine CE,Lysine CE,83,LYS,83,A,5,15,7,0,7,24,8,0,10,39,13,0,17,57,16,0,21,77,19,0,0,0,0.0075476766
1QT8,1316,N,-16.617539,0.926433,-7.423904,190,"['1315', '1325', '1326', '1327']",,"0.194842, 0.184669, -0.044904",-2.854664393902904,1.4768946327073529,4.498019679617707,Lysine NZ,Lysine NZ,83,LYS,83,A,4,14,7,0,7,20,8,0,10,33,10,0,14,51,13,0,17,68,18,0,0,0,0.009113238
1QT8,1317,H,-15.381242,-2.408699,-5.860592,183,['1312'],,"-0.002406, -0.066259, 0.019152",0.0812226637969851,0.700957060901669,2.074392602679592,Lysine HB,Lysine HB,83,LYS,83,A,7,27,7,0,10,43,11,0,18,58,16,0,20,81,21,0,26,100,27,0,0,0,0.0035395275
1QT8,1318,H,-15.423581,-1.863927,-4.18037,183,['1312'],,"0.019944, -0.043264, 0.078093",-0.2490355060490122,-1.027418794117274,1.9151395423431985,Lysine HB,Lysine HB,83,LYS,83,A,7,23,7,0,11,40,11,0,15,63,18,0,21,79,22,0,23,91,24,0,0,0,0.0
1QT8,1319,H,-17.024863,-0.353647,-4.897236,185,['1313'],,"-0.031247, -0.104842, 0.060598",-2.432983260549474,-0.4778595462436532,2.4511464663366938,Lysine HG,Lysine HG,83,LYS,83,A,5,16,5,0,7,27,7,0,12,43,13,0,14,54,18,0,20,72,20,0,0,0,0.078754485
1QT8,1320,H,-18.141797,-1.714472,-4.739685,185,['1313'],,"-0.033167, -0.048679, -0.026619",-2.569767222330945,-0.0459026352986945,0.7426641183247937,Lysine HG,Lysine HG,83,LYS,83,A,3,13,4,0,6,20,4,0,9,32,11,0,13,48,17,0,20,67,21,0,0,0,0.10707071
1QT8,1321,H,-18.629781,-0.825628,-6.909425,187,['1314'],,"-0.152622, -0.016221, 0.010998",-3.498872399267837,1.843661865455942,1.883827242452517,Lysine HD,Lysine HD,83,LYS,83,A,1,10,3,0,6,14,4,0,7,29,9,0,12,39,12,0,17,59,16,0,0,0,0.21237165
1QT8,1322,H,-17.738853,-2.320605,-7.21354,187,['1314'],,"-0.097433, -0.156753, -0.069070",-1.9161229317871369,2.382492447403215,1.31307283634957,Lysine HD,Lysine HD,83,LYS,83,A,1,15,3,0,6,25,6,0,14,40,11,0,14,53,13,0,21,66,23,0,0,0,0.16370314
1QT8,1323,H,-16.908032,-0.633046,-8.791502,189,['1315'],,"0.063944, 0.076120, 0.017653",-2.214343975293397,3.252155558757569,3.589656519837945,Lysine HE,Lysine HE,83,LYS,83,A,4,13,4,0,8,23,7,0,10,36,12,0,16,56,17,0,21,67,18,0,0,0,0.05663244
1QT8,1324,H,-15.613471,-0.899998,-7.602745,189,['1315'],,"0.009277, 0.098328, -0.018737",-0.9884037803311788,1.968771718844018,3.6911026429710674,Lysine HE,Lysine HE,83,LYS,83,A,6,22,7,0,9,30,10,0,14,50,14,0,18,68,17,0,22,85,22,0,0,0,0.005309291
1QT8,1325,HN,-15.673937,1.274683,-7.575026,191,['1316'],,"0.444742, 0.103366, 0.058057",-2.281091406937873,1.3510373586509887,5.328486193680204,Lysine HN,Lysine HN,83,LYS,83,A,4,16,7,0,8,24,9,0,12,40,10,0,15,58,15,0,17,70,19,0,0,0,0.0
1QT8,1326,HN,-16.828276,1.141084,-6.456622,191,['1316'],,"0.040699, -0.026614, -0.092713",-3.1410954202946457,0.5432706932315408,4.228904073879511,Lysine HN,Lysine HN,83,LYS,83,A,6,11,5,0,6,21,9,0,11,36,10,0,14,50,12,0,17,61,18,0,0,0,0.10795559
1QT8,1327,HN,-17.246692,1.474825,-8.003228,191,['1316'],,"0.089313, 0.004757, 0.017226",-3.6898429671824657,1.986108472215765,4.772540346302046,Lysine HN,Lysine HN,83,LYS,83,A,4,11,2,0,5,15,7,0,7,25,10,0,15,46,11,0,16,61,15,0,0,0,0.18671007
1QT8,1328,N,-14.371698,-4.585292,-3.410909,7,"['1308', '1329', '1332']",,"-0.096325, 0.206054, 0.120981",-0.6305807663617418,-1.058870213217037,-0.7727396563276334,Alanine N,Leucine N,84,LEU,84,A,9,37,8,0,13,55,15,0,17,69,17,0,25,89,29,0,30,118,30,0,0,0,0.0
1QT8,1329,CA,-13.062551,-5.218082,-3.369973,8,"['1328', '1330', '1333', '1334']",,"0.112883, 0.527712, -0.101900",0.0,0.0,0.0,Alanine CA,Leucine CA,84,LEU,84,A,11,43,7,0,13,62,14,0,17,83,24,0,27,102,28,0,34,134,32,1,0,0,0.0
1QT8,1330,C,-13.058485,-6.717128,-3.045245,9,"['1329', '1331', '1347']",,"-0.189611, 0.255017, 0.176070",1.533819975243509,-2.775557561562892e-17,0.0,Alanine C,Leucine C,84,LEU,84,A,10,44,10,0,12,63,14,0,16,79,23,0,24,103,27,0,34,126,32,0,0,0,0.0
1QT8,1331,O,-12.229213,-7.439814,-3.605189,11,['1330'],,"-0.227323, 0.270187, 0.174403",2.1237730967839568,1.0841861934652564,2.775557561562892e-17,Alanine O,Leucine O,84,LEU,84,A,7,45,12,0,12,63,14,0,19,85,20,0,26,115,28,0,36,136,37,1,0,0,0.0
1QT8,1332,HN,-14.64539,-4.023283,-2.590466,10,['1328'],,"-0.112181, 0.199490, 0.173135",-1.0068761399373587,-1.8618011660135072,-0.2458698241480529,Alanine HN,Leucine HN,84,LEU,84,A,10,33,10,0,13,55,14,0,17,66,18,0,23,88,25,0,28,112,30,0,0,0,0.0
1QT8,1333,H,-12.64219,-5.187227,-4.40661,12,['1329'],,"0.109636, -0.092836, -0.374707",-0.2485095659153123,0.9715700121283236,-0.4965545068736679,Alanine HA,Leucine HA,84,LEU,84,A,8,45,10,0,13,58,14,0,19,82,21,0,28,115,30,1,36,149,38,1,0,0,0.0
1QT8,1334,C,-12.072619,-4.465212,-2.427567,19,"['1329', '1335', '1338', '1339']",,"0.134021, 0.111412, 0.055844",-0.5336585102238278,0.0590057314405572,1.4651397846222212,Leucine CB,Leucine CB,84,LEU,84,A,11,46,10,0,15,69,16,0,21,87,25,0,27,113,32,1,37,145,37,1,0,0,0.0
1QT8,1335,C,-11.873284,-2.95703,-2.772868,21,"['1334', '1336', '1337', '1340']",,"-0.066233, -0.019678, -0.001996",-2.080223713231695,0.2260537077788855,1.5826609078150486,Leucine CG,Leucine CG,84,LEU,84,A,11,42,12,0,17,63,16,0,22,84,22,0,29,112,29,1,35,138,38,1,0,0,0.0
1QT8,1336,C,-10.980539,-2.283045,-1.702125,23,"['1335', '1341', '1342', '1343']",,"-0.022122, 0.018149, -0.023162",-2.5098728212578028,0.1404278451969112,3.06785781157174,Leucine CD,Leucine CD,84,LEU,84,A,11,41,13,0,16,61,18,0,25,85,25,1,31,115,28,1,35,141,36,2,0,0,0.0
1QT8,1337,C,-11.221792,-2.77511,-4.166662,23,"['1335', '1344', '1345', '1346']",,"-0.038082, -0.018650, 0.026394",-2.5513751074918134,1.5793239014459552,0.9937003204078466,Leucine CD,Leucine CD,84,LEU,84,A,6,40,9,0,19,66,15,1,23,85,22,1,30,119,33,1,37,152,38,2,0,0,0.0
1QT8,1338,H,-11.087611,-4.989115,-2.458488,20,['1334'],,"-0.024498, -0.016129, -0.013994",-0.0255683580830755,0.9011319089197392,1.992718328742323,Leucine HB,Leucine HB,84,LEU,84,A,11,47,10,0,14,70,14,0,21,92,24,0,30,126,36,1,42,158,37,1,0,0,0.0
1QT8,1339,H,-12.432558,-4.579589,-1.377283,20,['1334'],,"-0.032374, -0.062307, 0.022557",-0.2004711066376502,-0.8638005694659897,1.997257579480349,Leucine HB,Leucine HB,84,LEU,84,A,12,44,14,0,15,69,16,0,20,90,22,0,25,106,28,0,33,130,34,1,0,0,0.0
1QT8,1340,H,-12.864834,-2.439691,-2.771231,22,['1335'],,"-0.053696, 0.002165, 0.003573",-2.588115795569665,-0.6016845704892697,1.0279459372418085,Leucine HG,Leucine HG,84,LEU,84,A,12,41,12,0,17,57,14,0,21,77,20,0,25,100,28,1,32,123,34,1,0,0,0.0
1QT8,1341,H,-10.886376,-1.18844,-1.890734,24,['1336'],,"-0.034914, 0.057793, -0.021325",-3.619342661845733,0.1839413156655271,3.166768792704114,Leucine HD,Leucine HD,84,LEU,84,A,11,44,14,0,15,52,18,0,21,78,21,1,31,106,28,2,34,134,32,2,0,0,0.0
1QT8,1342,H,-9.951959,-2.706918,-1.677981,24,['1336'],,"-0.008334, 0.007492, -0.003493",-2.0877714177556,0.9675554672828016,3.680979635689109,Leucine HD,Leucine HD,84,LEU,84,A,9,39,12,0,18,63,18,0,28,91,25,1,32,130,31,2,35,154,40,2,0,0,0.0
1QT8,1343,H,-11.409126,-2.396962,-0.681042,24,['1336'],,"-0.000434, 0.000492, -0.010903",-2.1834991679322067,-0.8164035909296918,3.5339353089922945,Leucine HD,Leucine HD,84,LEU,84,A,13,38,11,0,15,60,18,0,24,85,25,0,28,108,26,1,33,136,34,1,0,0,0.0
1QT8,1344,H,-11.022926,-1.701903,-4.383352,24,['1337'],,"-0.004302, -0.007422, 0.016867",-3.645599598484994,1.7233930216569382,1.135800140313965,Leucine HD,Leucine HD,84,LEU,84,A,11,39,9,0,15,65,15,1,22,87,23,1,29,113,29,2,34,137,35,2,0,0,0.0
1QT8,1345,H,-11.883096,-3.140707,-4.983383,24,['1337'],,"-0.014947, -0.004023, -0.005434",-2.368729369379345,1.6396240081403004,-0.1022110675008665,Leucine HD,Leucine HD,84,LEU,84,A,9,37,9,0,16,62,16,0,22,88,24,1,30,115,26,1,37,145,39,2,0,0,0.0
1QT8,1346,H,-10.253477,-3.317648,-4.254967,24,['1337'],,"-0.014239, 0.002991, 0.008587",-2.037265567763848,2.447464878120297,1.4646587256557204,Leucine HD,Leucine HD,84,LEU,84,A,5,42,7,0,17,67,14,1,24,95,26,1,31,128,34,2,42,169,40,2,0,0,0.0
1QT8,1347,N,-13.940745,-7.209725,-2.1327,7,"['1330', '1348', '1351']",,"-0.148654, 0.235017, 0.278320",-0.601564413585896,-0.7983973163932965,-1.0655268830761817,Alanine N,Lysine N,85,LYS,85,A,11,46,13,0,12,55,15,0,15,74,19,0,18,94,25,0,26,115,27,0,0,0,0.0
1QT8,1348,CA,-13.951002,-8.60635,-1.703749,8,"['1347', '1349', '1352', '1353']",,"0.107960, 0.405233, 0.475653",0.0,0.0,0.0,Alanine CA,Lysine CA,85,LYS,85,A,11,45,13,0,12,55,15,0,14,66,18,0,19,88,20,0,23,111,27,0,0,0,0.0
1QT8,1349,C,-14.037462,-9.620536,-2.853947,9,"['1348', '1350', '1369']",,"-0.144579, 0.208494, 0.100197",1.5359049493376848,0.0,-1.1102230246251563e-16,Alanine C,Lysine C,85,LYS,85,A,8,36,11,0,12,52,14,0,15,68,17,0,18,82,21,0,22,102,25,0,0,0,0.0
1QT8,1350,O,-13.191837,-10.513663,-2.906534,11,['1349'],,"-0.292662, 0.254310, 0.084826",2.117431576186015,1.0850574425298425,-2.220446049250313e-16,Alanine O,Lysine O,85,LYS,85,A,7,35,11,0,12,55,13,0,17,70,18,0,18,81,22,0,25,103,28,0,0,0,0.0
1QT8,1351,HN,-14.545165,-6.570025,-1.596729,10,['1347'],,"-0.185649, 0.201870, 0.214014",-1.3913199279366153,-1.3987040149613252,-0.7867390884222819,Alanine HN,Lysine HN,85,LYS,85,A,11,41,11,0,12,52,16,0,13,72,21,0,18,88,22,0,24,105,26,0,0,0,0.0
1QT8,1352,H,-12.938528,-8.795712,-1.263965,12,['1348'],,"0.330947, -0.106567, 0.093499",-0.2612979990155389,1.0636510278154998,-0.2339687609778438,Alanine HA,Lysine HA,85,LYS,85,A,11,49,13,0,12,55,16,0,17,73,19,0,22,93,23,0,25,117,28,0,0,0,0.0
1QT8,1353,C,-15.001816,-8.940629,-0.591659,182,"['1348', '1354', '1358', '1359']",,"-0.092636, -0.013926, 0.191587",-0.5529308528188654,-0.3013466740198708,1.4339296825838987,Lysine CB,Lysine CB,85,LYS,85,A,11,37,12,0,11,48,15,0,14,60,16,0,17,69,20,0,21,90,21,0,0,0,0.0
1QT8,1354,C,-14.943288,-10.420748,-0.110476,184,"['1353', '1355', '1360', '1361']",,"0.116116, 0.035299, -0.152323",0.0607789431072869,0.610341855480335,2.537514374393292,Lysine CG,Lysine CG,85,LYS,85,A,9,32,8,0,12,41,14,0,12,54,17,0,18,69,17,0,21,80,21,0,0,0,0.0
1QT8,1355,C,-15.92177,-10.769633,1.036505,186,"['1354', '1356', '1362', '1363']",,"0.088786, 0.446153, 0.027254",-0.5127079880259378,0.3867144348594029,3.957308971676936,Lysine CD,Lysine CD,85,LYS,85,A,6,19,8,0,9,35,11,0,11,47,14,0,15,56,17,0,22,71,19,0,0,0,0.0075476766
1QT8,1356,C,-15.761563,-12.193739,1.634693,188,"['1355', '1357', '1364', '1365']",,"-0.013529, -0.273143, -0.419548",-0.0293302701586002,1.395719667949495,5.034261842927657,Lysine CE,Lysine CE,85,LYS,85,A,3,11,4,0,5,24,7,0,8,37,14,0,15,51,16,0,20,64,17,0,0,0,0.0075476766
1QT8,1357,N,-15.989771,-13.260695,0.6759,190,"['1356', '1366', '1367', '1368']",,"0.146440, -0.233094, -0.302488",1.406060958615471,1.3732790582460177,5.255409878061584,Lysine NZ,Lysine NZ,85,LYS,85,A,2,11,3,0,4,20,7,0,7,29,10,0,13,41,14,0,17,60,16,0,0,0,0.0022783095
1QT8,1358,H,-16.026305,-8.704667,-0.960544,183,['1353'],,"0.039416, 0.019578, -0.027839",-0.3748216857405482,-1.3715703929948977,1.6873665302125191,Lysine HB,Lysine HB,85,LYS,85,A,10,30,11,0,11,44,12,0,14,54,16,0,15,65,19,0,19,78,21,0,0,0,0.012388347
1QT8,1359,H,-14.828722,-8.255774,0.272721,183,['1353'],,"0.036140, 0.100363, 0.002048",-1.6622079654713695,-0.1775475612718176,1.4160759633882505,Lysine HB,Lysine HB,85,LYS,85,A,11,38,13,0,13,50,14,0,14,60,18,0,16,72,19,0,20,89,23,0,0,0,0.0
1QT8,1360,H,-13.896747,-10.669127,0.191345,185,['1354'],,"0.046657, -0.071503, -0.043459",-0.0601499861237126,1.680577135308063,2.240851690103354,Lysine HG,Lysine HG,85,LYS,85,A,7,32,9,0,11,43,16,0,16,60,17,0,18,73,18,0,22,89,22,0,0,0,0.0
1QT8,1361,H,-15.154556,-11.086548,-0.982268,185,['1354'],,"0.050886, -0.068042, -0.071737",1.1651732519005862,0.4440840058696706,2.5623465558482046,Lysine HG,Lysine HG,85,LYS,85,A,6,28,8,0,11,39,12,0,15,50,16,0,17,67,18,0,20,81,20,0,0,0,0.008848819
1QT8,1362,H,-16.969114,-10.636471,0.672804,187,['1355'],,"0.005151, -0.002705, -0.052837",-0.269313701766751,-0.6519450104339433,4.287287407487977,Lysine HD,Lysine HD,85,LYS,85,A,5,18,7,0,9,27,9,0,11,39,13,0,13,51,17,0,18,63,17,0,0,0,0.17343685
1QT8,1363,H,-15.796053,-10.034056,1.865567,187,['1355'],,"0.019714, 0.105001, 0.105797",-1.626362086318667,0.4358983624711623,3.917590242058649,Lysine HD,Lysine HD,85,LYS,85,A,5,19,8,0,8,37,11,0,13,49,14,0,18,61,15,0,22,70,20,0,0,0,0.0044244095
1QT8,1364,H,-16.469848,-12.336262,2.482635,189,['1356'],,"0.043312, -0.101780, -0.065886",-0.5303495815878883,1.1884614983061237,6.007406119388759,Lysine HE,Lysine HE,85,LYS,85,A,3,8,3,0,4,13,6,0,6,30,9,0,12,44,13,0,21,57,15,0,0,0,0.24245764
1QT8,1365,H,-14.736401,-12.323447,2.051694,189,['1356'],,"-0.030539, -0.080867, -0.058381",-0.3136715539198929,2.433610829336053,4.745119841527584,Lysine HE,Lysine HE,85,LYS,85,A,4,12,4,0,5,24,8,0,9,40,14,0,17,54,15,0,22,68,18,0,0,0,0.055747557
1QT8,1366,HN,-15.845245,-14.202854,1.025721,191,['1357'],,"0.005390, -0.062315, -0.154849",1.7580784029821586,2.0558041089705106,5.919615683511275,Lysine HN,Lysine HN,85,LYS,85,A,2,8,3,0,2,16,5,0,8,23,9,0,11,34,12,0,14,48,15,0,0,0,0.2539611
1QT8,1367,HN,-15.338073,-13.188916,-0.10405,191,['1357'],,"0.317309, -0.096509, -0.446072",1.9060618632659567,1.5919179433094368,4.394956135067853,Lysine HN,Lysine HN,85,LYS,85,A,2,17,4,0,6,24,9,0,9,34,11,0,14,47,15,0,17,64,18,0,0,0,0.0
1QT8,1368,HN,-16.915758,-13.257771,0.265803,191,['1357'],,"0.140214, -0.046748, -0.007453",1.7633669921682944,0.4775970200097781,5.564806238935019,Lysine HN,Lysine HN,85,LYS,85,A,1,8,3,0,2,14,6,0,7,28,9,0,11,37,12,0,16,50,16,0,0,0,0.21768095
1QT8,1369,N,-15.042195,-9.561227,-3.779379,50,"['1349', '1370', '1376']",,"-0.224402, 0.137544, 0.071864",-0.6108512296847352,-1.0101398668415305,-0.8609217183478535,Proline N,Proline N,86,PRO,86,A,10,31,11,0,12,48,14,0,14,63,15,0,19,81,19,0,20,92,23,0,0,0,0.0
1QT8,1370,CA,-15.13014,-10.549899,-4.851527,51,"['1369', '1371', '1373', '1374']",,"-0.623386, -0.352882, 0.236487",0.0,0.0,0.0,Proline CA,Proline CA,86,PRO,86,A,8,27,11,0,10,36,12,0,13,52,17,0,18,78,19,0,22,89,22,0,0,0,0.0
1QT8,1371,C,-13.904207,-10.613392,-5.765509,52,"['1370', '1372', '1383']",,"-0.274794, 0.091059, 0.134145",1.5304594662590718,-1.214306433183765e-17,-1.1102230246251563e-16,Proline C,Proline C,86,PRO,86,A,8,28,10,0,11,42,15,0,14,61,17,0,20,82,20,0,28,104,24,0,0,0,0.0
1QT8,1372,O,-13.474585,-11.70318,-6.154748,53,['1371'],,"-0.265835, 0.275410, 0.128509",2.152259100609472,1.0663419534420977,-2.220446049250313e-16,Proline O,Proline O,86,PRO,86,A,7,29,11,0,12,39,15,0,14,55,17,0,20,80,19,0,25,104,24,0,0,0,0.033483095
1QT8,1373,H,-15.223429,-11.572558,-4.405119,54,['1370'],,"0.011997, -0.322526, 0.152156",-0.2988927589987961,1.018898769546004,-0.3554191698568437,Proline HA,Proline HA,86,PRO,86,A,7,24,10,0,9,33,12,0,14,47,15,0,16,65,18,0,23,86,20,0,0,0,0.04778362
1QT8,1374,C,-16.431977,-10.193068,-5.597934,55,"['1370', '1375', '1377', '1378']",,"-0.466976, 0.283353, -0.561056",-0.6118545884909345,-0.2599412720047056,1.3918677539300068,Proline CB,Proline CB,86,PRO,86,A,9,24,8,0,9,33,9,0,12,40,14,0,16,63,17,0,19,81,21,0,0,0,0.02264303
1QT8,1375,C,-16.577131,-8.69766,-5.308464,57,"['1374', '1376', '1379', '1380']",,"-0.374059, 0.147624, -0.290478",-0.9630350020955772,-1.7475955847052047,1.3235697738421814,Proline CG,Proline CG,86,PRO,86,A,8,23,8,0,10,34,11,0,11,51,14,0,18,64,17,0,21,83,23,0,0,0,0.0012579461
1QT8,1376,C,-16.151775,-8.624899,-3.839384,59,"['1369', '1375', '1381', '1382']",,"-0.276210, 0.332081, -0.253319",-1.5026602269332516,-1.8721674740854304,-0.103912063993989,Proline CD,Proline CD,86,PRO,86,A,9,25,11,0,12,41,12,0,14,58,14,0,16,69,17,0,20,84,20,0,0,0,0.0
1QT8,1377,H,-17.300204,-10.756979,-5.180721,56,['1374'],,"-0.021022, -0.050442, 0.005863",-1.5330870241857313,0.3514577631071144,1.544846334480256,Proline HB,Proline HB,86,PRO,86,A,7,17,7,0,9,29,9,0,10,34,12,0,13,47,16,0,18,71,19,0,0,0,0.21591118
1QT8,1378,H,-16.397043,-10.419735,-6.688718,56,['1374'],,"0.010010, 0.002021, -0.065046",0.0769421267319374,-0.017702355661923,2.234059798779787,Proline HB,Proline HB,86,PRO,86,A,7,22,7,0,9,30,10,0,13,39,13,0,14,62,18,0,22,79,22,0,0,0,0.03804992
1QT8,1379,H,-17.616238,-8.326641,-5.476466,58,['1375'],,"-0.135870, 0.119523, -0.017000",-1.7104457584418449,-2.0482708183930294,2.0959651990996515,Proline HG,Proline HG,86,PRO,86,A,6,20,6,0,8,27,9,0,11,42,12,0,16,58,16,0,20,73,21,0,0,0,0.1610485
1QT8,1380,H,-15.919381,-8.085576,-5.97012,58,['1375'],,"-0.023712, 0.130879, -0.078052",-0.066417949646496,-2.3894457539345613,1.4943818618505276,Proline HG,Proline HG,86,PRO,86,A,7,23,7,0,9,41,12,0,12,55,14,0,19,75,18,0,24,98,26,0,0,0,0.016812757
1QT8,1381,H,-16.978375,-8.941721,-3.162344,60,['1376'],,"-0.000426, 0.039092, 0.009779",-2.555966536164912,-1.5143475714889263,-0.1712740527013043,Proline HD,Proline HD,86,PRO,86,A,9,23,9,0,11,37,13,0,13,51,14,0,15,63,16,0,17,76,19,0,0,0,0.084063776
1QT8,1382,H,-15.885313,-7.582439,-3.568367,60,['1376'],,"-0.006180, 0.104156, 0.054814",-1.4943156827923878,-2.9339858504699725,-0.4258548655724294,Proline HD,Proline HD,86,PRO,86,A,9,32,9,0,13,47,13,0,15,62,15,0,16,73,17,0,21,93,24,0,0,0,0.0
1QT8,1383,N,-13.285806,-9.442238,-6.065882,7,"['1371', '1384', '1387']",,"-0.281453, 0.124934, 0.052713",-0.4873155213654071,-0.7479247075984576,-1.146877353101508,Alanine N,Valine N,87,VAL,87,A,9,33,10,0,10,54,16,0,17,72,19,0,21,95,21,0,32,119,30,0,0,0,0.0
1QT8,1384,CA,-12.039422,-9.362378,-6.809081,8,"['1383', '1385', '1388', '1389']",,"-0.468983, 0.239910, -0.311704",0.0,0.0,0.0,Alanine CA,Valine CA,87,VAL,87,A,9,43,11,0,12,57,15,0,17,76,20,0,24,104,26,0,31,139,31,1,0,0,0.0
1QT8,1385,C,-10.955623,-10.174949,-6.085717,9,"['1384', '1386', '1399']",,"-0.223242, 0.340566, 0.131061",1.535626054395406,0.0,1.1102230246251563e-16,Alanine C,Valine C,87,VAL,87,A,9,43,13,0,14,62,15,0,21,82,21,0,28,103,24,0,33,138,34,1,0,0,0.0
1QT8,1386,O,-10.366593,-11.084942,-6.676425,11,['1385'],,"-0.098583, 0.340766, 0.231690",2.1546095253649926,1.0681006529721075,6.938893903907227e-17,Alanine O,Valine O,87,VAL,87,A,11,40,12,0,14,61,16,0,20,82,19,0,28,106,24,0,34,132,30,0,0,0,0.0
1QT8,1387,HN,-13.664426,-8.550151,-5.723929,10,['1383'],,"-0.044426, 0.096663, 0.065322",-1.0655002367286597,-1.5708050721897568,-0.9355138873170756,Alanine HN,Valine HN,87,VAL,87,A,8,38,12,0,11,53,14,0,15,77,18,0,22,93,24,0,30,117,33,0,0,0,0.0
1QT8,1388,H,-12.189669,-9.857967,-7.798762,12,['1384'],,"-0.014277, -0.163785, -0.284560",-0.3099946790792246,1.066356989750203,-0.1201547712096999,Alanine HA,Valine HA,87,VAL,87,A,10,37,11,0,14,54,14,0,18,75,18,0,22,98,24,0,29,130,32,0,0,0,0.0
1QT8,1389,C,-11.558091,-7.890868,-7.073419,15,"['1384', '1390', '1391', '1392']",,"-0.006470, 0.253593, -0.111167",-0.5634528577425439,-0.5155233470278253,1.3724621472652674,Valine CB,Valine CB,87,VAL,87,A,11,44,8,0,14,62,12,0,16,84,24,0,27,117,29,1,37,157,33,1,0,0,0.0
1QT8,1390,C,-10.284093,-7.869615,-7.964075,17,"['1389', '1393', '1394', '1395']",,"-0.073414, -0.003568, 0.000126",-0.0950968422292719,0.3900991243520958,2.5460384278764825,Valine CG,Valine CG,87,VAL,87,A,12,45,9,0,14,61,13,0,19,90,23,1,26,133,30,1,36,166,37,1,0,0,0.0
1QT8,1391,C,-12.657609,-7.048795,-7.767007,17,"['1389', '1396', '1397', '1398']",,"-0.121304, -0.055347, -0.062641",-2.1117576626731287,-0.5584467927935448,1.3715175682775362,Valine CG,Valine CG,87,VAL,87,A,8,41,9,0,14,54,14,0,19,81,21,0,23,109,26,0,37,139,31,1,0,0,0.0050317845
1QT8,1392,H,-11.322809,-7.424017,-6.082663,16,['1389'],,"-0.025104, -0.005398, 0.052192",-0.1777300224952572,-1.5549820695135883,1.5326132817541,Valine HB,Valine HB,87,VAL,87,A,8,44,7,0,12,66,13,0,19,92,24,0,27,119,30,1,41,154,36,1,0,0,0.0
1QT8,1393,H,-9.898164,-6.836358,-8.109165,18,['1390'],,"-0.008000, -0.009594, -0.001978",-0.4378092432917827,0.0014711969166416,3.5304818611753146,Valine HG,Valine HG,87,VAL,87,A,6,42,7,0,15,63,16,1,20,98,19,1,27,138,29,1,40,169,37,2,0,0,0.0
1QT8,1394,H,-10.476612,-8.297545,-8.974736,18,['1390'],,"-0.013902, 0.011493, -0.034558",-0.4806100819665843,1.4308677972782442,2.4470262133532987,Valine HG,Valine HG,87,VAL,87,A,11,42,11,0,16,59,14,0,19,89,19,0,27,124,28,1,38,162,38,2,0,0,0.0
1QT8,1395,H,-9.454204,-8.457125,-7.512887,18,['1390'],,"-0.012366, -0.000310, -0.015302",1.014027093300443,0.4560196538924956,2.6003794177937616,Valine HG,Valine HG,87,VAL,87,A,8,46,10,0,15,73,15,0,21,98,21,1,28,132,30,1,41,166,37,1,0,0,0.0
1QT8,1396,H,-12.329532,-5.998584,-7.904747,18,['1391'],,"-0.046914, -0.048528, 0.017199",-2.500809172712282,-0.9706334982299124,2.3245605958727062,Valine HG,Valine HG,87,VAL,87,A,9,38,10,0,15,59,15,0,21,84,21,0,26,115,25,1,35,144,32,1,0,0,0.0
1QT8,1397,H,-13.600799,-6.989489,-7.179736,18,['1391'],,"-0.079486, 0.089333, -0.026043",-2.53217773372108,-1.2102653752896644,0.5737761912951304,Valine HG,Valine HG,87,VAL,87,A,9,32,7,0,11,52,12,0,18,80,21,0,23,103,24,0,33,126,32,1,0,0,0.005309291
1QT8,1398,H,-12.931036,-7.44997,-8.769505,18,['1391'],,"-0.108112, -0.027561, -0.068152",-2.5646854438404247,0.4494620888636977,1.2312248162148642,Valine HG,Valine HG,87,VAL,87,A,11,34,11,0,14,52,14,0,19,78,17,0,24,103,26,0,29,135,30,2,0,0,0.0
1QT8,1399,N,-10.734653,-9.866563,-4.779833,7,"['1385', '1400', '1403']",,"-0.184285, 0.321955, 0.159301",-0.5628845466444214,-0.831668883657858,-1.0544399620553064,Alanine N,Tyrosine N,88,TYR,88,A,8,44,10,0,12,60,15,0,20,80,21,0,27,101,24,0,34,134,36,1,0,0,0.0
1QT8,1400,CA,-9.754922,-10.489238,-3.900766,8,"['1399', '1401', '1404', '1405']",,"-0.049566, 0.701289, 0.017729",0.0,0.0,0.0,Alanine CA,Tyrosine CA,88,TYR,88,A,9,44,10,0,14,57,14,0,22,77,20,0,26,111,29,0,36,134,32,1,0,0,0.0
1QT8,1401,C,-9.859602,-12.011507,-3.885285,9,"['1400', '1402', '1420']",,"-0.281861, 0.181381, 0.100908",1.5259424865053068,2.47198095326695e-17,1.734723475976807e-18,Alanine C,Tyrosine C,88,TYR,88,A,11,35,10,0,12,49,12,0,21,70,17,0,24,93,24,0,30,119,29,0,0,0,0.0
1QT8,1402,O,-8.862916,-12.708149,-4.084668,11,['1401'],,"-0.324987, 0.296471, 0.001998",2.150511754628694,1.0622428483001514,0.0,Alanine O,Tyrosine O,88,TYR,88,A,11,33,12,0,15,43,13,0,20,71,16,0,24,97,23,0,29,115,27,0,0,0,0.0
1QT8,1403,HN,-11.32068,-9.146329,-4.334842,10,['1399'],,"-0.218775, 0.236068, 0.145653",-1.236668577174738,-1.5412326182479332,-0.7339465357219332,Alanine HN,Tyrosine HN,88,TYR,88,A,7,45,10,0,13,62,14,0,18,83,22,0,28,100,26,0,35,135,33,1,0,0,0.0
1QT8,1404,H,-8.739077,-10.257643,-4.30074,12,['1400'],,"0.303676, -0.015281, -0.123305",-0.3047824837842492,1.055545326899799,-0.1961841205712169,Alanine HA,Tyrosine HA,88,TYR,88,A,11,41,11,0,14,61,15,0,21,90,21,0,26,117,28,0,36,140,34,1,0,0,0.0
1QT8,1405,C,-9.872903,-9.940732,-2.452308,70,"['1400', '1406', '1413', '1414']",,"-0.013628, 0.089267, 0.276725",-0.5243971236220091,-0.4339665851957205,1.3962412348271085,Tyrosine CB,Tyrosine CB,88,TYR,88,A,9,43,10,0,16,63,15,0,19,77,21,0,30,110,27,0,35,133,34,0,0,0,0.0
1QT8,1406,C,-8.853922,-10.479479,-1.46608,72,"['1405', '1407', '1408']",,"-0.137578, -0.074721, 0.007305",-0.0468439209453474,0.4095464912764844,2.5631366477873523,Tyrosine CG,Tyrosine CG,88,TYR,88,A,11,41,11,0,16,61,14,0,23,81,21,0,28,98,26,0,33,126,33,0,0,0,0.0
1QT8,1407,C,-9.142676,-11.582873,-0.64161,73,"['1406', '1409', '1415']",,"-0.139226, -0.105559, 0.019214",1.0820668243876537,0.0437217395098761,3.3196687044238087,Tyrosine CD,Tyrosine CD,88,TYR,88,A,9,33,10,0,14,53,12,0,21,71,17,0,26,85,23,0,28,108,30,0,0,0,0.0
1QT8,1408,C,-7.612728,-9.840717,-1.307314,73,"['1406', '1410', '1416']",,"-0.032807, -0.046116, 0.025224",-0.7676036692179273,1.5492118652638562,2.9574135829994868,Tyrosine CD,Tyrosine CD,88,TYR,88,A,9,42,10,0,17,65,17,0,24,88,20,0,29,108,27,0,32,136,32,1,0,0,0.0
1QT8,1409,C,-8.230203,-12.008044,0.331877,75,"['1407', '1411', '1417']",,"-0.173293, -0.026005, -0.017165",1.4534946577551002,0.7776046486200955,4.453031635904668,Tyrosine CE,Tyrosine CE,88,TYR,88,A,5,29,7,0,11,47,12,0,19,65,16,0,25,82,22,0,29,106,27,0,0,0,0.0
1QT8,1410,C,-6.713792,-10.24553,-0.317967,75,"['1408', '1411', '1418']",,"-0.066818, 0.033259, 0.016400",-0.4153952826784969,2.265365575454048,4.103642224809712,Tyrosine CE,Tyrosine CE,88,TYR,88,A,9,35,7,0,13,56,14,0,22,80,20,0,28,103,26,0,34,128,31,0,0,0,0.0
1QT8,1411,C,-7.021869,-11.327559,0.514471,77,"['1409', '1410', '1412']",,"-0.134270, 0.024096, 0.019677",0.6936082949823014,1.8776079873818377,4.864172524167978,Tyrosine CZ,Tyrosine CZ,88,TYR,88,A,8,25,4,0,12,49,12,0,19,66,17,0,26,93,24,0,30,113,30,0,0,0,0.0
1QT8,1412,OH,-6.171773,-11.736779,1.494282,78,"['1411', '1419']",,"-0.037582, 0.009526, -0.012729",1.0534667626815617,2.5481179614652927,5.9915908454741125,Tyrosine OH,Tyrosine OH,88,TYR,88,A,5,22,4,0,11,35,7,0,15,56,15,0,25,83,21,0,31,110,28,0,0,0,0.16629937
1QT8,1413,H,-10.890149,-10.165177,-2.046965,71,['1405'],,"-0.126208, -0.048244, -0.018278",-0.226596848718648,-1.4924179910842532,1.5973967662699886,Tyrosine HB,Tyrosine HB,88,TYR,88,A,11,45,9,0,13,57,14,0,18,74,21,0,26,94,24,0,32,120,31,0,0,0,0.0
1QT8,1414,H,-9.809545,-8.829257,-2.461967,71,['1405'],,"-0.029494, 0.001633, -0.009527",-1.637640773508477,-0.4470789571309045,1.3953194107172378,Tyrosine HB,Tyrosine HB,88,TYR,88,A,10,46,10,0,14,67,17,0,22,88,21,0,30,116,29,0,37,146,35,1,0,0,0.0
1QT8,1415,H,-10.105885,-12.110162,-0.735995,74,['1407'],,"-0.228630, -0.069700, -0.047190",1.6732052523777212,-0.8440916208902566,3.042078013882035,Tyrosine HD,Tyrosine HD,88,TYR,88,A,11,30,10,0,12,49,13,0,18,62,15,0,24,80,21,0,29,99,23,0,0,0,0.0
1QT8,1416,H,-7.342718,-8.979874,-1.938866,74,['1408'],,"0.004509, -0.019534, 0.019364",-1.6513042857249496,1.8761321904208497,2.387316818548615,Tyrosine HD,Tyrosine HD,88,TYR,88,A,8,45,9,0,18,69,17,0,24,87,21,0,29,121,28,1,33,148,36,1,0,0,0.0
1QT8,1417,H,-8.472569,-12.867051,0.979346,76,['1409'],,"0.021795, -0.113317, 0.064806",2.333628790744476,0.4745275434027988,5.044097272028225,Tyrosine HE,Tyrosine HE,88,TYR,88,A,4,19,5,0,8,37,8,0,17,54,14,0,22,71,18,0,25,92,25,0,0,0,0.12919275
1QT8,1418,H,-5.763995,-9.700094,-0.202424,76,['1410'],,"0.013250, 0.046924, -0.013440",-1.023502305890196,3.13469917159617,4.399327704827265,Tyrosine HE,Tyrosine HE,88,TYR,88,A,9,34,8,0,14,52,15,0,20,78,18,0,29,106,25,0,34,142,32,2,0,0,0.0
1QT8,1419,HO,-5.474077,-11.117696,1.656623,79,['1412'],,"-0.015791, 0.006408, 0.008507",0.3896589949944558,3.1565762939833624,6.28405584292439,Tyrosine HH,Tyrosine HH,88,TYR,88,A,6,24,3,0,10,42,8,0,16,59,15,0,23,88,23,0,33,120,29,1,0,0,0.03716504
1QT8,1420,N,-11.090701,-12.530746,-3.652257,7,"['1401', '1421', '1424']",,"-0.243473, 0.229825, 0.238926",-0.5759274626653289,-1.1850495165733328,-0.6098173627080363,Alanine N,Aspartate N,89,ASP,89,A,10,39,7,0,12,48,9,0,17,66,13,0,19,81,21,0,28,109,24,0,0,0,0.0
1QT8,1421,CA,-11.377154,-13.950899,-3.557272,8,"['1420', '1422', '1425', '1426']",,"-0.346659, 0.239580, 0.739716",0.0,0.0,0.0,Alanine CA,Aspartate CA,89,ASP,89,A,9,29,7,0,11,42,8,0,15,50,9,0,18,69,16,0,21,85,23,0,0,0,0.0
1QT8,1422,C,-11.128,-14.709391,-4.863587,9,"['1421', '1423', '1432']",,"-0.082148, 0.347322, 0.159590",1.530962673942445,-1.1102230246251563e-16,6.938893903907228e-18,Alanine C,Aspartate C,89,ASP,89,A,10,24,6,0,11,37,8,0,16,52,11,0,16,67,15,0,23,85,19,0,0,0,0.0050317845
1QT8,1423,O,-10.836776,-15.908071,-4.836012,11,['1422'],,"-0.034362, 0.394027, -0.229496",2.148696335923648,1.0680873859644122,3.4694469519536136e-17,Alanine O,Aspartate O,89,ASP,89,A,8,21,6,0,12,28,7,0,13,44,10,0,16,62,13,0,20,74,16,0,0,0,0.14509341
1QT8,1424,HN,-11.879078,-11.897668,-3.464458,10,['1420'],,"-0.264961, 0.264974, 0.087784",-1.178121459821958,-1.7573605353242887,-0.0036680409903864,Alanine HN,Aspartate HN,89,ASP,89,A,9,41,7,0,13,52,9,0,15,64,15,0,21,79,20,0,27,107,24,0,0,0,0.0
1QT8,1425,H,-10.65527,-14.388172,-2.822484,12,['1421'],,"0.226560, -0.130690, 0.240456",-0.2928459559457899,0.8759048574232962,-0.6318777712164545,Alanine HA,Aspartate HA,89,ASP,89,A,10,28,6,0,11,40,8,0,14,51,8,0,17,71,12,0,21,86,21,0,0,0,0.015042992
1QT8,1426,C,-12.821838,-14.240798,-3.068354,137,"['1421', '1427', '1430', '1431']",,"-0.102054, -0.358862, -0.332328",-0.508662722777314,0.2382478098257766,1.4473058820964513,Aspartate CB,Aspartate CB,89,ASP,89,A,9,24,7,0,10,35,7,0,12,48,8,0,15,59,15,0,19,74,18,0,0,0,0.006289731
1QT8,1427,C,-13.24581,-13.581014,-1.77463,139,"['1426', '1428', '1429']",,"0.276292, -0.189577, -0.270218",-2.0084290538291705,0.2829912277115941,1.6409239350128777,Aspartate CG,Aspartate CG,89,ASP,89,A,8,26,5,0,11,36,8,0,11,48,10,0,15,59,15,0,22,76,19,0,0,0,0.030190706
1QT8,1428,O,-14.469746,-13.474858,-1.530969,140,['1427'],,"0.604909, 0.112976, -0.781829",-2.4681169731294545,0.1022916328588311,2.7918773591888617,Aspartate OD,Aspartate OD,89,ASP,89,A,7,20,4,0,8,32,7,0,11,39,11,0,16,55,14,0,19,69,17,0,0,0,0.09598487
1QT8,1429,O,-12.341207,-13.19228,-0.967754,140,['1427'],,"-0.164493, 0.273514, -0.345209",-2.742281298778309,0.5386344240133767,0.6326694887004811,Aspartate OD,Aspartate OD,89,ASP,89,A,9,32,5,0,11,38,8,0,12,51,11,0,17,62,15,0,22,86,19,0,0,0,0.08705605
1QT8,1430,H,-12.956732,-15.343381,-2.949146,138,['1426'],,"-0.013721, -0.173101, -0.040179",-0.0860738395526384,1.1975322428236712,1.833684223585505,Aspartate HB,Aspartate HB,89,ASP,89,A,9,19,6,0,9,31,7,0,11,36,7,0,13,50,10,0,17,62,15,0,0,0,0.18847984
1QT8,1431,H,-13.54239,-13.931387,-3.866315,138,['1426'],,"-0.031143, 0.027234, -0.177007",-0.0983494909874341,-0.5633672023792549,2.111179765580108,Aspartate HB,Aspartate HB,89,ASP,89,A,9,22,7,0,11,36,7,0,13,47,11,0,16,60,15,0,20,70,17,0,0,0,0.071675435
1QT8,1432,N,-11.277167,-14.055102,-6.043114,7,"['1422', '1433', '1436']",,"-0.237139, 0.308608, 0.070629",-0.5872677089495457,-1.159987288810478,-0.6528882539809298,Alanine N,Serine N,90,SER,90,A,9,29,9,0,12,43,13,0,17,55,14,0,18,76,18,0,24,96,25,0,0,0,0.0022783095
1QT8,1433,CA,-11.05317,-14.698725,-7.328529,8,"['1432', '1434', '1437', '1438']",,"-0.570274, -0.016006, 0.237044",0.0,0.0,0.0,Alanine CA,Serine CA,90,SER,90,A,8,28,10,0,13,39,12,0,16,59,14,0,19,70,19,0,24,95,24,0,0,0,0.0012579461
1QT8,1434,C,-9.570377,-14.952247,-7.645567,9,"['1433', '1435', '1443']",,"-0.209321, 0.492991, 0.286205",1.537355384671026,0.0,5.551115123125783e-17,Alanine C,Serine C,90,SER,90,A,8,26,9,0,13,43,13,0,19,62,16,0,22,80,20,0,27,94,25,0,0,0,0.0
1QT8,1435,O,-9.242272,-15.917899,-8.365942,11,['1434'],,"-0.060709, 0.314184, 0.745783",2.161617076162982,1.0813760480469334,0.0,Alanine O,Serine O,90,SER,90,A,6,23,9,0,13,37,10,0,18,58,14,0,23,66,18,0,25,85,25,0,0,0,0.140629
1QT8,1436,HN,-11.601327,-13.078109,-6.072307,10,['1432'],,"-0.118331, 0.285433, 0.033500",-1.055016490436317,-1.8413101363688609,-0.0385125434335663,Alanine HN,Serine HN,90,SER,90,A,10,34,11,0,13,44,13,0,16,61,15,0,20,81,21,0,26,111,26,0,0,0,0.0
1QT8,1437,H,-11.522427,-15.713886,-7.274798,12,['1433'],,"-0.117690, -0.378590, 0.039292",-0.2962750975334614,0.8993850087134277,-0.5974685606909267,Alanine HA,Serine HA,90,SER,90,A,8,20,9,0,12,33,10,0,14,45,13,0,17,60,16,0,23,78,20,0,0,0,0.13450205
1QT8,1438,C,-11.731158,-13.922442,-8.49014,33,"['1433', '1439', '1440', '1441']",,"-0.232951, 0.113822, -0.208088",-0.5423897813779945,0.1880180373952166,1.442943409224625,Serine CB,Serine CB,90,SER,90,A,9,29,9,0,13,42,12,0,14,52,18,0,18,78,19,0,28,96,24,0,0,0,0.011321515
1QT8,1439,OH,-10.963519,-12.824801,-8.967459,35,"['1438', '1442']",,"-0.074748, 0.045073, 0.115850",0.115429396497657,-0.6210212163117697,2.409715482747254,Serine OG,Serine OG,90,SER,90,A,10,34,10,0,14,47,14,0,17,73,18,0,25,90,23,0,31,112,26,0,0,0,0.0
1QT8,1440,H,-12.735586,-13.552713,-8.183977,34,['1438'],,"-0.030838, -0.005078, 0.081327",-1.635278624705219,-0.019949330507035,1.4836186254218189,Serine HB,Serine HB,90,SER,90,A,9,28,10,0,13,34,13,0,15,52,16,0,18,69,19,0,24,97,24,0,0,0,0.084063776
1QT8,1441,H,-11.894624,-14.628908,-9.338799,34,['1438'],,"-0.075351, -0.016219, -0.002658",-0.4085394128764826,1.2573605345477297,1.7338525758533765,Serine HB,Serine HB,90,SER,90,A,9,25,8,0,11,37,10,0,14,48,16,0,17,66,19,0,26,85,24,0,0,0,0.10353118
1QT8,1442,HO,-11.052783,-12.115277,-8.359876,36,['1439'],,"0.067903, 0.135405, 0.187032",-0.2129701928673193,-1.4968696841609948,2.334931519011171,Serine HG,Serine HG,90,SER,90,A,10,32,11,0,14,51,15,0,18,78,20,0,25,100,23,0,30,115,27,0,0,0,0.0
1QT8,1443,N,-8.687612,-14.044835,-7.14842,7,"['1434', '1444', '1447']",,"-0.074924, 0.278104, 0.196039",-0.5590127827937199,1.1392235401762485,0.7181364282805293,Alanine N,Leucine N,91,LEU,91,A,11,35,9,0,13,49,13,0,20,71,18,0,26,85,22,0,29,108,27,0,0,0,0.0
1QT8,1444,CA,-7.237165,-13.989778,-7.287048,8,"['1443', '1445', '1448', '1449']",,"-0.270754, 0.512886, 0.126650",0.0,0.0,0.0,Alanine CA,Leucine CA,91,LEU,91,A,12,33,10,0,16,56,12,0,21,71,16,0,25,92,25,0,31,114,29,0,0,0,0.0
1QT8,1445,C,-6.52512,-15.090404,-6.480533,9,"['1444', '1446', '1462']",,"0.115413, 0.114224, -0.116498",1.539107572304808,0.0,-5.551115123125783e-17,Alanine C,Leucine C,91,LEU,91,A,12,29,9,0,15,45,12,0,17,61,16,0,22,83,21,0,29,103,24,0,0,0,0.006289731
1QT8,1446,O,-6.983141,-15.507905,-5.417994,11,['1445'],,"0.048153, 0.043672, -0.155704",2.1825548219229605,1.0483582807999536,-1.1102230246251563e-16,Alanine O,Leucine O,91,LEU,91,A,12,29,8,0,13,39,11,0,16,49,16,0,19,66,18,0,25,94,21,0,0,0,0.02455427
1QT8,1447,HN,-9.074361,-13.242376,-6.63342,10,['1443'],,"-0.124063, 0.194641, 0.144712",-1.0419125614791107,1.806972210670996,0.1019710669690564,Alanine HN,Leucine HN,91,LEU,91,A,11,34,11,0,14,56,15,0,21,75,19,0,25,91,22,0,32,119,28,0,0,0,0.0
1QT8,1448,H,-6.980821,-14.140572,-8.3628,12,['1444'],,"0.056953, -0.011794, -0.235310",-0.3372823791508134,-0.9352330615451412,0.5072210165039188,Alanine HA,Leucine HA,91,LEU,91,A,12,34,10,0,18,50,11,0,22,73,16,0,27,92,25,0,32,116,30,0,0,0,0.0
1QT8,1449,C,-6.706133,-12.597141,-6.790232,19,"['1444', '1450', '1453', '1454']",,"0.156591, 0.285257, 0.051301",-0.4898710575200014,0.0175907540213362,-1.4926405625689638,Leucine CB,Leucine CB,91,LEU,91,A,14,44,12,0,19,64,14,0,24,86,19,0,28,107,27,0,33,128,32,1,0,0,0.0
1QT8,1450,C,-7.197075,-11.343724,-7.573199,21,"['1449', '1451', '1452', '1455']",,"-0.101454, -0.032009, 0.013018",-2.023611003911159,-0.1192835673257749,-1.7250684940699328,Leucine CG,Leucine CG,91,LEU,91,A,11,48,11,0,18,71,16,0,27,92,23,0,35,118,30,1,37,146,35,1,0,0,0.0
1QT8,1451,C,-6.628667,-10.055793,-6.923899,23,"['1450', '1456', '1457', '1458']",,"-0.016635, -0.039164, -0.018154",-2.341410805398416,-0.0273887431406126,-3.239665150836228,Leucine CD,Leucine CD,91,LEU,91,A,12,50,9,0,19,70,18,0,23,98,25,1,32,126,28,1,41,163,35,1,0,0,0.0
1QT8,1452,C,-6.785633,-11.40815,-9.058394,23,"['1450', '1459', '1460', '1461']",,"-0.052548, 0.025878, 0.045032",-2.565456103542598,-1.4461009859116083,-1.154806411683579,Leucine CD,Leucine CD,91,LEU,91,A,11,50,10,0,19,72,16,0,28,93,25,0,35,121,31,0,41,144,38,1,0,0,0.0
1QT8,1453,H,-5.591729,-12.619613,-6.766328,20,['1449'],,"0.017564, -0.035350, 0.052129",0.0542871373213236,-0.77009464772292,-2.063969044339321,Leucine HB,Leucine HB,91,LEU,91,A,16,40,12,0,17,67,15,0,24,87,21,0,29,105,24,0,35,124,33,1,0,0,0.0
1QT8,1454,H,-7.00731,-12.482628,-5.719749,20,['1449'],,"-0.069796, -0.024481, 0.094740",-0.1501462429256593,0.9800203507936665,-1.9487885510469227,Leucine HB,Leucine HB,91,LEU,91,A,14,42,11,0,18,57,16,0,21,86,18,0,26,107,25,0,31,127,29,0,0,0,0.0
1QT8,1455,H,-8.311899,-11.291163,-7.531852,22,['1450'],,"-0.138442, 0.033410, 0.017335",-2.555287864766042,0.7150756046275751,-1.2069282891882638,Leucine HG,Leucine HG,91,LEU,91,A,9,49,13,0,18,68,17,0,25,95,24,0,34,116,29,0,37,139,32,1,0,0,0.0
1QT8,1456,H,-6.979502,-9.14029,-7.451703,24,['1451'],,"-0.003876, -0.021529, -0.002503",-3.434978653286094,-0.1024515649554833,-3.435325411230356,Leucine HD,Leucine HD,91,LEU,91,A,10,47,8,0,16,70,18,1,27,105,26,1,36,140,29,1,42,172,41,1,0,0,0.0
1QT8,1457,H,-5.516929,-10.031888,-6.927977,24,['1451'],,"0.024362, 0.005955, 0.018368",-1.846313474177508,-0.8306272708792652,-3.828083335401573,Leucine HD,Leucine HD,91,LEU,91,A,12,53,11,0,19,73,17,0,24,95,22,1,32,128,29,1,43,163,38,2,0,0,0.0
1QT8,1458,H,-6.955489,-9.955556,-5.864399,24,['1451'],,"0.001108, -0.013246, -0.024180",-2.0090966563736785,0.9453471578413422,-3.6671607638567454,Leucine HD,Leucine HD,91,LEU,91,A,12,46,9,0,17,72,19,0,22,96,20,1,30,128,28,1,40,156,35,1,0,0,0.0
1QT8,1459,H,-7.043117,-10.469209,-9.596847,24,['1452'],,"-0.018717, -0.013486, -0.002235",-3.6381774148077897,-1.594870223451876,-1.4097113886165031,Leucine HD,Leucine HD,91,LEU,91,A,11,45,11,0,19,73,15,0,28,96,24,0,35,123,32,1,43,157,41,1,0,0,0.0
1QT8,1460,H,-7.335413,-12.219367,-9.58315,24,['1452'],,"-0.043925, 0.060734, 0.018260",-2.514676783234944,-1.4458652224058608,-0.0443464465926877,Leucine HD,Leucine HD,91,LEU,91,A,13,43,10,0,19,64,15,0,24,89,22,0,33,111,28,0,37,136,34,0,0,0,0.0
1QT8,1461,H,-5.697849,-11.584705,-9.201178,24,['1452'],,"-0.025550, 0.001259, -0.009462",-2.010774443006314,-2.336195527978531,-1.522084141725009,Leucine HD,Leucine HD,91,LEU,91,A,12,47,9,0,24,71,15,0,28,95,22,0,35,119,34,1,41,146,39,1,0,0,0.0
1QT8,1462,N,-5.322836,-15.481517,-6.982131,7,"['1445', '1463', '1466']",,"-0.030676, 0.092467, -0.127788",-0.4716681391232046,1.3660809044220832,0.2712853319871814,Alanine N,Aspartate N,92,ASP,92,A,12,31,7,0,14,41,9,0,18,57,13,0,23,85,17,0,27,101,21,0,0,0,0.0113915475
1QT8,1463,CA,-4.325632,-16.307568,-6.285376,8,"['1462', '1464', '1467', '1468']",,"-0.140877, -0.337889, -0.679669",0.0,0.0,0.0,Alanine CA,Aspartate CA,92,ASP,92,A,11,25,6,0,13,35,9,0,16,49,10,0,20,65,14,0,24,91,19,0,0,0,0.0012579461
1QT8,1464,C,-3.680462,-15.467657,-5.173456,9,"['1463', '1465', '1474']",,"0.061449, -0.323042, -0.102426",1.535597897634989,0.0,-1.1102230246251563e-16,Alanine C,Aspartate C,92,ASP,92,A,10,26,6,0,13,39,9,0,17,53,11,0,21,73,15,0,24,96,20,0,0,0,0.0
1QT8,1465,O,-3.864021,-14.250193,-5.110513,11,['1464'],,"-0.055631, -0.445039, -0.107456",2.169958121580508,1.0571004802296682,0.0,Alanine O,Aspartate O,92,ASP,92,A,9,31,7,0,16,48,10,0,19,65,12,0,23,89,17,0,28,113,22,1,0,0,0.0
1QT8,1466,HN,-5.022834,-15.124202,-7.9008,10,['1462'],,"0.107175, 0.014991, -0.149856",-0.8153918092245453,1.8770738834419245,-0.5547704499031785,Alanine HN,Aspartate HN,92,ASP,92,A,11,34,7,0,16,47,11,0,18,63,14,0,24,87,17,0,31,108,24,0,0,0,0.0
1QT8,1467,H,-4.843724,-17.167296,-5.798895,12,['1463'],,"-0.200636, -0.254254, 0.169013",-0.3356506720423467,-0.6697976630782759,0.8263927847587991,Alanine HA,Aspartate HA,92,ASP,92,A,9,24,5,0,12,29,7,0,14,43,9,0,18,54,12,0,21,71,16,0,0,0,0.13538693
1QT8,1468,C,-3.24088,-16.815636,-7.276027,137,"['1463', '1469', '1472', '1473']",,"-0.050821, -0.601679, 0.112109",-0.539468773240606,-0.5087572241870821,-1.366143816537897,Aspartate CB,Aspartate CB,92,ASP,92,A,10,27,5,0,13,33,7,0,17,42,11,0,21,62,14,0,26,91,16,0,0,0,0.015095353
1QT8,1469,C,-2.591043,-15.711746,-8.083215,139,"['1468', '1470', '1471']",,"0.038919, -0.333586, 0.282726",-0.2471421095929438,0.4262680467895054,-2.520564273030586,Aspartate CG,Aspartate CG,92,ASP,92,A,10,27,8,0,15,39,9,0,19,55,13,0,24,79,16,0,29,106,19,0,0,0,0.04277017
1QT8,1470,O,-1.700703,-15.011148,-7.539756,140,['1469'],,"0.007074, -0.416265, -0.183574",0.9036432350468332,0.4203248220843715,-3.0250920983558225,Aspartate OD,Aspartate OD,92,ASP,92,A,10,27,7,0,16,45,10,0,22,68,12,0,25,85,18,0,28,108,22,1,0,0,0.006696619
1QT8,1471,O,-3.062037,-15.498507,-9.241852,140,['1469'],,"0.115787, -0.007011, 0.562986",-1.1673576637216132,1.2368684257241966,-2.8459506226775897,Aspartate OD,Aspartate OD,92,ASP,92,A,11,31,7,0,13,44,9,0,19,59,15,0,22,79,18,0,33,107,23,0,0,0,0.047992434
1QT8,1472,H,-3.695274,-17.572125,-7.957501,138,['1468'],,"-0.092757, -0.170312, 0.018065",-1.637600896328357,-0.6826978263787834,-1.2824369817812662,Aspartate HB,Aspartate HB,92,ASP,92,A,9,20,3,0,13,32,5,0,16,41,9,0,18,49,13,0,24,76,18,0,0,0,0.2150263
1QT8,1473,H,-2.445187,-17.37789,-6.733678,138,['1468'],,"0.046620, -0.151613, 0.047673",-0.1199822432785039,-1.5139115412053057,-1.6050898328804637,Aspartate HB,Aspartate HB,92,ASP,92,A,7,22,3,0,12,28,5,0,15,36,10,0,19,54,13,0,23,80,16,0,0,0,0.13361716
1QT8,1474,N,-2.886936,-16.119176,-4.280463,7,"['1464', '1475', '1478']",,"-0.064849, -0.251635, 0.014163",-0.6283866352642891,-1.131431726162187,-0.6731916821737174,Alanine N,Alanine N,93,ALA,93,A,9,22,7,0,10,30,11,0,16,47,11,0,20,64,14,0,25,84,19,0,0,0,0.004556619
1QT8,1475,CA,-2.27457,-15.46546,-3.129004,8,"['1474', '1476', '1479', '1480']",,"-0.248130, -0.551578, 0.335853",0.0,0.0,0.0,Alanine CA,Alanine CA,93,ALA,93,A,8,23,7,0,10,35,9,0,12,48,12,0,21,70,15,0,26,93,19,1,0,0,0.0
1QT8,1476,C,-1.320454,-14.308164,-3.455719,9,"['1475', '1477', '1484']",,"-0.070653, -0.278812, -0.206057",1.5350615832262242,0.0,-5.551115123125783e-17,Alanine C,Alanine C,93,ALA,93,A,8,27,8,0,10,42,10,0,17,65,13,1,22,84,17,1,29,110,23,2,0,0,0.0037738383
1QT8,1477,O,-1.204216,-13.365813,-2.660712,11,['1476'],,"0.029633, -0.288405, -0.225345",2.148550238528085,1.0757343908744,-1.1102230246251563e-16,Alanine O,Alanine O,93,ALA,93,A,8,32,7,0,13,50,10,1,16,70,14,1,24,93,18,1,29,113,24,2,0,0,0.06696619
1QT8,1478,HN,-2.654052,-17.116304,-4.418232,10,['1474'],,"0.113467, -0.250729, -0.017545",-1.2060590271726972,-1.7521299799935652,-0.0828461998343536,Alanine HN,Alanine HN,93,ALA,93,A,7,20,5,0,10,25,9,0,13,40,11,0,19,56,12,0,22,76,17,0,0,0,0.08052425
1QT8,1479,H,-3.093192,-15.003819,-2.528315,12,['1475'],,"-0.184931, 0.170750, 0.180544",-0.2886263175968658,0.9244789547323712,-0.5532767639558123,Alanine HA,Alanine HA,93,ALA,93,A,8,26,8,0,10,37,8,0,14,49,12,0,20,73,14,0,23,95,19,1,0,0,0.009733701
1QT8,1480,C,-1.523566,-16.479015,-2.234003,13,"['1475', '1481', '1482', '1483']",,"0.136895, -0.187303, 0.230398",-0.4878295924500651,0.1329144229798436,1.4617399156265591,Alanine CB,Alanine CB,93,ALA,93,A,8,18,4,0,9,25,6,0,11,36,10,0,15,57,13,0,22,77,17,1,0,0,0.05157579
1QT8,1481,H,-1.138543,-15.99366,-1.307936,14,['1480'],,"0.010728, 0.021902, 0.029826",-0.0797052333437028,1.051337376326939,1.9427243865944075,Alanine HB,Alanine HB,93,ALA,93,A,6,18,3,0,10,26,6,0,12,43,10,0,13,58,13,0,22,81,17,1,0,0,0.22741464
1QT8,1482,H,-0.646811,-16.911231,-2.767897,14,['1480'],,"0.029562, -0.028881, -0.028537",-0.1551033295853856,-0.7352926315638953,2.07497930473785,Alanine HB,Alanine HB,93,ALA,93,A,8,16,3,0,9,24,6,0,10,37,9,0,16,51,11,0,20,74,17,1,0,0,0.14689039
1QT8,1483,H,-2.175385,-17.323349,-1.915261,14,['1480'],,"-0.007629, -0.011894, 0.014935",-1.597357124771222,0.1911625829286628,1.5318839229607637,Alanine HB,Alanine HB,93,ALA,93,A,7,14,3,0,8,20,5,0,10,29,9,0,12,49,12,0,18,63,13,0,0,0,0.21325654
1QT8,1484,N,-0.601201,-14.392628,-4.60433,7,"['1476', '1485', '1488']",,"0.036307, -0.248807, -0.178024",-0.502085419504184,-0.8356253304973131,-1.0814161185466775,Alanine N,Valine N,94,VAL,94,A,8,30,8,0,13,42,11,0,19,62,13,1,22,87,18,1,30,113,22,2,0,0,0.0
1QT8,1485,CA,0.400749,-13.419892,-5.016278,8,"['1484', '1486', '1489', '1490']",,"0.293882, -0.461987, 0.233574",0.0,0.0,0.0,Alanine CA,Valine CA,94,VAL,94,A,8,36,9,0,14,46,11,1,20,67,15,1,26,96,20,2,32,121,28,2,0,0,0.0
1QT8,1486,C,-0.277125,-12.150692,-5.530322,9,"['1485', '1487', '1500']",,"0.006371, -0.333621, -0.201436",1.5279473269101929,-1.1102230246251563e-16,1.1102230246251563e-16,Alanine C,Valine C,94,VAL,94,A,12,44,10,0,16,59,13,1,21,81,17,1,27,117,22,1,36,140,28,2,0,0,0.0
1QT8,1487,O,0.028081,-11.03977,-5.086469,11,['1486'],,"0.032074, -0.325023, -0.168836",2.16601318275059,1.0569653928770126,1.1102230246251563e-16,Alanine O,Valine O,94,VAL,94,A,9,41,11,1,17,67,12,1,23,92,18,1,31,122,25,2,37,150,32,3,0,0,0.0
1QT8,1488,HN,-0.861742,-15.062837,-5.344102,10,['1484'],,"-0.107209, -0.108427, -0.240946",-0.6943302239059166,-1.809880289030623,-0.8017850414114661,Alanine HN,Valine HN,94,VAL,94,A,9,28,7,0,13,42,10,0,19,52,14,0,21,78,16,1,29,107,23,1,0,0,0.0
1QT8,1489,H,0.991379,-13.105442,-4.121438,12,['1485'],,"0.187261, 0.183761, 0.252558",-0.3018820776451475,1.0590614555398026,-0.1889901309237161,Alanine HA,Valine HA,94,VAL,94,A,9,35,10,1,13,50,12,1,18,70,14,2,26,95,22,2,34,117,25,2,0,0,0.0
1QT8,1490,C,1.392399,-14.020767,-6.071271,15,"['1485', '1491', '1492', '1493']",,"0.215520, -0.107098, -0.213514",-0.5841375973430125,-0.4355973071630621,1.3879729721924057,Valine CB,Valine CB,94,VAL,94,A,12,35,8,0,14,46,9,0,20,63,16,1,23,86,22,2,31,115,25,2,0,0,0.0
1QT8,1491,C,2.439599,-12.973298,-6.526365,17,"['1490', '1494', '1495', '1496']",,"0.009822, 0.008866, -0.016172",-0.0255343476734202,0.4394054016228411,2.5383043869911592,Valine CG,Valine CG,94,VAL,94,A,11,38,8,0,16,51,13,1,22,72,19,2,26,104,24,2,35,131,27,2,0,0,0.0
1QT8,1492,C,2.128718,-15.247405,-5.475944,17,"['1490', '1497', '1498', '1499']",,"-0.043998, 0.017362, -0.045982",-2.130005498804274,-0.3290346536172374,1.3754222018960365,Valine CG,Valine CG,94,VAL,94,A,8,29,7,0,11,39,10,0,17,53,11,1,22,66,19,2,27,95,20,2,0,0,0.033964545
1QT8,1493,H,0.799805,-14.356321,-6.961943,16,['1490'],,"-0.039536, -0.044278, -0.091239",-0.3003166054237745,-1.5047538718888394,1.5707587265217675,Valine HB,Valine HB,94,VAL,94,A,12,34,9,0,14,48,10,0,18,64,14,1,25,81,20,1,31,110,26,2,0,0,0.0
1QT8,1494,H,3.242185,-13.427775,-7.145,18,['1491'],,"-0.031919, 0.003621, -0.015820",-0.5509901447967142,0.250901563958962,3.4983905303165974,Valine HG,Valine HG,94,VAL,94,A,8,30,8,0,16,50,13,1,21,68,18,2,26,96,23,2,31,120,26,2,0,0,0.0
1QT8,1495,H,2.931308,-12.463314,-5.667755,18,['1491'],,"0.023225, 0.023808, 0.000794",-0.1089196649956115,1.5283028605651194,2.322847278031795,Valine HG,Valine HG,94,VAL,94,A,8,35,6,1,15,52,13,2,21,75,19,2,29,110,23,2,38,132,32,2,0,0,0.0
1QT8,1496,H,1.969279,-12.18376,-7.152751,18,['1491'],,"0.023185, 0.023037, -0.017431",1.0496920461488355,0.2213113108495159,2.720660484881373,Valine HG,Valine HG,94,VAL,94,A,13,42,10,0,17,57,15,1,21,81,22,1,28,115,24,2,36,139,28,2,0,0,0.0
1QT8,1497,H,2.787396,-15.72137,-6.234234,18,['1492'],,"-0.018963, -0.046353, -0.042889",-2.5608205093865664,-0.6953537531877673,2.3313050383126206,Valine HG,Valine HG,94,VAL,94,A,6,25,7,0,9,36,9,0,16,48,12,0,21,65,17,2,26,86,21,2,0,0,0.10353118
1QT8,1498,H,1.423117,-16.041468,-5.145762,18,['1492'],,"0.011842, -0.001108, -0.000174",-2.5876418655944864,-0.9524621641554024,0.5758372675774632,Valine HG,Valine HG,94,VAL,94,A,6,23,6,0,10,34,8,0,13,48,11,0,20,61,15,1,26,80,20,2,0,0,0.10087653
1QT8,1499,H,2.760483,-14.975449,-4.601675,18,['1492'],,"-0.008038, 0.004587, -0.036895",-2.4785144014788334,0.716750694873032,1.2260638570951512,Valine HG,Valine HG,94,VAL,94,A,6,27,6,0,11,42,8,0,15,52,13,2,20,73,16,2,29,92,23,2,0,0,0.024776693
1QT8,1500,N,-1.275411,-12.316724,-6.428139,7,"['1486', '1501', '1504']",,"0.020203, -0.392850, -0.177643",-0.5609364621259971,-1.0888431601068722,-0.7731223780554083,Alanine N,Arginine N,95,ARG,95,A,10,42,12,0,14,59,15,0,19,80,18,1,25,110,24,1,34,142,28,2,0,0,0.0
1QT8,1501,CA,-2.102045,-11.230472,-6.912577,8,"['1500', '1502', '1505', '1506']",,"0.380104, -0.244904, -0.392610",0.0,0.0,0.0,Alanine CA,Arginine CA,95,ARG,95,A,9,47,12,0,15,61,15,0,20,92,22,1,28,121,24,2,34,150,27,2,0,0,0.0
1QT8,1502,C,-2.951903,-10.589609,-5.804508,9,"['1501', '1503', '1524']",,"0.051743, -0.327214, -0.081230",1.5364832943100946,1.1102230246251563e-16,1.1102230246251563e-16,Alanine C,Arginine C,95,ARG,95,A,11,46,11,0,14,68,16,0,20,88,19,2,27,121,24,2,36,152,32,2,0,0,0.0
1QT8,1503,O,-3.170933,-9.376675,-5.824718,11,['1502'],,"0.017383, -0.314362, -0.074360",2.14896951448378,1.0697906820744651,1.1102230246251563e-16,Alanine O,Arginine O,95,ARG,95,A,9,49,10,0,13,72,15,2,18,96,18,2,29,128,26,2,36,160,33,2,0,0,0.0
1QT8,1504,HN,-1.481367,-13.260155,-6.796812,10,['1500'],,"-0.078653, -0.473598, -0.189100",-1.106397510902526,-1.7970852014917005,-0.2542147160300172,Alanine HN,Arginine HN,95,ARG,95,A,9,36,10,0,13,54,14,0,21,74,18,0,23,100,23,1,29,131,26,1,0,0,0.0
1QT8,1505,H,-1.419054,-10.405128,-7.235731,12,['1501'],,"0.187487, 0.312340, -0.057216",-0.2665761902838722,0.9546703698155604,-0.519268285092552,Alanine HA,Arginine HA,95,ARG,95,A,12,46,13,0,14,66,16,1,21,94,22,2,27,127,24,2,35,164,28,2,0,0,0.0
1QT8,1506,C,-2.969249,-11.649451,-8.130388,202,"['1501', '1507', '1513', '1514']",,"-0.040272, -0.048764, -0.219547",-0.573339457751507,0.0537715427536767,1.4418877553932887,Arginine CB,Arginine CB,95,ARG,95,A,11,49,10,0,17,63,18,0,21,88,22,0,30,121,26,2,36,143,33,2,0,0,0.0
1QT8,1507,C,-2.12811,-12.086544,-9.358465,204,"['1506', '1508', '1515', '1516']",,"0.153435, -0.052625, 0.168196",-2.1065546261544768,0.2869881593559955,1.4818812926039766,Arginine CG,Arginine CG,95,ARG,95,A,12,47,10,0,16,62,17,0,18,83,22,0,29,114,26,0,37,140,31,2,0,0,0.0
1QT8,1508,C,-3.020713,-12.455722,-10.559465,206,"['1507', '1509', '1517', '1518']",,"-0.048815, 0.041599, 0.059428",-2.632949929139636,0.3752300629941043,2.9277564126369904,Arginine CD,Arginine CD,95,ARG,95,A,11,42,10,0,15,62,15,0,21,81,23,0,28,103,27,0,36,137,33,0,0,0,0.0
1QT8,1509,N,-2.22987,-12.600816,-11.770634,208,"['1508', '1510', '1519']",,"-0.070812, 0.063709, 0.011968",-4.004359860428959,0.8568566383246468,2.953946264533995,Arginine NE,Arginine NE,95,ARG,95,A,9,37,10,0,12,62,15,0,20,76,20,0,28,96,24,0,34,124,35,0,0,0,0.0
1QT8,1510,C,-1.814125,-13.70652,-12.405068,210,"['1509', '1511', '1512']",,"-0.032940, -0.020235, -0.047479",-5.153038567996997,0.1877212420753924,3.129236849743738,Arginine CZ,Arginine CZ,95,ARG,95,A,7,26,8,0,10,53,12,0,17,67,18,0,23,80,23,0,32,106,28,0,0,0,0.0
1QT8,1511,N,-1.912885,-14.944116,-11.910252,211,"['1510', '1520', '1521']",,"-0.058909, -0.008882, 0.050823",-5.25776293406064,-1.1446411424329983,3.1383776468469686,Arginine NH,Arginine NH,95,ARG,95,A,7,26,7,0,11,44,9,0,15,61,15,0,18,73,19,0,26,92,27,0,0,0,0.015948167
1QT8,1512,N,-1.219408,-13.540895,-13.593171,211,"['1510', '1522', '1523']",,"-0.051987, 0.082601, 0.000541",-6.269732888899728,0.9155297635137332,3.255717042297067,Arginine NH,Arginine NH,95,ARG,95,A,7,26,9,0,11,44,11,0,14,68,17,0,24,83,23,0,31,101,26,0,0,0,0.0
1QT8,1513,H,-3.626104,-10.790749,-8.405435,203,['1506'],,"0.026572, -0.009469, 0.029591",-0.0502144975586227,0.8675491230115224,1.997391845325017,Arginine HB,Arginine HB,95,ARG,95,A,11,50,11,0,16,70,17,0,22,96,23,1,31,127,30,2,39,161,35,2,0,0,0.0
1QT8,1514,H,-3.646856,-12.482897,-7.8295,203,['1506'],,"0.039150, -0.030950, 0.021457",-0.3291782016094762,-0.8979334008218383,1.9700544443107848,Arginine HB,Arginine HB,95,ARG,95,A,12,42,13,0,16,67,14,0,24,89,21,0,26,108,25,0,34,134,33,2,0,0,0.0
1QT8,1515,H,-1.504335,-12.973287,-9.09425,205,['1507'],,"-0.003929, -0.140143, 0.042690",-2.6308899738327884,-0.5509119992253629,0.9639877395224602,Arginine HG,Arginine HG,95,ARG,95,A,12,41,11,0,15,61,13,0,18,81,19,0,22,101,24,0,33,124,28,1,0,0,0.0
1QT8,1516,H,-1.413767,-11.274626,-9.630133,205,['1507'],,"0.070450, -0.036466, -0.014244",-2.358941878647269,1.2109207952102028,0.9109614893219076,Arginine HG,Arginine HG,95,ARG,95,A,12,47,13,0,14,67,15,0,20,85,21,0,29,115,25,2,37,144,32,2,0,0,0.0
1QT8,1517,H,-3.764005,-11.643544,-10.717631,207,['1508'],,"-0.150011, 0.039224, -0.032531",-1.9971287364759984,1.0872257698496848,3.4986557985913027,Arginine HD,Arginine HD,95,ARG,95,A,9,45,9,0,17,61,18,0,23,86,24,0,30,116,29,0,38,145,35,1,0,0,0.0
1QT8,1518,H,-3.61385,-13.371646,-10.341676,207,['1508'],,"-0.109299, -0.131209, 0.134562",-2.5298406651719247,-0.6049570899871775,3.444246439530527,Arginine HD,Arginine HD,95,ARG,95,A,10,40,12,0,13,58,13,0,23,78,19,0,27,101,27,0,32,120,32,0,0,0,0.0
1QT8,1519,HN,-2.039841,-11.690037,-12.214891,209,['1509'],,"0.132547, 0.280547, -0.241794",-4.049970843377828,1.8851019901141184,2.893739749198996,Arginine HE,Arginine HE,95,ARG,95,A,8,37,12,0,13,64,17,0,22,84,18,0,32,106,27,0,33,130,35,0,0,0,0.0
1QT8,1520,HN,-2.293238,-15.101069,-10.964921,212,['1511'],,"-0.084435, -0.018773, 0.242037",-4.431100743864608,-1.7358682514868822,2.9650759526859334,Arginine HH,Arginine HH,95,ARG,95,A,8,30,8,0,12,46,13,0,14,61,16,0,20,77,20,0,29,99,27,0,0,0,0.0
1QT8,1521,HN,-1.612725,-15.758994,-12.466618,212,['1511'],,"0.005533, -0.008313, -0.041293",-6.164906187364832,-1.60013246964736,3.320816884011529,Arginine HH,Arginine HH,95,ARG,95,A,6,20,7,0,8,40,9,0,11,50,15,0,18,65,16,0,20,79,23,0,0,0,0.19113448
1QT8,1522,HN,-1.17461,-12.60421,-14.01962,212,['1512'],,"-0.020454, 0.088689, -0.043533",-6.211365899930759,1.943015377383536,3.3016627441558084,Arginine HH,Arginine HH,95,ARG,95,A,8,31,11,0,11,43,13,0,18,68,17,0,24,91,23,0,31,108,27,0,0,0,0.0
1QT8,1523,HN,-0.820099,-14.343983,-14.094394,212,['1512'],,"-0.014450, 0.024508, 0.069092",-7.187032157087248,0.4578790096836882,3.324567235146688,Arginine HH,Arginine HH,95,ARG,95,A,6,25,9,0,8,36,10,0,14,53,16,0,19,74,19,0,27,91,26,0,0,0,0.06194173
1QT8,1524,N,-3.365223,-11.373914,-4.773359,7,"['1502', '1525', '1528']",,"-0.019810, -0.356144, -0.097450",-0.5470292927760636,-0.981090827322876,-0.9254885668612194,Alanine N,Arginine N,96,ARG,96,A,9,46,10,0,13,63,13,0,17,86,17,1,25,108,23,2,32,141,28,2,0,0,0.0
1QT8,1525,CA,-3.972066,-10.858041,-3.555194,8,"['1524', '1526', '1529', '1530']",,"-0.375548, -0.318242, -0.302669",0.0,0.0,0.0,Alanine CA,Arginine CA,96,ARG,96,A,10,46,10,0,12,60,12,0,15,84,17,1,20,111,24,2,30,145,30,2,0,0,0.0
1QT8,1526,C,-3.05219,-9.874813,-2.825642,9,"['1525', '1527', '1548']",,"0.065337, -0.297678, -0.105749",1.5313899817042036,9.714451465470121e-17,1.1102230246251563e-16,Alanine C,Arginine C,96,ARG,96,A,8,47,8,0,10,68,11,1,15,88,14,1,21,115,23,2,32,153,30,2,0,0,0.0
1QT8,1527,O,-3.519308,-8.833276,-2.364068,11,['1526'],,"0.064981, -0.347045, -0.118291",2.139412725773488,1.0706808340786989,0.0,Alanine O,Arginine O,96,ARG,96,A,7,45,9,0,11,64,9,1,17,92,16,2,20,127,25,2,31,161,31,2,0,0,0.0
1QT8,1528,HN,-3.29206,-12.396874,-4.846173,10,['1524'],,"-0.022100, -0.379467, -0.063274",-1.194561037313452,-1.6717928939576563,-0.5245706703689172,Alanine HN,Arginine HN,96,ARG,96,A,8,40,9,0,13,59,14,0,18,78,17,0,22,105,21,1,30,127,27,2,0,0,0.0
1QT8,1529,H,-4.853846,-10.238227,-3.852894,12,['1525'],,"-0.253092, 0.279137, -0.073072",-0.2735406494052095,1.0146467986032877,-0.382096898970766,Alanine HA,Arginine HA,96,ARG,96,A,11,46,11,0,13,64,13,0,17,86,19,0,22,126,25,2,30,154,30,2,0,0,0.0
1QT8,1530,C,-4.454189,-11.957128,-2.559722,202,"['1525', '1531', '1537', '1538']",,"-0.168470, -0.151632, 0.096269",-0.5210285496004505,-0.1337936005306002,1.4635668233600787,Arginine CB,Arginine CB,96,ARG,96,A,11,40,8,0,12,53,11,0,13,76,16,0,18,93,21,1,26,129,26,1,0,0,0.0012579461
1QT8,1531,C,-5.714352,-12.72246,-3.024534,204,"['1530', '1532', '1539', '1540']",,"0.073035, 0.207905, -0.222754",-1.9908005231660657,0.3057705201725263,1.654217765263129,Arginine CG,Arginine CG,96,ARG,96,A,10,37,10,0,12,50,14,0,14,71,18,0,19,90,20,0,25,120,26,1,0,0,0.0
1QT8,1532,C,-6.050165,-13.906794,-2.094914,206,"['1531', '1533', '1541', '1542']",,"0.026730, 0.227549, -0.077134",-2.5100481012487545,-0.0041823758764567,3.073344924403954,Arginine CD,Arginine CD,96,ARG,96,A,9,28,8,0,9,41,13,0,12,56,16,0,14,76,18,0,23,98,21,0,0,0,0.0012579461
1QT8,1533,N,-7.204845,-14.665357,-2.561878,208,"['1532', '1534', '1543']",,"0.057528, 0.020718, -0.064542",-3.9131376779357137,0.3571506207098797,3.2392883184735872,Arginine NE,Arginine NE,96,ARG,96,A,7,28,8,0,9,35,14,0,11,48,16,0,16,68,16,0,20,94,20,0,0,0,0.0
1QT8,1534,C,-7.479529,-15.925298,-2.196039,210,"['1533', '1535', '1536']",,"-0.052813, -0.081071, -0.057203",-4.712794152925332,-0.1368287398510519,4.194942393233378,Arginine CZ,Arginine CZ,96,ARG,96,A,5,24,7,0,7,30,11,0,10,37,14,0,12,55,16,0,17,74,17,0,0,0,0.018869191
1QT8,1535,N,-6.892342,-16.498343,-1.144537,211,"['1534', '1544', '1545']",,"-0.032538, -0.046329, 0.045384",-4.227071550882298,-0.7729824569573884,5.261810521482756,Arginine NH,Arginine NH,96,ARG,96,A,4,18,6,0,6,24,7,0,9,32,11,0,11,44,15,0,13,65,17,0,0,0,0.0831583
1QT8,1536,N,-8.381105,-16.638831,-2.871917,211,"['1534', '1546', '1547']",,"0.028674, -0.040273, -0.093022",-6.034463956134836,0.0215834973698548,4.112031651276627,Arginine NH,Arginine NH,96,ARG,96,A,5,21,7,0,6,29,11,0,8,33,13,0,13,48,15,0,14,66,16,0,0,0,0.04100957
1QT8,1537,H,-4.676638,-11.48589,-1.574432,203,['1530'],,"-0.044651, 0.006912, -0.022016",0.1172995064131856,0.4839329842394453,2.136839690568604,Arginine HB,Arginine HB,96,ARG,96,A,9,39,7,0,11,58,11,0,14,76,18,0,17,95,22,1,25,126,26,1,0,0,0.005309291
1QT8,1538,H,-3.609104,-12.658972,-2.365164,203,['1530'],,"0.058055, 0.011109, -0.028019",-0.3713338814997159,-1.1863628835204114,1.801643565792216,Arginine HB,Arginine HB,96,ARG,96,A,8,34,8,0,10,50,9,0,14,70,15,0,17,89,19,1,26,115,28,1,0,0,0.019467402
1QT8,1539,H,-5.572219,-13.101954,-4.060958,205,['1531'],,"0.042805, -0.097889, -0.112543",-2.642828814523184,-0.2019328477447542,0.9089066953222832,Arginine HG,Arginine HG,96,ARG,96,A,9,36,11,0,13,48,12,0,16,67,16,0,16,89,22,0,23,123,25,0,0,0,0.0
1QT8,1540,H,-6.58341,-12.023283,-3.065165,205,['1531'],,"-0.104586, 0.020658, -0.016901",-2.083277046100087,1.4000695200640387,1.4549216177929123,Arginine HG,Arginine HG,96,ARG,96,A,11,39,10,0,13,61,16,0,16,74,20,0,19,96,22,0,26,129,26,0,0,0,0.0
1QT8,1541,H,-6.226473,-13.54647,-1.057253,207,['1532'],,"-0.027442, 0.105934, 0.134528",-1.8902668454775973,0.5186285674715503,3.835052321815385,Arginine HD,Arginine HD,96,ARG,96,A,7,26,6,0,9,44,10,0,12,58,17,0,16,82,19,0,23,98,22,0,0,0,0.007079055
1QT8,1542,H,-5.164315,-14.579172,-2.052943,207,['1532'],,"0.133552, 0.010880, 0.004032",-2.3896402968286163,-1.0950219327345767,3.258155595235758,Arginine HD,Arginine HD,96,ARG,96,A,7,29,8,0,9,37,12,0,12,48,13,0,13,70,16,0,17,94,21,0,0,0,0.007079055
1QT8,1543,HN,-7.796973,-14.219947,-3.278479,209,['1533'],,"-0.141814, 0.077796, -0.193164",-4.324229857538073,0.9732946912954946,2.522425476754915,Arginine HE,Arginine HE,96,ARG,96,A,6,30,11,0,11,39,14,0,12,54,16,0,17,74,17,0,21,106,22,0,0,0,0.0
1QT8,1544,HN,-6.203139,-15.993831,-0.574094,212,['1535'],,"0.088780, 0.045887, 0.039745",-3.217400942106789,-0.9103457534698776,5.390787016039376,Arginine HH,Arginine HH,96,ARG,96,A,3,15,6,0,7,24,6,0,9,38,11,0,9,48,14,0,14,68,18,0,0,0,0.14777528
1QT8,1545,HN,-7.114041,-17.471249,-0.905463,212,['1535'],,"-0.031867, -0.103168, -0.033376",-4.871000991994754,-1.153939976518091,5.964006471394004,Arginine HH,Arginine HH,96,ARG,96,A,3,12,5,0,5,21,7,0,6,26,9,0,10,37,12,0,11,50,15,0,0,0,0.25307623
1QT8,1546,HN,-8.807623,-16.250605,-3.723752,212,['1536'],,"0.009796, 0.011568, -0.080834",-6.4472176855647385,0.4524913185468303,3.274050322656939,Arginine HH,Arginine HH,96,ARG,96,A,6,24,9,0,7,31,10,0,11,39,13,0,13,53,15,0,16,75,18,0,0,0,0.0061941734
1QT8,1547,HN,-8.526497,-17.633035,-2.637794,212,['1536'],,"0.043339, -0.124711, 0.066881",-6.648590292498487,-0.4324427128473576,4.805647575134604,Arginine HH,Arginine HH,96,ARG,96,A,5,15,6,0,5,25,8,0,8,29,13,0,10,39,13,0,13,53,15,0,0,0,0.2442274
1QT8,1548,N,-1.733949,-10.191076,-2.731614,7,"['1526', '1549', '1552']",,"0.098681, -0.287567, -0.061244",-0.5594952844259374,-0.9947895165903592,-0.9026773871616922,Alanine N,Alanine N,97,ALA,97,A,9,46,8,1,11,65,11,1,16,88,16,1,27,117,22,2,35,151,32,3,0,0,0.0011391548
1QT8,1549,CA,-0.727577,-9.311237,-2.156665,8,"['1548', '1550', '1553', '1554']",,"0.150382, -0.560255, 0.361730",0.0,0.0,0.0,Alanine CA,Alanine CA,97,ALA,97,A,8,44,9,1,12,65,11,1,18,92,15,1,25,133,25,3,37,166,32,3,0,0,0.0
1QT8,1550,C,-0.597867,-7.990926,-2.916435,9,"['1549', '1551', '1558']",,"0.004667, -0.266837, -0.146607",1.528821858072745,-1.1102230246251563e-16,8.673617379884035e-18,Alanine C,Alanine C,97,ALA,97,A,10,45,7,1,11,72,14,1,19,98,18,2,26,133,23,3,39,177,37,3,0,0,0.0
1QT8,1551,O,-0.480451,-6.938091,-2.288983,11,['1550'],,"0.064239, -0.350573, -0.151695",2.1362048897201227,1.0709948269958358,6.938893903907228e-18,Alanine O,Alanine O,97,ALA,97,A,9,44,10,1,14,72,13,2,18,98,17,2,27,142,26,3,36,183,36,3,0,0,0.0
1QT8,1552,HN,-1.387258,-11.090552,-3.09359,10,['1548'],,"0.084385, -0.229839, -0.109589",-1.1269912665933497,-1.7312336703607838,-0.4600978268177845,Alanine HN,Alanine HN,97,ALA,97,A,9,45,7,1,13,65,12,1,17,90,17,1,28,109,20,1,35,144,28,3,0,0,0.0
1QT8,1553,H,-1.064558,-9.02044,-1.134076,12,['1549'],,"-0.085457, 0.176437, 0.256141",-0.2856446418966762,1.0100100326630592,-0.3769538764446982,Alanine HA,Alanine HA,97,ALA,97,A,8,40,8,1,12,61,10,1,18,91,15,1,24,134,24,3,37,165,31,3,0,0,0.0
1QT8,1554,C,0.659223,-9.985366,-2.043817,13,"['1549', '1555', '1556', '1557']",,"0.286609, -0.107072, -0.038669",-0.5206078307137397,-0.1492995363471972,1.4481284317321603,Alanine CB,Alanine CB,97,ALA,97,A,8,44,8,1,15,60,12,1,18,92,18,2,24,126,24,2,34,156,30,3,0,0,0.0
1QT8,1555,H,1.411395,-9.283901,-1.615643,14,['1554'],,"0.005094, 0.034545, -0.047368",-0.0637838900648161,0.614509431590737,2.118245276642492,Alanine HB,Alanine HB,97,ALA,97,A,13,43,7,1,15,64,12,2,18,97,22,2,25,123,24,2,38,162,31,3,0,0,0.0
1QT8,1556,H,1.037586,-10.299344,-3.044871,14,['1554'],,"-0.015886, -0.043696, -0.166681",-0.2621737606710274,-1.149512547625987,1.86840883655586,Alanine HB,Alanine HB,97,ALA,97,A,9,41,8,1,14,66,13,2,20,100,18,2,28,124,25,2,36,150,32,3,0,0,0.0
1QT8,1557,H,0.630217,-10.888669,-1.394677,14,['1554'],,"-0.032719, 0.021528, -0.043982",-1.625772794421764,-0.033399952355157,1.5060774340334304,Alanine HB,Alanine HB,97,ALA,97,A,12,41,7,1,13,58,11,1,18,76,15,2,25,117,22,2,30,149,30,2,0,0,0.043359213
1QT8,1558,N,-0.667335,-8.027861,-4.270514,7,"['1550', '1559', '1562']",,"0.065646, -0.245467, -0.170350",-0.5593546587847901,-0.988485299710908,-0.9098444370551412,Alanine N,Alanine N,98,ALA,98,A,10,51,9,1,12,73,13,2,18,99,18,2,30,136,27,2,41,176,33,3,0,0,0.0
1QT8,1559,CA,-0.665517,-6.839395,-5.110361,8,"['1558', '1560', '1563', '1564']",,"0.508392, -0.358549, -0.383698",0.0,0.0,0.0,Alanine CA,Alanine CA,98,ALA,98,A,10,49,10,2,14,66,12,2,18,98,22,2,28,136,30,2,41,189,34,3,0,0,0.0
1QT8,1560,C,-1.845027,-5.907003,-4.81412,9,"['1559', '1561', '1568']",,"0.026946, -0.298339, -0.079640",1.5324351248405264,-1.2836953722228372e-16,5.551115123125783e-17,Alanine C,Alanine C,98,ALA,98,A,10,48,9,2,12,65,12,2,16,98,16,2,25,139,26,2,39,195,36,3,0,0,0.0
1QT8,1561,O,-1.671693,-4.686173,-4.755473,11,['1560'],,"-0.017079, -0.328290, -0.070404",2.153157378936593,1.0670585355709854,0.0,Alanine O,Alanine O,98,ALA,98,A,8,46,10,2,14,69,10,2,18,98,19,2,26,148,23,3,35,192,37,3,0,0,0.0
1QT8,1562,HN,-0.694599,-8.934674,-4.75806,10,['1558'],,"0.006909, -0.258800, -0.085904",-1.184358696552243,-1.6936288911852175,-0.4940359319015169,Alanine HN,Alanine HN,98,ALA,98,A,8,49,10,1,13,78,12,1,22,100,22,2,32,129,25,2,38,168,33,3,0,0,0.0
1QT8,1563,H,0.245068,-6.241616,-4.865931,12,['1559'],,"0.203867, 0.233523, 0.095635",-0.2899108491775354,1.01391914585028,-0.3662928680351269,Alanine HA,Alanine HA,98,ALA,98,A,12,46,11,2,13,70,13,2,20,97,22,2,32,141,28,3,43,190,36,3,0,0,0.0
1QT8,1564,C,-0.636456,-7.207032,-6.61129,13,"['1559', '1565', '1566', '1567']",,"-0.010228, -0.019150, -0.379262",-0.5362029572302519,-0.1864723325863163,1.4375339392057327,Alanine CB,Alanine CB,98,ALA,98,A,12,47,9,2,16,72,16,2,20,104,22,2,27,142,25,2,43,197,39,2,0,0,0.0
1QT8,1565,H,-0.617318,-6.297749,-7.253005,14,['1564'],,"-0.022958, 0.016249, -0.051328",-0.1217433635119887,0.5805880027630272,2.1294888983372107,Alanine HB,Alanine HB,98,ALA,98,A,14,48,10,2,15,69,14,2,21,100,22,2,29,146,27,2,40,199,39,2,0,0,0.0
1QT8,1566,H,-1.536094,-7.795226,-6.90345,14,['1564'],,"-0.117480, -0.029725, 0.010580",-0.2581129683856361,-1.183393917380118,1.849227381170281,Alanine HB,Alanine HB,98,ALA,98,A,10,46,9,2,17,69,15,2,23,104,20,2,28,142,29,2,37,192,35,2,0,0,0.0
1QT8,1567,H,0.258603,-7.810906,-6.873519,14,['1564'],,"0.013003, 0.007702, -0.002339",-1.6432392561166684,-0.1024096678460494,1.481834855027307,Alanine HB,Alanine HB,98,ALA,98,A,13,48,11,1,18,67,17,2,23,109,24,2,30,148,28,2,40,185,36,3,0,0,0.0
1QT8,1568,N,-3.053759,-6.482302,-4.584371,7,"['1560', '1569', '1572']",,"-0.027025, -0.290044, -0.147632",-0.5524430719795786,-0.9992909458277526,-0.9016031594418028,Alanine N,Leucine N,99,LEU,99,A,8,44,8,2,10,67,12,2,16,98,15,2,25,135,25,2,37,183,36,2,0,0,0.0
1QT8,1569,CA,-4.248576,-5.734069,-4.224894,8,"['1568', '1570', '1573', '1574']",,"-0.080156, -0.357065, -0.591223",0.0,0.0,0.0,Alanine CA,Leucine CA,99,LEU,99,A,7,44,7,1,10,68,10,1,12,102,17,2,24,133,21,2,42,191,39,3,0,0,0.0
1QT8,1570,C,-4.142894,-5.102494,-2.831361,9,"['1569', '1571', '1587']",,"0.054514, -0.294537, -0.091796",1.5336198641899497,5.551115123125783e-17,-5.551115123125783e-17,Alanine C,Leucine C,99,LEU,99,A,8,44,7,1,10,63,11,2,14,95,16,2,24,134,26,3,38,184,34,3,0,0,0.0
1QT8,1571,O,-4.546013,-3.9507,-2.650511,11,['1570'],,"0.044578, -0.332443, -0.071708",2.144502872631449,1.0717569776280742,-1.1102230246251563e-16,Alanine O,Leucine O,99,LEU,99,A,7,44,10,1,12,64,11,1,19,99,18,3,26,134,26,3,36,183,38,3,0,0,0.0
1QT8,1572,HN,-3.171481,-7.497915,-4.705656,10,['1568'],,"-0.005752, -0.284559, -0.069643",-1.0890111916280858,-1.761100802849891,-0.4636777308597498,Alanine HN,Leucine HN,99,LEU,99,A,7,46,8,1,12,72,12,2,19,97,18,2,24,136,23,2,39,175,35,2,0,0,0.0
1QT8,1573,H,-4.315416,-4.86699,-4.923556,12,['1569'],,"-0.004706, 0.331377, -0.141099",-0.2823691374979244,1.0000236728700804,-0.40576161964029,Alanine HA,Leucine HA,99,LEU,99,A,7,39,7,1,8,70,10,1,15,98,15,2,24,142,24,3,41,193,40,3,0,0,0.0
1QT8,1574,C,-5.528297,-6.614051,-4.357637,19,"['1569', '1575', '1578', '1579']",,"-0.252563, -0.069859, -0.037210",-0.5711975163113181,-0.1611837906227077,1.4413285694852085,Leucine CB,Leucine CB,99,LEU,99,A,8,51,8,1,9,75,10,1,17,98,17,1,30,135,29,2,39,184,40,2,0,0,0.0
1QT8,1575,C,-6.875209,-5.835148,-4.234626,21,"['1574', '1576', '1577', '1580']",,"-0.003118, 0.022965, 0.028586",-0.2314710897895825,1.0096180651826798,2.415906680689965,Leucine CG,Leucine CG,99,LEU,99,A,8,51,7,1,13,76,11,1,22,94,20,1,26,139,34,1,46,189,40,3,0,0,0.0
1QT8,1576,C,-7.018618,-4.79187,-5.373103,23,"['1575', '1581', '1582', '1583']",,"0.000344, 0.001715, 0.019050",-0.8461949456434964,2.3430201854474144,1.916628829377082,Leucine CD,Leucine CD,99,LEU,99,A,5,51,5,1,12,71,11,1,17,104,20,1,30,139,32,2,45,199,42,2,0,0,0.0
1QT8,1577,C,-8.062415,-6.829506,-4.319076,23,"['1575', '1584', '1585', '1586']",,"-0.043661, 0.015487, -0.008513",-0.7995139539527585,0.6970702222979862,3.8247994627998816,Leucine CD,Leucine CD,99,LEU,99,A,7,47,7,0,14,74,12,1,22,103,22,1,30,141,35,1,43,176,44,1,0,0,0.0
1QT8,1578,H,-5.485585,-7.415848,-3.579798,20,['1574'],,"0.045773, -0.024871, 0.041147",-0.1916619624969812,-1.123997797772292,1.864032017663014,Leucine HB,Leucine HB,99,LEU,99,A,8,48,9,1,11,72,12,1,19,101,18,1,28,132,27,2,40,173,38,2,0,0,0.0
1QT8,1579,H,-5.503727,-7.151793,-5.33676,20,['1574'],,"0.008047, -0.001378, 0.004320",-1.6806432454638327,-0.2811788039375346,1.3849072664355733,Leucine HB,Leucine HB,99,LEU,99,A,8,46,8,1,11,77,10,1,17,101,18,1,29,136,30,2,41,180,39,2,0,0,0.0
1QT8,1580,H,-6.923668,-5.311531,-3.246473,22,['1575'],,"0.005967, 0.030435, 0.023016",0.8787166542804303,1.1245193964613134,2.5010550556957942,Leucine HG,Leucine HG,99,LEU,99,A,6,46,7,1,13,74,14,1,19,101,21,1,31,134,31,1,43,189,45,3,0,0,0.0
1QT8,1581,H,-8.01087,-4.288694,-5.337263,24,['1576'],,"0.003171, -0.010841, -0.001877",-0.6747871312338611,3.165335591637288,2.647006374200372,Leucine HD,Leucine HD,99,LEU,99,A,7,44,4,1,11,66,12,1,21,105,23,1,32,140,32,2,45,189,42,2,0,0,0.0
1QT8,1582,H,-6.918775,-5.247552,-6.384131,24,['1576'],,"-0.007061, -0.006639, 0.002450",-1.94565034037302,2.271822889756121,1.7556284981867605,Leucine HD,Leucine HD,99,LEU,99,A,5,50,6,1,10,74,10,1,18,102,17,1,30,145,30,1,43,189,43,2,0,0,0.0
1QT8,1583,H,-6.257754,-3.983156,-5.295288,24,['1576'],,"0.003293, 0.027643, 0.013472",-0.3900121844984905,2.6790588125246537,0.9585250437342312,Leucine HD,Leucine HD,99,LEU,99,A,5,38,6,1,11,71,10,1,17,108,21,2,33,142,27,2,41,180,42,3,0,0,0.0
1QT8,1584,H,-9.041502,-6.312519,-4.196022,24,['1577'],,"-0.028564, -0.009187, 0.000373",-0.5422637636121519,1.4950642270828818,4.558323222845243,Leucine HD,Leucine HD,99,LEU,99,A,7,43,8,0,12,70,14,1,23,107,23,1,33,141,34,1,45,179,45,1,0,0,0.0
1QT8,1585,H,-8.011021,-7.594702,-3.515181,24,['1577'],,"-0.004453, 0.021991, -0.011559",-0.3806311636060668,-0.247705551546094,4.232658970211058,Leucine HD,Leucine HD,99,LEU,99,A,7,49,7,0,17,70,15,1,20,103,24,1,32,143,32,1,42,164,42,1,0,0,0.0
1QT8,1586,H,-8.099313,-7.373181,-5.290278,24,['1577'],,"-0.011226, -0.000197, -0.009543",-1.9084413152485684,0.5948601882481439,3.828041243489769,Leucine HD,Leucine HD,99,LEU,99,A,7,47,8,0,14,76,11,1,23,105,22,1,29,137,32,1,42,174,45,1,0,0,0.0
1QT8,1587,N,-3.556971,-5.833004,-1.845728,7,"['1570', '1588', '1591']",,"0.015220, -0.329693, -0.009665",-0.509498282337512,-0.9939245320979272,-0.9359305660758396,Alanine N,Isoleucine N,100,ILE,100,A,8,43,8,1,10,64,12,2,15,92,17,2,24,132,24,2,40,182,36,3,0,0,0.0
1QT8,1588,CA,-3.30034,-5.333927,-0.500922,8,"['1587', '1589', '1592', '1593']",,"-0.393620, -0.380172, -0.001670",0.0,0.0,0.0,Alanine CA,Isoleucine CA,100,ILE,100,A,8,46,10,0,12,65,12,2,17,90,17,2,29,125,24,2,35,170,35,3,0,0,0.0
1QT8,1589,C,-2.36127,-4.118926,-0.548961,9,"['1588', '1590', '1606']",,"0.030735, -0.322286, -0.116869",1.5363553106042884,3.4694469519536136e-17,-6.938893903907228e-18,Alanine C,Isoleucine C,100,ILE,100,A,10,42,9,1,12,65,13,2,20,92,20,2,27,132,27,2,35,171,36,3,0,0,0.0
1QT8,1590,O,-2.600554,-3.135652,0.154342,11,['1589'],,"0.084425, -0.376946, -0.152026",2.1457120707985,1.0711694732144932,-5.551115123125783e-17,Alanine O,Isoleucine O,100,ILE,100,A,11,41,11,0,14,63,14,2,20,93,21,2,29,127,26,3,37,162,43,3,0,0,0.0
1QT8,1591,HN,-3.244472,-6.794469,-2.034224,10,['1587'],,"0.054971, -0.288728, -0.086691",-1.0729534513442904,-1.7495324478878085,-0.5246201439404219,Alanine HN,Isoleucine HN,100,ILE,100,A,7,43,8,1,11,68,11,2,15,95,17,2,25,129,20,2,40,170,33,2,0,0,0.0
1QT8,1592,H,-4.261369,-4.94634,-0.085306,12,['1588'],,"-0.244321, 0.156471, 0.154223",-0.2938907974935859,1.010532351790455,-0.3728131515912993,Alanine HA,Isoleucine HA,100,ILE,100,A,10,44,10,0,12,66,13,1,21,97,20,2,26,125,27,2,36,164,36,3,0,0,0.0
1QT8,1593,C,-2.757307,-6.433582,0.489961,25,"['1588', '1594', '1595', '1597']",,"-0.112300, -0.243704, 0.212276",-0.5687076080326349,-0.1566180431383903,1.462196130118084,Isoleucine CB,Isoleucine CB,100,ILE,100,A,8,45,8,0,12,66,13,1,19,88,18,1,26,124,22,2,34,168,36,2,0,0,0.0
1QT8,1594,C,-3.775358,-7.61056,0.663917,27,"['1593', '1596', '1598', '1599']",,"0.038772, 0.114850, -0.092918",-2.1272059939888224,-0.0088013275079369,1.49681896323708,Isoleucine CG1,Isoleucine CG1,100,ILE,100,A,6,42,8,0,12,59,11,0,21,85,17,1,28,122,24,2,33,161,32,2,0,0,0.0
1QT8,1595,C,-2.471098,-5.826987,1.896202,29,"['1593', '1600', '1601', '1602']",,"0.018643, 0.069206, 0.063200",0.0419775631319508,0.9121691683398196,2.417258617124726,Isoleucine CG2,Isoleucine CG2,100,ILE,100,A,11,45,9,0,16,64,13,1,21,92,19,1,25,121,26,1,36,162,36,2,0,0,0.0
1QT8,1596,C,-3.119893,-8.900462,1.195641,31,"['1594', '1603', '1604', '1605']",,"0.010532, 0.139522, -0.002267",-2.7632881455866976,-0.6283161282140548,2.756903427124193,Isoleucine CD,Isoleucine CD,100,ILE,100,A,7,34,7,0,8,53,11,1,20,82,15,1,27,117,20,1,34,148,34,1,0,0,0.030190706
1QT8,1597,H,-1.801535,-6.8267,0.057307,26,['1593'],,"0.090970, 0.053533, -0.059843",-0.2818714111019469,-1.1782267752526074,1.8217402250804688,Isoleucine HB,Isoleucine HB,100,ILE,100,A,11,39,9,1,13,67,12,1,19,93,17,1,25,128,24,2,35,167,30,2,0,0,0.0
1QT8,1598,H,-4.257986,-7.853259,-0.309508,28,['1594'],,"-0.003290, -0.033839, -0.080881",-2.5837010737683457,-0.5032131188565724,0.609937886472828,Isoleucine HG1,Isoleucine HG1,100,ILE,100,A,7,42,8,0,12,60,11,0,19,86,16,1,27,124,27,2,35,161,30,2,0,0,0.0
1QT8,1599,H,-4.614813,-7.304117,1.330659,28,['1594'],,"-0.020169, 0.010618, 0.004084",-2.418810462859233,1.0636698514826075,1.40788467397002,Isoleucine HG1,Isoleucine HG1,100,ILE,100,A,8,42,6,0,15,66,11,0,19,88,19,0,27,118,26,1,33,154,36,2,0,0,0.0
1QT8,1600,H,-2.117341,-6.582251,2.630648,30,['1595'],,"-0.003123, 0.020993, 0.025606",-0.3620474539872031,0.8519112956773705,3.450753380529488,Isoleucine HG2,Isoleucine HG2,100,ILE,100,A,9,38,7,0,15,66,11,1,20,91,20,1,26,124,26,1,33,151,36,1,0,0,0.0
1QT8,1601,H,-3.377515,-5.348928,2.331644,30,['1595'],,"-0.008314, 0.021185, 0.025562",-0.1476042642999062,1.9472291951611416,2.053319896571057,Isoleucine HG2,Isoleucine HG2,100,ILE,100,A,9,44,11,0,16,63,14,0,20,89,17,1,27,125,27,1,29,157,38,2,0,0,0.0
1QT8,1602,H,-1.682777,-5.043203,1.857168,30,['1595'],,"-0.005281, 0.026415, 0.009978",1.144887865120313,0.8024976793812059,2.511343903596843,Isoleucine HG2,Isoleucine HG2,100,ILE,100,A,11,48,9,0,16,63,14,1,19,94,19,1,29,120,29,2,34,166,38,2,0,0,0.0
1QT8,1603,H,-3.869638,-9.710201,1.319957,32,['1596'],,"0.065258, 0.104104, -0.008399",-3.865812240450378,-0.4953128949379524,2.757106368316829,Isoleucine HD,Isoleucine HD,100,ILE,100,A,6,32,6,0,10,50,11,0,18,77,14,1,27,103,24,1,33,145,30,1,0,0,0.021237165
1QT8,1604,H,-2.635587,-8.751127,2.18584,32,['1596'],,"0.005612, 0.007025, 0.059050",-2.380127273924492,-0.1672510790844925,3.693895460366852,Isoleucine HD,Isoleucine HD,100,ILE,100,A,5,31,6,0,11,51,9,0,17,83,16,1,26,115,22,1,35,145,29,1,0,0,0.007963937
1QT8,1605,H,-2.34088,-9.273848,0.497038,32,['1596'],,"-0.023123, 0.050341, -0.010604",-2.560572301217012,-1.7190883893240223,2.8156117877599085,Isoleucine HD,Isoleucine HD,100,ILE,100,A,7,34,6,0,11,54,12,1,18,82,16,1,26,118,21,1,35,148,29,2,0,0,0.02300693
1QT8,1606,N,-1.301618,-4.182886,-1.388915,7,"['1589', '1607', '1610']",,"0.128159, -0.321974, -0.131723",-0.5483743231317479,-0.8615079891052506,-1.040697291257945,Alanine N,Asparagine N,101,ASN,101,A,9,45,7,2,11,67,13,2,17,101,18,2,26,133,26,3,37,181,33,3,0,0,0.0
1QT8,1607,CA,-0.315655,-3.126086,-1.5813,8,"['1606', '1608', '1611', '1612']",,"0.187717, -0.640832, 0.136836",0.0,0.0,0.0,Alanine CA,Asparagine CA,101,ASN,101,A,10,44,10,2,13,70,13,2,18,98,21,2,28,138,28,3,39,172,34,3,0,0,0.0
1QT8,1608,C,-0.958888,-1.814947,-2.032396,9,"['1607', '1609', '1620']",,"0.073200, -0.164376, -0.091214",1.5285031144312398,0.0,0.0,Alanine C,Asparagine C,101,ASN,101,A,12,44,10,2,14,71,12,3,17,98,21,3,25,124,27,3,35,167,34,3,0,0,0.0
1QT8,1609,O,-0.702917,-0.756943,-1.452478,11,['1608'],,"0.065127, -0.272473, -0.178075",2.15718526307218,1.0611113323121242,-2.775557561562892e-17,Alanine O,Asparagine O,101,ASN,101,A,12,44,11,1,14,64,12,3,16,87,20,3,26,119,27,3,35,160,37,3,0,0,0.0
1QT8,1610,HN,-1.117718,-5.054701,-1.902827,10,['1606'],,"0.072459, -0.306497, -0.139969",-1.22193366279727,-1.5682036522680771,-0.7168374394930208,Alanine HN,Asparagine HN,101,ASN,101,A,7,43,9,2,12,64,11,2,17,98,18,2,25,133,25,2,35,185,34,3,0,0,0.0
1QT8,1611,H,0.138578,-2.90332,-0.587076,12,['1607'],,"0.085282, 0.157272, 0.332337",-0.293483820924972,1.0489325607749391,-0.2409178304368671,Alanine HA,Asparagine HA,101,ASN,101,A,11,43,11,1,13,71,14,2,24,95,21,2,28,131,29,3,36,179,38,3,0,0,0.0
1QT8,1612,C,0.799347,-3.575026,-2.563156,147,"['1607', '1613', '1616', '1617']",,"0.299072, -0.123699, -0.087221",-0.5645507044132478,-0.3807754610237959,1.3946721259022214,Asparagine CB,Asparagine CB,101,ASN,101,A,10,42,10,2,14,70,17,2,22,104,21,2,32,139,27,3,39,180,37,4,0,0,0.0
1QT8,1613,C,1.98856,-2.624759,-2.720561,149,"['1612', '1614', '1615']",,"0.303637, -0.325555, 0.087082",-0.2034157880677235,0.5535932802686496,2.55162843111633,Asparagine CG,Asparagine CG,101,ASN,101,A,12,47,13,1,20,72,15,2,26,103,22,2,33,137,29,3,40,174,37,4,0,0,0.0
1QT8,1614,O,1.841912,-1.428918,-2.995049,150,['1613'],,"-0.119868, -0.388040, -0.027004",0.9650888933215578,0.868233554302575,2.8015950345980576,Asparagine OD1,Asparagine OD1,101,ASN,101,A,11,45,11,1,19,69,16,2,25,100,21,3,30,132,27,3,39,168,40,3,0,0,0.0
1QT8,1615,N,3.194278,-3.207651,-2.565405,151,"['1613', '1618', '1619']",,"0.385754, 0.035717, -0.004549",-1.2566032340462097,0.9720457694244334,3.2818928226052217,Asparagine ND2,Asparagine ND2,101,ASN,101,A,9,38,11,1,19,76,16,1,29,105,24,3,35,138,31,3,40,178,39,4,1,0,0.0
1QT8,1616,H,0.372144,-3.729459,-3.582188,148,['1612'],,"-0.060406, -0.034024, -0.018429",-0.2165048338086896,-1.4009394183905823,1.6826091741729354,Asparagine HB,Asparagine HB,101,ASN,101,A,11,41,9,2,15,74,16,2,21,109,21,2,32,140,27,3,39,184,37,4,0,0,0.0
1QT8,1617,H,1.171732,-4.577859,-2.241782,148,['1612'],,"0.045400, -0.060368, 0.021715",-1.6763275057502438,-0.4565043373861018,1.3182303618999385,Asparagine HB,Asparagine HB,101,ASN,101,A,10,44,8,1,16,67,17,2,20,104,21,2,32,143,26,3,40,195,38,4,0,0,0.0
1QT8,1618,HN,3.275606,-4.198622,-2.305074,152,['1615'],,"0.033719, -0.030439, 0.008562",-2.217705529683754,0.7153006240689288,3.0234855788162283,Asparagine HD2,Asparagine HD2,101,ASN,101,A,9,42,8,1,18,74,17,1,26,108,23,2,34,141,30,3,43,185,39,3,0,0,0.0
1QT8,1619,HN,4.05358,-2.649441,-2.707508,152,['1615'],,"0.514566, 0.067081, -0.049552",-1.0974530233497022,1.5639552156670748,4.11526309553136,Asparagine HD2,Asparagine HD2,101,ASN,101,A,12,43,10,1,16,70,17,1,28,102,25,2,35,130,31,3,41,172,40,3,0,0,0.0
1QT8,1620,N,-1.87699,-1.898153,-3.034227,7,"['1608', '1621', '1624']",,"0.077639, -0.251102, -0.144758",-0.5458679337529195,-0.9386031004696448,-0.968328055623758,Alanine N,Methionine N,102,MET,102,A,12,49,8,0,15,67,14,2,19,89,19,2,25,132,28,2,35,169,32,2,0,0,0.0
1QT8,1621,CA,-2.628073,-0.75492,-3.529706,8,"['1620', '1622', '1625', '1626']",,"0.327242, -0.162248, -0.353895",0.0,0.0,0.0,Alanine CA,Methionine CA,102,MET,102,A,12,48,11,1,16,66,12,1,19,91,21,2,24,123,23,2,34,157,33,2,0,0,0.0
1QT8,1622,C,-3.457794,-0.089524,-2.425613,9,"['1621', '1623', '1637']",,"0.031473, -0.287595, -0.053460",1.5330395061139162,5.551115123125783e-17,1.1102230246251563e-16,Alanine C,Methionine C,102,MET,102,A,12,38,11,1,17,64,14,1,20,88,18,1,23,112,21,2,31,147,32,2,0,0,0.0
1QT8,1623,O,-3.458157,1.136379,-2.29754,11,['1622'],,"0.006625, -0.366081, -0.094557",2.1575613402099885,1.0626445639273172,2.220446049250313e-16,Alanine O,Methionine O,102,MET,102,A,12,40,11,1,17,57,14,1,19,80,17,1,21,100,21,1,30,132,27,2,0,0,0.0
1QT8,1624,HN,-2.093582,-2.813227,-3.455877,10,['1620'],,"-0.018515, -0.236236, -0.070211",-1.1294905073094266,-1.7020100823117004,-0.595963027526216,Alanine HN,Methionine HN,102,MET,102,A,10,48,9,0,13,70,13,2,20,88,19,2,26,137,25,2,34,181,34,2,0,0,0.0
1QT8,1625,H,-1.892417,0.025785,-3.846543,12,['1621'],,"0.237013, 0.310480, -0.038987",-0.2874868911592487,1.031168060448762,-0.3242212985784999,Alanine HA,Methionine HA,102,MET,102,A,14,43,9,1,15,62,13,1,20,91,19,2,24,121,26,2,33,155,33,2,0,0,0.0
1QT8,1626,C,-3.566073,-1.095902,-4.729855,175,"['1621', '1627', '1630', '1631']",,"-0.053084, -0.071640, -0.196506",-0.5046744507518972,-0.2410936268954742,1.4572741363084898,Methionine CB,Methionine CB,102,MET,102,A,9,48,8,1,15,70,12,1,20,95,18,1,26,126,26,2,35,166,33,2,0,0,0.0
1QT8,1627,C,-2.844572,-1.577751,-6.002738,177,"['1626', '1628', '1632', '1633']",,"-0.076143, 0.053350, 0.216496",-2.021038594841516,-0.0594538397007675,1.6588183094274866,Methionine CG,Methionine CG,102,MET,102,A,5,48,8,1,15,68,12,1,20,99,17,1,32,136,27,2,40,178,38,2,0,0,0.0
1QT8,1628,S,-4.027504,-1.948085,-7.33363,179,"['1627', '1629']",,"0.243223, 0.467409, 0.155859",-2.5000502434776823,-0.3651649552234719,3.386486523570679,Methionine SD,Methionine SD,102,MET,102,A,5,52,5,1,8,71,11,1,18,94,20,1,34,140,27,1,44,185,41,2,0,0,0.013404129
1QT8,1629,C,-4.449273,-0.286343,-7.91238,180,"['1628', '1634', '1635', '1636']",,"-0.005457, 0.049306, -0.105965",-1.96733517039964,1.1691892562240351,4.184107317653779,Methionine CE,Methionine CE,102,MET,102,A,3,43,5,1,9,64,9,1,21,95,17,1,31,133,31,1,43,171,42,1,0,0,0.0
1QT8,1630,H,-4.154338,-0.183174,-4.974423,176,['1626'],,"-0.038843, 0.030732, 0.061761",0.0337301788987016,0.4661621713576818,2.127237799085131,Methionine HB,Methionine HB,102,MET,102,A,10,51,10,1,14,69,13,1,20,92,17,1,28,123,25,1,34,156,32,2,0,0,0.0
1QT8,1631,H,-4.312506,-1.863416,-4.407411,176,['1626'],,"-0.084698, -0.072396, 0.068074",-0.2015912287683968,-1.265530692855322,1.787242854917813,Methionine HB,Methionine HB,102,MET,102,A,8,40,9,1,13,75,14,1,18,100,19,1,28,135,23,2,34,172,30,2,0,0,0.0
1QT8,1632,H,-2.265914,-2.502149,-5.776898,178,['1627'],,"0.043554, -0.092539, -0.001258",-2.572796758628292,-0.7745784761962303,1.0072662148564708,Methionine HG,Methionine HG,102,MET,102,A,8,41,9,0,13,63,12,2,20,106,19,2,28,138,25,2,39,178,38,2,0,0,0.0
1QT8,1633,H,-2.105261,-0.81822,-6.34487,178,['1627'],,"0.017376, 0.009839, -0.018762",-2.3379113938096223,0.9615075507580314,1.346165357142443,Methionine HG,Methionine HG,102,MET,102,A,8,46,8,1,17,72,10,1,21,97,20,1,31,132,28,2,38,173,40,2,0,0,0.0
1QT8,1634,H,-5.107659,-0.369002,-8.805109,181,['1629'],,"-0.042324, -0.007914, -0.044873",-2.289818782520112,1.1559869619246634,5.248578887051932,Methionine HE,Methionine HE,102,MET,102,A,5,45,5,1,11,62,9,1,16,94,17,1,33,132,32,1,45,162,39,2,0,0,0.008848819
1QT8,1635,H,-3.52487,0.263706,-8.194863,181,['1629'],,"0.038244, 0.036816, -0.030583",-2.4323484184176776,2.0426738377474614,3.676506274404693,Methionine HE,Methionine HE,102,MET,102,A,3,42,4,1,10,64,11,1,20,98,17,1,36,129,33,1,46,169,42,1,0,0,0.0
1QT8,1636,H,-4.99694,0.266364,-7.121406,181,['1629'],,"0.006543, 0.003963, -0.054564",-0.8613697417859483,1.2523467208354782,4.152653443413408,Methionine HE,Methionine HE,102,MET,102,A,5,42,4,1,9,65,9,1,22,101,18,1,32,125,27,1,39,155,40,1,0,0,0.0
1QT8,1637,N,-4.213967,-0.911569,-1.655815,7,"['1622', '1638', '1641']",,"-0.059644, -0.320708, -0.067874",-0.5316102821568187,-0.8875691677047016,-1.0235387938515714,Alanine N,Valine N,103,VAL,103,A,10,43,12,2,14,62,15,2,23,87,18,2,24,120,25,3,32,155,33,3,0,0,0.0
1QT8,1638,CA,-5.100776,-0.459841,-0.593962,8,"['1637', '1639', '1642', '1643']",,"-0.283437, -0.181643, -0.455046",0.0,0.0,0.0,Alanine CA,Valine CA,103,VAL,103,A,9,42,11,2,16,59,13,2,20,78,22,2,26,115,26,2,34,147,33,2,0,0,0.0
1QT8,1639,C,-4.325744,0.245227,0.518407,9,"['1638', '1640', '1653']",,"0.060537, -0.366018, -0.086757",1.5281231225948382,1.1796119636642288e-16,-1.1102230246251563e-16,Alanine C,Valine C,103,VAL,103,A,10,38,9,0,14,55,14,1,21,78,19,2,26,105,29,2,33,136,35,2,0,0,0.0
1QT8,1640,O,-4.695706,1.340501,0.943648,11,['1639'],,"0.155098, -0.565872, 0.137740",2.1553861694031045,1.0601264050620618,-2.220446049250313e-16,Alanine O,Valine O,103,VAL,103,A,9,31,9,0,13,48,12,1,16,67,19,2,26,93,28,2,33,128,33,2,0,0,0.014509341
1QT8,1641,HN,-4.168633,-1.931408,-1.793247,10,['1637'],,"0.018515, -0.276017, -0.046953",-1.0792072836020128,-1.6881617684585064,-0.6768352840229399,Alanine HN,Valine HN,103,VAL,103,A,10,45,11,1,14,65,15,2,22,89,18,2,26,127,25,3,34,166,33,3,0,0,0.0
1QT8,1642,H,-5.774516,0.327787,-1.008904,12,['1638'],,"-0.208930, 0.296920, -0.077911",-0.2803487312243141,1.0482983075792134,-0.2625558313492093,Alanine HA,Valine HA,103,VAL,103,A,12,40,10,2,13,56,15,2,18,73,18,2,25,107,27,2,32,138,31,2,0,0,0.0
1QT8,1643,C,-5.996103,-1.634676,-0.062611,15,"['1638', '1644', '1645', '1646']",,"-0.200740, -0.141146, 0.117169",-0.6093666439283976,-0.3276438095236495,1.4090789284860066,Valine CB,Valine CB,103,VAL,103,A,12,47,8,0,17,65,17,1,19,88,24,2,28,114,30,2,36,154,33,2,0,0,0.0
1QT8,1644,C,-6.781794,-1.261939,1.22035,17,"['1643', '1647', '1648', '1649']",,"-0.010050, -0.042393, 0.058241",0.0980340181186567,0.4277060042981295,2.562882684878658,Valine CG,Valine CG,103,VAL,103,A,13,38,11,0,17,62,16,0,22,85,24,0,27,109,29,2,33,141,34,2,0,0,0.0037738383
1QT8,1645,C,-7.008446,-2.051888,-1.163676,17,"['1643', '1650', '1651', '1652']",,"0.053973, -0.015968, 0.007095",-2.116805141073471,0.0448678701426769,1.4196884833859804,Valine CG,Valine CG,103,VAL,103,A,13,45,8,1,17,67,17,1,22,88,23,2,27,121,33,2,38,169,36,2,0,0,0.0
1QT8,1646,H,-5.325719,-2.502086,0.166256,16,['1643'],,"0.040755, 0.002545, 0.024237",-0.5029808613123049,-1.428905374528726,1.5825722999580314,Valine HB,Valine HB,103,VAL,103,A,12,42,8,0,15,68,16,1,24,94,22,1,28,127,29,2,37,157,35,3,0,0,0.0
1QT8,1647,H,-7.387053,-2.119433,1.595509,18,['1644'],,"-0.015109, -0.064278, 0.065246",-0.3314938265320049,0.1576362098025598,3.555327559503379,Valine HG,Valine HG,103,VAL,103,A,11,40,10,0,17,59,18,0,25,83,23,0,27,118,29,1,32,145,36,2,0,0,0.0
1QT8,1648,H,-7.47023,-0.404103,1.058864,18,['1644'],,"0.028761, -0.013329, 0.030322",0.0271240005711179,1.5314134362034777,2.450161207970708,Valine HG,Valine HG,103,VAL,103,A,12,35,12,0,18,59,15,0,20,79,24,1,27,101,28,2,29,132,34,2,0,0,0.0
1QT8,1649,H,-6.100317,-0.979065,2.0538,18,['1644'],,"0.000415, 0.019084, 0.040329",1.180875973900465,0.1757495507392899,2.6180075269526184,Valine HG,Valine HG,103,VAL,103,A,12,38,12,0,16,60,16,0,21,86,21,0,26,106,30,2,31,131,37,2,0,0,0.02389181
1QT8,1650,H,-7.676044,-2.86763,-0.816985,18,['1645'],,"-0.005812, -0.020691, 0.012414",-2.579408619916601,-0.1521594050014854,2.408877557254318,Valine HG,Valine HG,103,VAL,103,A,11,47,10,0,21,65,17,1,24,93,27,1,29,129,32,2,38,166,40,2,0,0,0.0
1QT8,1651,H,-6.499283,-2.431524,-2.077742,18,['1645'],,"0.043102, -0.062566, -0.015598",-2.6991078667039945,-0.5471537577833799,0.6785265353529979,Valine HG,Valine HG,103,VAL,103,A,10,43,9,1,15,64,13,1,22,95,23,2,31,134,31,2,37,172,38,2,0,0,0.0
1QT8,1652,H,-7.662041,-1.205084,-1.470976,18,['1645'],,"0.026118, -0.033921, 0.001266",-2.281277248949976,1.1218889012533513,1.1923751474002555,Valine HG,Valine HG,103,VAL,103,A,11,49,10,1,17,65,18,2,22,85,23,2,27,117,32,2,35,161,36,2,0,0,0.0
1QT8,1653,N,-3.179299,-0.328175,0.934661,7,"['1639', '1654', '1657']",,"0.129461, -0.396954, -0.022600",-0.5354366010309609,-0.9020777076568796,-1.0066739670488758,Alanine N,Phenylalanine N,104,PHE,104,A,10,35,11,0,13,51,16,0,20,77,19,2,28,105,29,2,35,143,36,3,1,0,0.0
1QT8,1654,CA,-2.280898,0.247013,1.922519,8,"['1653', '1655', '1658', '1659']",,"-0.201537, -0.697624, 0.197877",0.0,0.0,0.0,Alanine CA,Phenylalanine CA,104,PHE,104,A,8,32,10,0,15,50,17,0,19,68,22,1,32,99,29,2,36,142,37,3,0,0,0.0
1QT8,1655,C,-1.838057,1.667633,1.527143,9,"['1654', '1656', '1673']",,"-0.053566, -0.318425, -0.117709",1.5396725356571768,-5.551115123125783e-17,-1.3877787807814457e-17,Alanine C,Phenylalanine C,104,PHE,104,A,8,27,11,0,13,42,14,1,20,63,19,1,27,96,28,2,34,132,34,2,0,0,0.0
1QT8,1656,O,-1.881007,2.603565,2.334543,11,['1655'],,"0.113843, -0.400852, -0.135538",2.1835478348076287,1.0559984707696866,-1.3877787807814457e-17,Alanine O,Phenylalanine O,104,PHE,104,A,6,25,10,0,14,42,16,0,18,61,19,1,28,82,25,1,34,123,32,2,0,0,0.23214945
1QT8,1657,HN,-2.903043,-1.241836,0.552981,10,['1653'],,"0.106350, -0.344727, -0.123469",-1.2009810405871415,-1.6091152553444694,-0.6691507411920942,Alanine HN,Phenylalanine HN,104,PHE,104,A,11,39,12,0,15,58,16,1,19,80,18,2,30,114,29,3,34,143,37,3,0,0,0.0
1QT8,1658,H,-2.843193,0.353236,2.882541,12,['1654'],,"-0.206901, 0.142179, 0.383355",-0.3102441649406409,1.0401988476329995,-0.2661506128891379,Alanine HA,Phenylalanine HA,104,PHE,104,A,9,31,9,0,13,47,17,0,20,70,23,0,30,100,30,1,38,138,37,2,0,0,0.05663244
1QT8,1659,C,-1.074614,-0.710861,2.121159,61,"['1654', '1660', '1666', '1667']",,"0.242620, -0.122785, 0.145547",-0.5878655471955071,-0.3877096384513077,1.3842676304835289,Phenylalanine CB,Phenylalanine CB,104,PHE,104,A,11,33,9,0,14,52,18,0,22,79,26,0,31,116,31,3,43,155,37,3,0,0,0.0
1QT8,1660,C,-0.131577,-0.372286,3.253267,63,"['1659', '1661', '1662']",,"0.011917, 0.019875, 0.030252",-0.2949503190775341,0.5610065619515239,2.524337180067154,Phenylalanine CG,Phenylalanine CG,104,PHE,104,A,7,36,12,0,16,53,17,0,25,78,24,0,33,117,33,1,43,146,43,2,0,0,0.0025158923
1QT8,1661,C,0.819674,0.65349,3.115593,64,"['1660', '1663', '1668']",,"0.046461, 0.046382, -0.012837",0.9604619818309652,0.5607351547188896,3.1567839197367817,Phenylalanine CD,Phenylalanine CD,104,PHE,104,A,9,33,13,0,17,54,16,0,24,77,23,0,33,107,37,1,41,150,45,2,0,0,0.0025158923
1QT8,1662,C,-0.13801,-1.128728,4.440627,64,"['1660', '1664', '1669']",,"-0.033829, 0.038454, 0.082077",-1.2996568665595478,1.4112712555830995,3.0240214370368674,Phenylalanine CD,Phenylalanine CD,104,PHE,104,A,7,34,11,0,17,59,19,0,29,87,26,0,30,114,33,1,43,148,46,1,0,0,0.0025158923
1QT8,1663,C,1.717613,0.933858,4.148254,66,"['1661', '1665', '1670']",,"0.003669, -0.014078, 0.058580",1.2122370887744296,1.408745494517429,4.237883898084933,Phenylalanine CE,Phenylalanine CE,104,PHE,104,A,8,33,10,0,17,51,18,0,26,81,28,0,35,114,33,0,43,152,44,1,0,0,0.013837407
1QT8,1664,C,0.789901,-0.872698,5.454249,66,"['1662', '1665', '1671']",,"0.034218, 0.066634, 0.045025",-1.056828243446245,2.2273898076606176,4.13261717600432,Phenylalanine CE,Phenylalanine CE,104,PHE,104,A,7,37,10,0,18,56,17,0,26,88,23,0,33,118,37,0,44,154,42,1,0,0,0.0
1QT8,1665,C,1.711389,0.167974,5.315914,68,"['1663', '1664', '1672']",,"0.061339, 0.048100, 0.131193",0.2039375480143748,2.2377616849614004,4.733979763132031,Phenylalanine CZ,Phenylalanine CZ,104,PHE,104,A,9,36,10,0,15,52,15,0,25,82,26,0,36,125,35,0,45,156,43,1,0,0,0.008805623
1QT8,1666,H,-0.475273,-0.778202,1.182348,62,['1659'],,"-0.002831, 0.019845, -0.062149",-0.2365375071287823,-1.4037866222350477,1.6830429801541664,Phenylalanine HB,Phenylalanine HB,104,PHE,104,A,10,33,10,0,14,53,19,0,22,81,25,1,31,116,30,3,40,153,37,3,0,0,0.0
1QT8,1667,H,-1.453712,-1.74573,2.298583,62,['1659'],,"-0.008047, -0.002194, 0.001156",-1.697312451041783,-0.4773756386619154,1.2992029933354,Phenylalanine HB,Phenylalanine HB,104,PHE,104,A,11,38,11,0,14,55,16,0,20,82,28,1,31,118,34,2,42,156,35,3,0,0,0.0
1QT8,1668,H,0.880338,1.250408,2.190822,65,['1661'],,"0.064312, 0.037800, -0.022613",1.7661465580973876,-0.1110000644348113,2.8179081593526467,Phenylalanine HD,Phenylalanine HD,104,PHE,104,A,11,28,12,0,18,49,15,0,22,73,23,0,29,102,35,2,39,143,41,2,0,0,0.0008848819
1QT8,1669,H,-0.856419,-1.953548,4.581148,65,['1662'],,"-0.010046, 0.017703, 0.023949",-2.303412758461169,1.4289138141642743,2.5675693314206365,Phenylalanine HD,Phenylalanine HD,104,PHE,104,A,8,36,11,0,13,61,19,0,24,89,26,0,32,112,30,1,41,149,43,1,0,0,0.0
1QT8,1670,H,2.43629,1.757284,4.032855,67,['1663'],,"-0.078969, -0.003847, 0.003055",2.2083327162426363,1.4137351259509012,4.702224873579104,Phenylalanine HE,Phenylalanine HE,104,PHE,104,A,9,32,8,0,16,51,18,0,25,78,26,0,34,107,33,0,41,149,40,0,0,0,0.0008848819
1QT8,1671,H,0.79266,-1.498768,6.359548,67,['1664'],,"-0.016382, -0.022555, 0.006637",-1.866168693214754,2.8580491399926533,4.531082204950424,Phenylalanine HE,Phenylalanine HE,104,PHE,104,A,9,38,11,0,14,63,17,0,21,87,24,0,33,118,33,0,44,143,44,1,0,0,0.0
1QT8,1672,H,2.435044,0.385956,6.116844,69,['1665'],,"0.128907, 0.101478, 0.073741",0.4075296663093237,2.889768588342922,5.597761462150954,Phenylalanine HZ,Phenylalanine HZ,104,PHE,104,A,9,40,12,0,13,56,15,0,23,82,26,0,36,123,35,0,48,159,40,0,0,0,0.0
1QT8,1673,N,-1.41028,1.835733,0.246293,7,"['1655', '1674', '1677']",,"0.121356, -0.300661, -0.133173",-0.5946061119263436,-1.0962922419870416,-0.7461757083776326,Alanine N,Glutamine N,105,GLN,105,A,9,36,10,1,12,43,12,1,16,63,16,2,26,101,23,2,33,139,34,3,0,0,0.0
1QT8,1674,CA,-0.885681,3.081245,-0.288204,8,"['1673', '1675', '1678', '1679']",,"0.516662, -0.471704, 0.116793",0.0,0.0,0.0,Alanine CA,Glutamine CA,105,GLN,105,A,9,27,10,1,12,43,11,1,16,59,15,1,21,95,21,2,30,131,33,2,0,0,0.0
1QT8,1675,C,-1.94056,4.182411,-0.46536,9,"['1674', '1676', '1690']",,"0.079660, -0.382686, -0.057941",1.5351613962489417,-1.3183898417423734e-16,0.0,Alanine C,Glutamine C,105,GLN,105,A,9,22,7,1,11,36,12,1,15,58,13,1,20,90,18,2,29,128,31,2,0,0,0.0012579461
1QT8,1676,O,-1.637324,5.366799,-0.288849,11,['1675'],,"-0.146997, -0.410876, 0.018634",2.1559824562213565,1.0679252552757277,6.245004513516506e-17,Alanine O,Glutamine O,105,GLN,105,A,7,19,8,1,10,31,10,1,15,57,14,1,22,87,18,1,30,129,30,2,0,0,0.22098842
1QT8,1677,HN,-1.391743,1.029835,-0.394583,10,['1673'],,"0.019218, -0.254795, -0.162357",-1.1114551822415109,-1.790278742435361,-0.1877967780276047,Alanine HN,Glutamine HN,105,GLN,105,A,11,39,10,1,13,49,13,2,15,71,17,2,25,102,23,3,32,145,34,3,0,0,0.0
1QT8,1678,H,-0.144368,3.482439,0.445954,12,['1674'],,"0.232960, 0.184161, 0.223946",-0.3063357505732514,0.9548690708630608,-0.4938350169832405,Alanine HA,Glutamine HA,105,GLN,105,A,9,28,9,0,13,41,11,1,18,68,15,1,19,91,25,1,33,132,33,2,0,0,0.05132315
1QT8,1679,C,-0.167719,2.83659,-1.649768,167,"['1674', '1680', '1684', '1685']",,"0.371948, 0.261488, -0.300091",-0.5117113902573756,0.0049588333653322,1.472178281193388,Glutamine CB,Glutamine CB,105,GLN,105,A,10,30,9,1,11,47,12,1,14,72,18,2,24,98,24,2,33,134,32,3,0,0,0.0
1QT8,1680,C,0.60818,4.066531,-2.176459,169,"['1679', '1681', '1686', '1687']",,"0.066040, 0.084739, 0.111791",-0.1018547313299192,1.264029599878616,2.271512914002123,Glutamine CG,Glutamine CG,105,GLN,105,A,9,26,7,1,11,40,11,1,15,74,19,1,25,97,26,2,38,129,32,2,0,0,0.0
1QT8,1681,C,1.182995,3.939476,-3.57835,171,"['1680', '1682', '1683']",,"0.121759, 0.409965, 0.086961",-0.4261955581222174,1.2431766588048263,3.756848504384061,Glutamine CD,Glutamine CD,105,GLN,105,A,7,26,8,1,12,49,11,1,19,68,19,2,28,97,29,2,40,146,34,2,0,0,0.0
1QT8,1682,O,0.974129,2.930398,-4.257904,172,['1681'],,"0.021692, 0.148942, 0.460066",-0.9280626329408864,0.2441791483429468,4.2800984143314205,Glutamine OE1,Glutamine OE1,105,GLN,105,A,9,38,7,1,13,51,12,2,21,67,20,2,30,107,28,2,38,155,38,3,0,0,0.0
1QT8,1683,N,1.887596,5.001286,-4.02775,173,"['1681', '1688', '1689']",,"0.118808, 0.232134, 0.023068",-0.0968658994841516,2.3551239361012777,4.450374735867301,Glutamine NE2,Glutamine NE2,105,GLN,105,A,7,27,8,1,12,43,12,1,24,72,19,1,29,99,28,2,43,129,35,2,1,0,0.018226476
1QT8,1684,H,-0.918322,2.527489,-2.414352,168,['1679'],,"0.011348, -0.055401, 0.012209",-0.129422938496547,-0.8995947109817024,2.000548804524815,Glutamine HB,Glutamine HB,105,GLN,105,A,10,32,8,1,11,50,12,2,15,73,16,2,23,100,24,2,34,132,30,3,0,0,0.0
1QT8,1685,H,0.534512,1.975971,-1.559797,168,['1679'],,"-0.028430, -0.064829, 0.010732",-1.6219477624352856,-0.0898287967422132,1.4888733234164069,Glutamine HB,Glutamine HB,105,GLN,105,A,11,35,9,1,12,55,14,1,17,72,18,2,26,97,25,3,37,143,32,3,0,0,0.0
1QT8,1686,H,1.445211,4.306432,-1.479402,170,['1680'],,"0.129832, 0.155470, 0.055133",-0.5853761587112469,2.1640666636608423,1.8240733548520724,Glutamine HG,Glutamine HG,105,GLN,105,A,7,24,7,1,12,45,11,1,18,70,21,1,26,102,24,1,37,126,35,2,0,0,0.059287086
1QT8,1687,H,-0.038308,4.972457,-2.162143,170,['1680'],,"0.022721, 0.144866, 0.048928",0.9905420443248384,1.452501081781718,2.1715059916200343,Glutamine HG,Glutamine HG,105,GLN,105,A,7,21,9,1,10,38,11,1,16,63,16,1,25,102,23,2,37,131,32,2,0,0,0.04158945
1QT8,1688,HN,2.044144,5.798248,-3.389386,174,['1683'],,"0.037717, 0.170550, 0.220121",0.293554448943375,3.16199717726266,3.936865411243635,Glutamine HE2,Glutamine HE2,105,GLN,105,A,6,24,6,1,10,39,11,1,19,68,19,1,30,96,27,1,40,123,35,2,0,0,0.109725356
1QT8,1689,HN,2.285411,4.996305,-4.981215,174,['1683'],,"0.099707, 0.096118, -0.111416",-0.2637666255687533,2.4019912777319297,5.468866115669756,Glutamine HE2,Glutamine HE2,105,GLN,105,A,10,29,7,1,13,49,12,1,22,71,22,1,31,98,27,2,39,130,36,2,0,0,0.0
1QT8,1690,N,-3.187806,3.847305,-0.89493,7,"['1675', '1691', '1694']",,"0.052084, -0.250029, -0.091054",-0.7081365967266328,-1.2690453384553202,0.1612249063241919,Alanine N,Methionine N,106,MET,106,A,11,23,7,0,13,36,11,0,16,58,16,1,20,85,19,1,27,122,23,1,0,0,0.0
1QT8,1691,CA,-4.201606,4.838208,-1.253047,8,"['1690', '1692', '1695', '1696']",,"0.506292, 0.219978, -0.143823",0.0,0.0,0.0,Alanine CA,Methionine CA,106,MET,106,A,8,20,7,0,11,32,9,0,16,51,14,0,21,79,19,1,25,109,25,1,0,0,0.0
1QT8,1692,C,-5.639883,4.647097,-0.748047,9,"['1691', '1693', '1707']",,"0.153837, -0.204787, -0.005859",1.5362907091595657,0.0,0.0,Alanine C,Methionine C,106,MET,106,A,8,26,8,0,10,34,10,0,12,46,13,0,18,72,16,1,26,99,25,1,0,0,0.017611247
1QT8,1693,O,-6.53609,5.398164,-1.149603,11,['1692'],,"0.152198, -0.207079, 0.013359",2.149892655901593,1.073325904573441,-1.3877787807814457e-17,Alanine O,Methionine O,106,MET,106,A,8,20,8,0,9,32,8,0,13,42,11,0,15,64,15,1,22,86,21,1,0,0,0.13839678
1QT8,1694,HN,-3.431079,2.860561,-1.067823,10,['1690'],,"0.035663, -0.315554, -0.100671",-0.4144678102690166,-1.8595998058318155,0.9535263189420006,Alanine HN,Methionine HN,106,MET,106,A,11,30,8,0,15,42,13,1,17,60,17,1,21,90,21,1,25,122,27,1,0,0,0.0
1QT8,1695,H,-3.926361,5.791942,-0.729558,12,['1691'],,"0.148458, 0.316353, 0.191589",-0.2042488862740425,0.3584736026375461,-1.0436417750214255,Alanine HA,Methionine HA,106,MET,106,A,8,15,6,0,11,29,8,0,14,50,13,0,21,77,19,0,24,109,24,1,0,0,0.11503465
1QT8,1696,C,-4.168785,5.150753,-2.780835,175,"['1691', '1697', '1700', '1701']",,"-0.037343, -0.078130, -0.156365",-0.5718119700096156,1.0897763639918376,0.9582882214910362,Methionine CB,Methionine CB,106,MET,106,A,9,23,8,0,11,41,10,0,17,55,15,1,22,78,20,1,27,114,23,1,0,0,0.006289731
1QT8,1697,C,-4.349733,3.930311,-3.703317,177,"['1696', '1698', '1702', '1703']",,"0.067110, 0.111979, 0.145806",-0.5538206956412894,0.7216885868503857,2.4540761732935863,Methionine CG,Methionine CG,106,MET,106,A,10,34,8,1,13,47,12,1,19,59,15,1,23,87,19,1,28,121,27,1,0,0,0.0
1QT8,1698,S,-4.140039,4.456105,-5.431672,179,"['1697', '1699']",,"0.040275, -0.507748, 0.184260",-1.383678184052087,2.0355586577379032,3.3989168454979284,Methionine SD,Methionine SD,106,MET,106,A,8,35,5,1,11,44,11,1,19,63,17,1,27,95,22,1,33,126,30,1,0,0,0.09114808
1QT8,1699,C,-3.585349,2.888852,-6.139268,180,"['1698', '1704', '1705', '1706']",,"0.063553, -0.010746, -0.051599",-1.9406135062184675,1.0588254511253727,4.81329669240923,Methionine CE,Methionine CE,106,MET,106,A,8,37,7,1,13,50,13,1,21,78,18,1,32,110,25,1,39,143,32,1,0,0,0.0
1QT8,1700,H,-3.184317,5.625708,-3.015666,176,['1696'],,"0.050537, -0.052858, 0.029842",-1.629747458358774,1.292776203458224,0.6591750969410615,Methionine HB,Methionine HB,106,MET,106,A,7,23,6,0,15,36,10,0,18,57,15,1,22,83,21,1,32,116,27,1,0,0,0.09114283
1QT8,1701,H,-4.960467,5.907053,-2.998956,176,['1696'],,"-0.151516, 0.015968, 0.127006",0.0035802082699628,2.032704279460095,0.7966168351223586,Methionine HB,Methionine HB,106,MET,106,A,7,22,7,0,11,37,9,0,15,53,12,0,24,79,18,1,27,98,22,1,0,0,0.109725356
1QT8,1702,H,-5.34962,3.462366,-3.555975,178,['1697'],,"0.009178, -0.027208, 0.005427",0.4889192051098875,0.5778873283073419,2.818041691139526,Methionine HG,Methionine HG,106,MET,106,A,11,39,11,1,13,50,12,1,16,65,14,1,21,82,18,1,26,114,25,1,0,0,0.0
1QT8,1703,H,-3.598339,3.148553,-3.451827,178,['1697'],,"0.042184, -0.147926, 0.047534",-1.0773594374982909,-0.2475418408817269,2.613717325986162,Methionine HG,Methionine HG,106,MET,106,A,10,35,8,1,15,50,13,1,17,64,17,1,24,93,19,1,28,130,29,1,0,0,0.0
1QT8,1704,H,-3.403234,3.022907,-7.226877,181,['1699'],,"0.047292, -0.009887, -0.047492",-2.48529801219831,1.7188551203011972,5.521611296158259,Methionine HE,Methionine HE,106,MET,106,A,7,36,5,1,11,54,10,1,21,78,17,1,33,116,29,1,42,147,35,1,0,0,0.0
1QT8,1705,H,-4.367535,2.116257,-5.991161,181,['1699'],,"0.027151, 0.019668, -0.014840",-1.063536294507588,0.6144873639034838,5.327060144799007,Methionine HE,Methionine HE,106,MET,106,A,8,39,8,1,14,52,14,1,20,87,18,1,29,112,24,1,38,144,32,1,0,0,0.0
1QT8,1706,H,-2.638206,2.56666,-5.653349,181,['1699'],,"0.036052, -0.006804, 0.001468",-2.6275215607990368,0.2534227936267297,4.471992274447109,Methionine HE,Methionine HE,106,MET,106,A,9,37,8,1,14,56,12,1,19,80,19,1,30,107,26,1,38,147,35,1,0,0,0.0
1QT8,1707,N,-5.834604,3.769902,0.258988,1,"['1692', '1708', '1711']",,"0.106756, -0.292138, -0.056808",-0.5646436381477064,1.2191535627371817,0.5303850331424892,Glycine N,Glycine N,107,GLY,107,A,8,31,6,1,10,40,10,1,11,50,15,1,19,74,21,2,27,109,26,2,0,0,0.033035487
1QT8,1708,CA,-7.089478,3.523087,0.930434,2,"['1707', '1709', '1712', '1713']",,"0.598807, 0.400599, 0.159836",0.0,0.0,0.0,Glycine CA,Glycine CA,107,GLY,107,A,8,28,7,0,9,37,10,1,11,49,16,1,17,73,19,1,25,94,25,2,0,0,0.021385085
1QT8,1709,C,-8.043699,2.669066,0.111441,3,"['1708', '1710', '1714']",,"0.136901, 0.126564, 0.464505",1.5200786556395696,0.0,-1.3877787807814457e-17,Glycine C,Glycine C,107,GLY,107,A,9,30,10,0,10,41,14,1,14,56,18,1,19,74,20,2,24,101,25,2,0,0,0.0
1QT8,1710,O,-7.960315,2.598567,-1.120349,5,['1709'],,"0.062322, -0.020713, 0.264898",2.171010925765212,1.0514355825565722,-8.326672684688674e-17,Glycine O,Glycine O,107,GLY,107,A,9,37,9,1,12,43,13,1,14,64,17,2,20,82,20,2,25,104,26,2,0,0,0.0
1QT8,1711,HN,-5.1685,3.00745,0.428288,4,['1707'],,"0.171988, -0.469924, 0.079762",-0.6456367630332074,1.1749031211109038,1.5527216182538512,Glycine HN,Glycine HN,107,GLY,107,A,9,32,8,1,9,41,12,1,14,58,17,1,21,85,22,2,29,118,28,2,0,0,0.0
1QT8,1712,H,-6.883569,3.032636,1.907201,6,['1708'],,"0.002962, -0.082466, 0.318309",-0.3799754518663245,-0.8598603027599103,0.5943680574253782,Glycine HA,Glycine HA,107,GLY,107,A,8,27,7,0,9,37,13,1,13,53,16,1,16,75,21,1,26,99,30,2,0,0,0.13892646
1QT8,1713,H,-7.592582,4.486025,1.175445,6,['1708'],,"-0.058851, 0.156614, 0.056325",-0.3571914937576375,-0.1703686110291346,-1.04104869720114,Glycine HA,Glycine HA,107,GLY,107,A,8,24,7,0,9,29,10,1,9,42,10,1,15,61,17,1,20,84,23,1,0,0,0.1610485
1QT8,1714,N,-9.010837,2.016339,0.813528,7,"['1709', '1715', '1718']",,"0.069854, -0.135606, 0.223153",-0.5371854693363411,-1.029729242472034,-0.876992984413709,Alanine N,Glutamate N,108,GLU,108,A,9,28,6,0,11,42,12,0,15,52,15,1,20,72,21,1,28,100,25,2,0,0,0.0
1QT8,1715,CA,-10.001624,1.16873,0.167055,8,"['1714', '1716', '1719', '1720']",,"0.244500, -0.550802, 0.405263",0.0,0.0,0.0,Alanine CA,Glutamate CA,108,GLU,108,A,8,31,9,0,12,45,11,0,18,57,17,1,26,81,24,1,28,106,25,2,0,0,0.0
1QT8,1716,C,-10.844956,1.95481,-0.846859,9,"['1715', '1717', '1729']",,"0.141794, -0.060094, 0.245539",1.5353019989630703,1.1102230246251563e-16,5.551115123125783e-17,Alanine C,Glutamate C,108,GLU,108,A,7,28,7,0,11,40,10,0,17,53,14,1,21,76,21,1,27,96,27,2,0,0,0.0
1QT8,1717,O,-11.144584,1.440937,-1.92634,11,['1716'],,"0.030035, 0.057327, 0.344356",2.149670697712279,1.0684908656002656,0.0,Alanine O,Glutamate O,108,GLU,108,A,8,29,7,0,12,45,10,0,17,65,16,1,23,81,19,2,27,101,27,2,0,0,0.0
1QT8,1718,HN,-9.011374,2.04858,1.844436,10,['1714'],,"0.050114, 0.014301, 0.202382",-1.2011950127594146,-1.7047989337322296,-0.468112423492863,Alanine HN,Glutamate HN,108,GLU,108,A,9,22,6,0,13,39,9,0,14,52,15,0,20,69,20,1,25,95,26,1,0,0,0.07786961
1QT8,1719,H,-9.442028,0.416156,-0.444984,12,['1715'],,"0.141142, -0.215430, -0.255447",-0.2885124056668762,0.9892403630626788,-0.4384873339982924,Alanine HA,Glutamate HA,108,GLU,108,A,9,36,11,0,13,51,13,0,20,73,20,1,27,93,23,2,29,119,31,2,0,0,0.0
1QT8,1720,C,-10.912402,0.390088,1.152425,153,"['1715', '1721', '1725', '1726']",,"-0.380812, -0.148771, 0.377679",-0.5491213518991047,-0.0498904887393613,1.4500795310498829,Glutamate CB,Glutamate CB,108,GLU,108,A,9,30,6,0,14,45,11,0,22,59,17,0,23,82,22,0,29,105,29,1,0,0,0.0
1QT8,1721,C,-11.974401,1.181243,1.939164,155,"['1720', '1722', '1727', '1728']",,"0.520360, -0.152370, -0.256753",-0.0802603870152083,-1.196996093243944,2.3649808874098555,Glutamate CG,Glutamate CG,108,GLU,108,A,8,18,4,0,9,38,10,0,18,49,13,0,22,69,17,0,26,83,26,0,0,0,0.0075476766
1QT8,1722,C,-12.933811,0.277673,2.688428,157,"['1721', '1723', '1724']",,"0.424644, 0.079829, 0.011116",-0.5107075636764402,-1.002868700498191,3.80558236533014,Glutamate CD,Glutamate CD,108,GLU,108,A,6,21,6,0,11,30,10,0,17,52,13,0,22,67,16,0,25,75,23,0,0,0,0.040254276
1QT8,1723,O,-12.469778,-0.716623,3.330244,158,['1722'],,"0.118298, -0.149260, 0.095593",-1.6985366075334114,-0.6202342687389255,4.047516225637246,Glutamate OE,Glutamate OE,108,GLU,108,A,7,22,8,0,11,39,10,0,18,52,13,0,22,72,16,0,26,87,26,0,0,0,0.081475526
1QT8,1724,O,-14.167653,0.537244,2.611318,158,['1722'],,"0.901156, 0.263754, -0.014701",0.3508590353753318,-1.1991957772152857,4.708271576216745,Glutamate OE,Glutamate OE,108,GLU,108,A,6,16,4,0,11,24,8,0,12,41,11,0,19,59,16,0,22,72,20,0,0,0,0.29465124
1QT8,1725,H,-10.292704,-0.196587,1.870671,154,['1720'],,"-0.005030, -0.087937, 0.034836",-1.6642272488081726,-0.0259774921203037,1.4424972743726483,Glutamate HB,Glutamate HB,108,GLU,108,A,9,31,7,0,17,49,11,0,20,62,19,0,26,86,24,0,28,112,29,1,0,0,0.015042992
1QT8,1726,H,-11.46175,-0.379535,0.559942,154,['1720'],,"0.014299, -0.057706, -0.031084",-0.2501415365481045,0.9009635207291828,1.951703508957913,Glutamate HB,Glutamate HB,108,GLU,108,A,10,32,8,0,16,49,14,0,21,66,20,0,24,87,23,0,30,114,28,2,0,0,0.0
1QT8,1727,H,-12.593817,1.792125,1.242012,156,['1721'],,"0.016403, -0.008192, -0.091648",1.033154192497182,-1.252968604507132,2.3719781866130103,Glutamate HG,Glutamate HG,108,GLU,108,A,7,17,4,0,9,31,6,0,14,45,15,0,21,61,16,0,24,78,23,0,0,0,0.010618582
1QT8,1728,H,-11.499118,1.878447,2.667849,156,['1721'],,"0.015985, 0.095017, 0.081995",-0.4655833828333298,-2.1802086452500724,2.0075057926111484,Glutamate HG,Glutamate HG,108,GLU,108,A,6,12,4,0,9,24,8,0,13,45,11,0,21,60,17,0,25,73,24,0,0,0,0.15573922
1QT8,1729,N,-11.191862,3.231021,-0.519569,7,"['1716', '1730', '1733']",,"-0.047717, 0.061855, 0.226223",-0.5510044005361764,-0.9612553355050284,-0.9407288853207834,Alanine N,Threonine N,109,THR,109,A,7,22,8,0,7,33,10,0,13,43,12,1,19,62,18,1,23,82,23,1,0,0,0.0
1QT8,1730,CA,-11.915064,4.134273,-1.399173,8,"['1729', '1731', '1734', '1735']",,"-0.281603, -0.387316, 0.231478",0.0,0.0,0.0,Alanine CA,Threonine CA,109,THR,109,A,7,20,8,0,7,30,9,0,10,38,11,1,15,54,13,1,19,70,20,1,0,0,0.0
1QT8,1731,C,-11.200995,4.339282,-2.731135,9,"['1730', '1732', '1743']",,"0.036301, 0.045713, 0.150166",1.5251380253229536,-1.1102230246251563e-16,-1.3877787807814457e-17,Alanine C,Threonine C,109,THR,109,A,8,22,6,0,9,30,10,1,11,46,12,1,14,58,14,1,19,73,18,2,0,0,0.0
1QT8,1732,O,-11.840377,4.313275,-3.782632,11,['1731'],,"0.029736, 0.043045, 0.133667",2.140596755685563,1.065993526341715,-2.775557561562892e-17,Alanine O,Threonine O,109,THR,109,A,7,22,7,0,9,35,9,1,10,46,11,1,14,59,13,1,16,70,16,2,0,0,0.058037363
1QT8,1733,HN,-10.96532,3.605251,0.412987,10,['1729'],,"0.026936, 0.040739, 0.151283",-1.2090707530497304,-1.6462000496435636,-0.5421947235941036,Alanine HN,Threonine HN,109,THR,109,A,6,19,7,0,8,31,9,0,11,37,12,0,16,54,16,1,21,75,23,1,0,0,0.013273228
1QT8,1734,H,-12.872964,3.629891,-1.677519,12,['1730'],,"-0.366796, -0.118502, -0.135964",-0.2731970764401922,1.0191459548248698,-0.3689918533364084,Alanine HA,Threonine HA,109,THR,109,A,6,19,9,0,9,27,9,0,11,41,12,0,17,56,15,1,19,71,20,1,0,0,0.021237165
1QT8,1735,C,-12.272394,5.498051,-0.704734,37,"['1730', '1736', '1737', '1738']",,"0.090267, 0.491465, -0.097070",-0.5904631948936614,-0.1630330738595742,1.4472712666286405,Threonine CB,Threonine CB,109,THR,109,A,7,13,5,0,7,19,7,0,7,27,10,0,11,38,12,1,17,53,14,1,0,0,0.0
1QT8,1736,OH,-13.671043,5.446307,-0.426991,39,"['1735', '1739']",,"0.224036, -0.190202, 0.272099",-1.4948292111766328,0.9253138075713948,1.630740106102678,Threonine OG1,Threonine OG1,109,THR,109,A,6,11,3,0,6,16,8,0,8,21,9,0,9,33,11,0,16,47,12,1,0,0,0.21764012
1QT8,1737,C,-12.050399,6.787478,-1.519637,41,"['1735', '1740', '1741', '1742']",,"0.005760, 0.152863, -0.034935",0.3984857999782056,-0.094799046037283,2.6276503035282586,Threonine CG2,Threonine CG2,109,THR,109,A,5,9,4,0,6,16,6,0,8,22,8,0,11,30,11,1,12,46,13,1,0,0,0.05534963
1QT8,1738,H,-11.727567,5.58498,0.268607,38,['1735'],,"-0.049188, -0.034925, 0.117955",-1.173746748150835,-1.1152823142921569,1.5164629846753497,Threonine HB,Threonine HB,109,THR,109,A,5,11,5,0,7,16,6,0,8,24,10,0,9,36,12,1,16,49,15,1,0,0,0.11857417
1QT8,1739,HO,-13.788986,5.540501,0.515707,40,['1736'],,"0.008623, -0.016799, 0.116510",-2.3606831298849875,0.5637864361314976,1.8069715767489447,Threonine HG1,Threonine HG1,109,THR,109,A,3,8,4,0,6,13,5,0,7,19,8,0,8,28,10,0,16,44,11,0,0,0,0.23980299
1QT8,1740,H,-12.444287,7.682516,-0.986493,42,['1737'],,"-0.042494, -0.012801, 0.052141",-0.1312366907366418,-0.1004363607954176,3.6073674087362746,Threonine HG2,Threonine HG2,109,THR,109,A,2,4,3,0,6,11,4,0,8,19,6,0,9,24,8,1,11,34,11,1,0,0,0.25661576
1QT8,1741,H,-12.539109,6.745094,-2.520553,42,['1737'],,"-0.034293, -0.051315, -0.030655",1.038113360598125,0.8173739069570188,2.591820230502009,Threonine HG2,Threonine HG2,109,THR,109,A,5,9,4,0,6,16,6,0,9,24,8,0,11,33,10,1,12,47,12,1,0,0,0.16016363
1QT8,1742,H,-10.963119,6.960605,-1.685913,42,['1737'],,"-0.003014, -0.058490, 0.021254",1.0760368358958767,-0.9783464004297884,2.6194569539143537,Threonine HG2,Threonine HG2,109,THR,109,A,6,9,4,0,6,19,4,0,10,25,8,1,10,36,12,1,13,46,14,1,0,0,0.1318474
1QT8,1743,N,-9.869631,4.588591,-2.68036,1,"['1731', '1744', '1747']",,"0.135552, 0.088631, 0.199312",-0.579767926974294,-0.8510536303902405,-1.0055136968736536,Glycine N,Glycine N,110,GLY,110,A,7,25,6,1,10,39,9,1,10,46,13,1,14,62,15,2,19,81,19,2,0,0,0.0
1QT8,1744,CA,-9.101419,4.890097,-3.859523,2,"['1743', '1745', '1748', '1749']",,"-0.134386, 0.483120, 0.302893",0.0,0.0,0.0,Glycine CA,Glycine CA,110,GLY,110,A,8,28,7,1,9,40,9,1,9,50,10,1,17,63,15,2,22,86,18,2,0,0,0.013837407
1QT8,1745,C,-9.033302,3.746011,-4.85365,3,"['1744', '1746', '1750']",,"0.096210, 0.162073, 0.364277",1.517188581954794,0.0,0.0,Glycine C,Glycine C,110,GLY,110,A,7,33,8,1,10,46,10,2,12,55,11,2,18,77,15,2,22,101,22,2,0,0,0.0
1QT8,1746,O,-9.28813,3.940688,-6.0433,5,['1745'],,"0.139623, 0.004421, 0.196181",2.1384546840484138,1.064016915656138,5.551115123125783e-17,Glycine O,Glycine O,110,GLY,110,A,6,31,7,1,9,39,9,1,11,56,10,2,19,76,13,2,23,106,21,2,0,0,0.025670372
1QT8,1747,HN,-9.314942,4.504325,-1.817563,4,['1743'],,"0.125271, -0.082513, 0.120825",-1.0566621643391505,-1.6855358219801089,-0.6375318128446139,Glycine HN,Glycine HN,110,GLY,110,A,7,28,7,1,10,37,11,1,12,46,13,1,14,58,15,1,19,83,21,2,0,0,0.0
1QT8,1748,H,-9.531196,5.774312,-4.379674,6,['1744'],,"-0.039348, 0.096943, -0.124127",-0.3452418344376959,1.047859490217049,-0.1410675840551623,Glycine HA,Glycine HA,110,GLY,110,A,7,26,7,1,8,32,8,1,10,42,10,1,13,56,12,2,20,79,16,2,0,0,0.15042992
1QT8,1749,H,-8.065493,5.180723,-3.575584,6,['1744'],,"0.256614, 0.167456, 0.023575",-0.3586952862813043,-0.3029534184894789,1.008853023437067,Glycine HA,Glycine HA,110,GLY,110,A,8,27,7,1,9,40,9,1,11,53,11,1,17,64,16,2,21,82,19,2,0,0,0.034510393
1QT8,1750,N,-8.777562,2.513253,-4.346673,7,"['1745', '1751', '1754']",,"0.178002, -0.068373, 0.223147",-0.5418700677082782,-1.0313412483435602,-0.87140100568623,Alanine N,Valine N,111,VAL,111,A,9,40,8,1,9,49,11,2,15,59,13,2,18,89,20,2,27,110,25,2,0,0,0.0
1QT8,1751,CA,-8.71854,1.299569,-5.146745,8,"['1750', '1752', '1755', '1756']",,"0.539371, 0.166353, 0.115620",0.0,0.0,0.0,Alanine CA,Valine CA,111,VAL,111,A,8,43,9,2,11,51,11,2,16,76,12,2,24,105,22,2,28,124,30,2,0,0,0.0
1QT8,1752,C,-10.088278,0.937642,-5.738672,9,"['1751', '1753', '1766']",,"0.095576, 0.042854, 0.291487",1.5354318334924546,0.0,-5.551115123125783e-17,Alanine C,Valine C,111,VAL,111,A,8,38,7,2,13,59,11,2,17,76,15,2,21,95,19,2,29,121,31,2,0,0,0.0
1QT8,1753,O,-10.175821,0.511498,-6.89284,11,['1752'],,"0.058414, -0.043388, 0.309896",2.15892235523088,1.0642489497816496,-1.1102230246251563e-16,Alanine O,Valine O,111,VAL,111,A,7,36,7,1,12,52,10,2,17,76,16,2,20,102,19,2,31,123,31,2,0,0,0.0
1QT8,1754,HN,-8.633374,2.390749,-3.333427,10,['1750'],,"0.035935, -0.008270, 0.252829",-1.0322402203612973,-1.8057214088149447,-0.3998743931484361,Alanine HN,Valine HN,111,VAL,111,A,9,39,8,1,11,49,9,2,14,64,18,2,19,88,21,2,25,109,25,2,0,0,0.0
1QT8,1755,H,-8.066883,1.499018,-6.032943,12,['1751'],,"0.172982, 0.028888, -0.355440",-0.2867081435596427,0.995574559964604,-0.4200159287715992,Alanine HA,Valine HA,111,VAL,111,A,8,40,9,2,11,55,11,2,16,81,13,2,24,106,21,2,31,132,30,2,0,0,0.0
1QT8,1756,C,-8.086247,0.109399,-4.347572,15,"['1751', '1757', '1758', '1759']",,"0.169370, -0.214099, 0.056825",-0.5916076169587017,-0.0955483046911663,1.4477042169259196,Valine CB,Valine CB,111,VAL,111,A,9,47,9,2,13,58,13,2,20,89,19,2,24,115,25,2,31,144,34,2,0,0,0.0
1QT8,1757,C,-7.909054,-1.154539,-5.227342,17,"['1756', '1760', '1761', '1762']",,"0.002678, -0.017031, -0.009036",-0.1125860779763821,1.069446577966079,2.3511737341573755,Valine CG,Valine CG,111,VAL,111,A,7,47,7,2,15,69,13,2,18,94,17,2,29,129,28,2,33,160,37,2,0,0,0.0
1QT8,1758,C,-6.69202,0.514335,-3.804347,17,"['1756', '1763', '1764', '1765']",,"0.014885, -0.009741, 0.023005",-2.140248505407942,-0.054228890949955,1.393486167152517,Valine CG,Valine CG,111,VAL,111,A,11,41,10,2,16,64,12,2,16,86,18,2,23,113,25,2,31,140,30,2,0,0,0.0
1QT8,1759,H,-8.760082,-0.135424,-3.48773,16,['1756'],,"-0.016846, -0.003247, -0.009512",-0.2642588199276088,-1.0663565014033545,1.899029358920832,Valine HB,Valine HB,111,VAL,111,A,8,44,10,2,15,65,12,2,21,80,22,2,25,107,25,2,33,140,35,2,0,0,0.0
1QT8,1760,H,-7.485533,-1.997165,-4.636091,18,['1757'],,"0.011312, -0.026877, 0.005093",-0.5197165830481151,0.9693222058198274,3.382282952552961,Valine HG,Valine HG,111,VAL,111,A,6,43,7,1,14,68,13,2,21,100,21,2,28,138,29,2,38,172,38,2,0,0,0.0
1QT8,1761,H,-7.230809,-0.978815,-6.092784,18,['1757'],,"0.016032, -0.014360, -0.009210",-0.4254223190561534,2.0651314347394143,1.9630626523465864,Valine HG,Valine HG,111,VAL,111,A,5,42,7,2,11,71,10,2,19,96,17,2,28,125,26,2,34,162,37,2,0,0,0.0044244095
1QT8,1762,H,-8.880066,-1.510126,-5.635364,18,['1757'],,"-0.015774, 0.004798, -0.009871",0.9947556954005956,1.085462948682658,2.447745179214378,Valine HG,Valine HG,111,VAL,111,A,7,43,8,1,13,69,13,2,22,93,19,2,27,125,28,2,38,163,36,2,0,0,0.0
1QT8,1763,H,-6.172644,-0.358378,-3.354898,18,['1758'],,"0.031938, -0.033812, 0.032734",-2.571131615506787,0.0175076676921455,2.4145529744338696,Valine HG,Valine HG,111,VAL,111,A,13,44,10,2,14,66,15,2,17,93,18,2,25,121,25,2,34,150,31,2,0,0,0.0
1QT8,1764,H,-6.749591,1.285898,-3.004821,18,['1758'],,"0.022415, 0.019718, 0.052860",-2.578987176451857,-0.968483893663966,0.9357614942005088,Valine HG,Valine HG,111,VAL,111,A,11,41,10,2,14,60,13,2,16,81,17,2,21,99,23,2,31,121,29,2,0,0,0.0
1QT8,1765,H,-6.03419,0.918302,-4.604543,18,['1758'],,"-0.024789, -0.001497, 0.043415",-2.513826597736728,0.8165697054463672,0.8117710325280337,Valine HG,Valine HG,111,VAL,111,A,13,42,9,2,16,71,13,2,17,85,17,2,22,106,21,2,31,141,31,2,0,0,0.0
1QT8,1766,N,-11.18923,1.172487,-4.981164,7,"['1752', '1767', '1770']",,"0.047870, 0.009126, 0.320152",-0.6150125947073983,-1.275094895230391,-0.349195847595115,Alanine N,Alanine N,112,ALA,112,A,10,37,8,0,12,58,10,1,14,72,17,2,21,90,21,2,26,103,25,2,0,0,0.0
1QT8,1767,CA,-12.562972,0.985306,-5.432652,8,"['1766', '1768', '1771', '1772']",,"0.036648, -0.430082, 0.632507",0.0,0.0,0.0,Alanine CA,Alanine CA,112,ALA,112,A,10,38,9,0,11,47,9,0,15,62,16,0,20,81,21,2,24,102,25,2,0,0,0.0
1QT8,1768,C,-13.017764,1.947675,-6.5479,9,"['1767', '1769', '1776']",,"0.359973, 0.042626, 0.343285",1.5416769950054388,0.0,0.0,Alanine C,Alanine C,112,ALA,112,A,7,34,7,0,11,42,10,0,14,50,10,0,16,69,14,2,20,89,22,2,0,0,0.011321515
1QT8,1769,O,-14.046565,1.705704,-7.200841,11,['1768'],,"0.746307, 0.196877, 0.195425",2.1664617083932134,1.0737585733487556,0.0,Alanine O,Alanine O,112,ALA,112,A,6,30,8,0,12,39,9,0,14,49,10,0,17,65,16,0,18,80,22,2,0,0,0.012277135
1QT8,1770,HN,-11.083368,1.488459,-4.006668,10,['1766'],,"0.027458, 0.073997, 0.308444",-1.153950550411322,-1.7267189389009825,0.4033127071232339,Alanine HN,Alanine HN,112,ALA,112,A,9,36,8,0,12,56,13,1,14,69,15,2,21,86,20,2,25,104,25,2,0,0,0.0
1QT8,1771,H,-12.631927,-0.034507,-5.886194,12,['1767'],,"-0.020248, -0.295481, -0.182043",-0.288169589129423,0.739352667588382,-0.7879020329894592,Alanine HA,Alanine HA,112,ALA,112,A,10,36,8,0,12,50,11,0,17,67,15,1,22,94,23,2,24,115,26,2,0,0,0.0
1QT8,1772,C,-13.547188,1.054053,-4.239164,13,"['1767', '1773', '1774', '1775']",,"-0.172908, -0.020348, 0.265592",-0.5301120552208267,0.5102229668322336,1.362525091084735,Alanine CB,Alanine CB,112,ALA,112,A,10,34,9,0,12,47,12,0,14,58,17,0,19,76,18,0,24,94,23,2,0,0,0.0075476766
1QT8,1773,H,-14.587644,0.821583,-4.552164,14,['1772'],,"0.063499, 0.009916, 0.014879",-0.1418713474324302,1.523930211925794,1.5996469224221035,Alanine HB,Alanine HB,112,ALA,112,A,10,30,7,0,12,46,12,0,14,53,15,0,17,67,18,0,23,88,21,0,0,0,0.019467402
1QT8,1774,H,-13.549196,2.068271,-3.777302,14,['1772'],,"0.041264, 0.081035, 0.003546",-0.2305197836241611,-0.1715828292989336,2.1915872225281485,Alanine HB,Alanine HB,112,ALA,112,A,10,31,8,0,11,39,10,0,13,52,13,0,16,67,18,1,20,85,22,2,0,0,0.05309291
1QT8,1775,H,-13.273897,0.323785,-3.442358,14,['1772'],,"0.039952, -0.013881, 0.044481",-1.6430002599552735,0.5759638675064852,1.3686162225459246,Alanine HB,Alanine HB,112,ALA,112,A,10,38,9,0,14,46,15,0,16,65,17,0,19,85,22,0,27,102,25,2,0,0,0.0
1QT8,1776,N,-12.254349,3.03505,-6.819327,1,"['1768', '1777', '1780']",,"0.167069, 0.293273, 0.259713",-0.6306909112149018,-1.2248716402360549,-0.4460554434802386,Glycine N,Glycine N,113,GLY,113,A,7,31,6,0,8,40,9,0,13,53,11,1,15,67,12,2,19,83,21,2,0,0,0.0022783095
1QT8,1777,CA,-12.442998,3.92023,-7.949776,2,"['1776', '1778', '1781', '1782']",,"-0.439454, 0.255813, 0.535079",0.0,0.0,0.0,Glycine CA,Glycine CA,113,GLY,113,A,6,23,6,0,8,35,7,0,10,42,8,1,14,59,12,1,18,72,18,2,0,0,0.015095353
1QT8,1778,C,-11.942062,3.395665,-9.298512,3,"['1777', '1779', '1783']",,"0.008627, 0.061952, 0.529877",1.531402661946557,-1.1102230246251563e-16,6.245004513516506e-17,Glycine C,Glycine C,113,GLY,113,A,6,24,6,0,10,36,7,0,11,48,10,1,12,58,17,2,21,84,19,2,0,0,0.012579462
1QT8,1779,O,-12.358476,3.868046,-10.367382,5,['1778'],,"0.148280, -0.044503, 0.292093",2.1747554326010605,1.06071896275506,3.122502256758253e-17,Glycine O,Glycine O,113,GLY,113,A,6,22,6,0,9,31,8,0,10,40,10,0,13,53,13,1,17,70,18,2,0,0,0.26340035
1QT8,1780,HN,-11.485244,3.322233,-6.198873,4,['1776'],,"0.200269, 0.068241, 0.172902",-1.0239267525928617,-1.7856248807654076,0.3219817424174221,Glycine HN,Glycine HN,113,GLY,113,A,7,29,7,0,8,41,8,1,13,55,10,1,17,71,13,2,19,87,16,2,0,0,0.0
1QT8,1781,H,-13.523926,4.170243,-8.059488,6,['1777'],,"-0.296083, 0.165836, -0.069404",-0.3425952605137293,0.8540362249173782,-0.6294435465547356,Glycine HA,Glycine HA,113,GLY,113,A,6,22,5,0,8,30,7,0,9,38,7,0,13,51,12,1,16,63,14,1,0,0,0.1610485
1QT8,1782,H,-11.944586,4.895761,-7.754528,6,['1777'],,"0.022089, 0.246260, -0.015699",-0.3430808401777063,0.2501170087321857,1.0285592128092689,Glycine HA,Glycine HA,113,GLY,113,A,6,20,6,0,7,30,6,0,8,39,9,1,12,54,10,1,17,72,15,2,0,0,0.17078221
1QT8,1783,N,-11.020091,2.392961,-9.276172,7,"['1778', '1784', '1787']",,"0.161035, -0.034740, 0.238974",-0.5323796303148782,-0.8680423000399418,1.04717253617117,Alanine N,Phenylalanine N,114,PHE,114,A,8,24,6,0,10,34,8,0,12,45,13,2,14,71,19,2,24,96,21,2,0,0,0.0
1QT8,1784,CA,-10.409573,1.715559,-10.417176,8,"['1783', '1785', '1788', '1789']",,"0.556066, 0.218982, 0.382303",0.0,0.0,0.0,Alanine CA,Phenylalanine CA,114,PHE,114,A,9,28,7,0,10,37,11,1,13,53,15,2,17,74,18,2,23,111,22,3,0,0,0.0
1QT8,1785,C,-11.340896,0.626309,-10.988715,9,"['1784', '1786', '1803']",,"0.094809, 0.297330, 0.132197",1.5428820179618403,5.551115123125783e-17,0.0,Alanine C,Phenylalanine C,114,PHE,114,A,9,25,9,0,10,37,11,0,13,54,13,1,16,75,19,3,24,98,22,3,0,0,0.0
1QT8,1786,O,-10.946529,-0.520922,-11.194751,11,['1785'],,"-0.043794, 0.347278, 0.145919",2.1910818848150004,1.0459216337553916,-2.220446049250313e-16,Alanine O,Phenylalanine O,114,PHE,114,A,9,29,9,0,13,43,11,0,14,67,17,2,18,87,20,2,28,109,27,3,0,0,0.0
1QT8,1787,HN,-10.766503,1.961097,-8.377048,10,['1783'],,"0.039824, -0.145912, 0.258068",-0.7136306290979342,-0.3635212621687728,1.9257190365919188,Alanine HN,Phenylalanine HN,114,PHE,114,A,9,25,7,0,10,39,8,2,13,54,12,2,17,80,20,2,25,107,22,2,0,0,0.0
1QT8,1788,H,-10.245479,2.450841,-11.242973,12,['1784'],,"0.042669, 0.255695, -0.250833",-0.312243734563323,-0.3884466815391804,-1.000559928937866,Alanine HA,Phenylalanine HA,114,PHE,114,A,7,24,7,0,11,36,13,0,14,47,13,2,20,67,16,3,24,100,22,3,0,0,0.10795559
1QT8,1789,C,-9.039409,1.079833,-10.008825,61,"['1784', '1790', '1796', '1797']",,"0.332149, -0.173069, 0.022520",-0.5295215150282526,1.4616513899861934,0.1772841009414417,Phenylalanine CB,Phenylalanine CB,114,PHE,114,A,7,28,7,1,10,47,11,2,13,62,16,2,24,97,20,3,30,130,28,3,0,0,0.0012579461
1QT8,1790,C,-7.894316,2.053434,-9.820605,63,"['1789', '1791', '1792']",,"-0.044586, 0.013186, 0.060981",-1.9777990773144607,1.6859845157653024,-0.2057699494306843,Phenylalanine CG,Phenylalanine CG,114,PHE,114,A,7,30,6,2,9,45,11,2,17,66,16,2,24,92,22,2,30,131,28,3,0,0,0.0050317845
1QT8,1791,C,-6.801616,2.037179,-10.7088,64,"['1790', '1793', '1798']",,"0.008766, 0.018063, -0.034531",-2.296885563198424,2.4885351050247846,-1.31808476064893,Phenylalanine CD,Phenylalanine CD,114,PHE,114,A,8,29,7,2,15,56,9,2,19,75,17,2,23,97,24,2,31,132,30,3,0,0,0.04277017
1QT8,1792,C,-7.843443,2.929166,-8.722986,64,"['1790', '1794', '1799']",,"-0.101717, -0.003504, 0.065195",-3.033357650595,1.1825621269977082,0.5730907980559774,Phenylalanine CD,Phenylalanine CD,114,PHE,114,A,5,23,5,2,10,43,10,2,16,66,14,2,24,90,22,2,27,119,29,2,0,0,0.028932761
1QT8,1793,C,-5.687569,2.856262,-10.49364,66,"['1791', '1795', '1800']",,"-0.029115, -0.040984, -0.039284",-3.62731527802693,2.7923051123288216,-1.6278783391198948,Phenylalanine CE,Phenylalanine CE,114,PHE,114,A,8,31,6,2,14,50,10,2,16,71,16,2,24,99,25,2,31,130,32,2,0,0,0.0075476766
1QT8,1794,C,-6.736437,3.757616,-8.510454,66,"['1792', '1795', '1801']",,"-0.030127, -0.058196, 0.112917",-4.365176684237288,1.474781716415738,0.2603172206097983,Phenylalanine CE,Phenylalanine CE,114,PHE,114,A,6,26,5,2,10,45,10,2,18,59,16,2,23,91,22,2,31,114,27,2,0,0,0.06918704
1QT8,1795,C,-5.654353,3.717887,-9.393402,68,"['1793', '1794', '1802']",,"-0.029582, -0.066082, 0.024379",-4.663226490739974,2.285006357436827,-0.8382198480078059,Phenylalanine CZ,Phenylalanine CZ,114,PHE,114,A,6,36,5,2,12,43,10,2,16,63,17,2,22,90,22,2,34,130,33,2,0,0,0.026416868
1QT8,1796,H,-8.73862,0.343187,-10.784908,62,['1789'],,"-0.070884, -0.049273, -0.002917",0.0964639019680887,2.14799512039596,-0.4330442665470131,Phenylalanine HB,Phenylalanine HB,114,PHE,114,A,9,33,10,1,10,47,13,1,17,72,15,3,23,104,20,3,32,134,29,3,0,0,0.0
1QT8,1797,H,-9.145231,0.473375,-9.077431,62,['1789'],,"-0.029749, -0.044014, 0.096254",-0.3825168568628659,1.8123713744015744,1.2269838235732768,Phenylalanine HB,Phenylalanine HB,114,PHE,114,A,7,30,6,1,10,46,10,2,12,76,17,2,21,102,22,2,34,131,28,3,0,0,0.0044244095
1QT8,1798,H,-6.796829,1.353648,-11.573661,65,['1791'],,"-0.045550, -0.022396, -0.029656",-1.4968375522308552,2.914625607331875,-1.9454539953437209,Phenylalanine HD,Phenylalanine HD,114,PHE,114,A,7,31,9,1,15,55,12,2,20,79,16,3,25,106,22,3,31,132,31,3,0,0,0.0061941734
1QT8,1799,H,-8.669867,2.956767,-7.99869,65,['1792'],,"-0.060100, 0.097053, 0.162813",-2.822298169463596,0.5672016316309988,1.459165566210213,Phenylalanine HD,Phenylalanine HD,114,PHE,114,A,5,22,7,2,9,38,9,2,16,66,13,2,22,88,18,2,28,116,30,2,0,0,0.0
1QT8,1800,H,-4.829042,2.804309,-11.182632,67,['1793'],,"0.029260, -0.021812, -0.026501",-3.853638699531501,3.4489860287402374,-2.4834632752317507,Phenylalanine HE,Phenylalanine HE,114,PHE,114,A,8,33,6,2,10,53,14,2,17,73,15,2,25,102,21,2,35,136,33,3,0,0,0.0
1QT8,1801,H,-6.703743,4.421553,-7.631365,67,['1794'],,"0.030168, 0.018802, 0.080901",-5.179286697031582,1.0902274247029216,0.8959441483900248,Phenylalanine HE,Phenylalanine HE,114,PHE,114,A,5,27,6,2,11,40,10,2,14,60,16,2,24,78,19,2,29,109,25,2,0,0,0.069020785
1QT8,1802,H,-4.775877,4.354005,-9.209169,69,['1795'],,"-0.062049, -0.013323, 0.017762",-5.710832698485004,2.531456207121412,-1.066455900973864,Phenylalanine HZ,Phenylalanine HZ,114,PHE,114,A,6,29,6,2,9,48,12,2,16,63,16,2,26,88,22,2,36,128,34,2,0,0,0.007963937
1QT8,1803,N,-12.623867,0.979912,-11.258827,7,"['1785', '1804', '1807']",,"-0.142269, 0.310332, 0.222903",-0.5881539563603755,-0.9847817782306284,-0.8907008482625107,Alanine N,Threonine N,115,THR,115,A,9,25,8,0,9,38,10,0,12,47,13,0,16,68,17,2,21,86,20,3,0,0,0.0
1QT8,1804,CA,-13.666284,0.047644,-11.650377,8,"['1803', '1805', '1808', '1809']",,"0.136832, 0.153449, 0.553865",0.0,0.0,0.0,Alanine CA,Threonine CA,115,THR,115,A,8,26,8,0,10,34,9,0,12,47,13,0,17,66,15,1,22,86,22,2,0,0,0.0
1QT8,1805,C,-13.293543,-0.833274,-12.850196,9,"['1804', '1806', '1817']",,"0.030094, 0.158896, 0.136024",1.5344438759909074,-1.1102230246251563e-16,1.1102230246251563e-16,Alanine C,Threonine C,115,THR,115,A,8,26,9,0,11,37,10,1,14,49,13,1,18,70,17,1,26,86,21,2,0,0,0.0
1QT8,1806,O,-13.579946,-2.031783,-12.843497,11,['1805'],,"-0.027213, 0.224381, 0.031504",2.147693039340284,1.0688408870090482,1.1102230246251563e-16,Alanine O,Threonine O,115,THR,115,A,9,25,9,0,12,36,11,1,16,56,14,1,21,73,16,1,26,90,22,1,0,0,0.0044644126
1QT8,1807,HN,-12.917629,1.960472,-11.179274,10,['1803'],,"-0.021307, 0.268913, 0.089293",-1.284653393942499,-1.6054682172504666,-0.4620289645126453,Alanine HN,Threonine HN,115,THR,115,A,8,24,8,0,9,32,9,0,11,43,12,0,14,59,15,0,19,78,20,3,0,0,0.0026546456
1QT8,1808,H,-13.811574,-0.669514,-10.805711,12,['1804'],,"-0.065522, -0.287651, 0.231813",-0.2840406684920569,1.011355331064166,-0.3812698855019596,Alanine HA,Threonine HA,115,THR,115,A,9,29,8,0,10,39,11,0,14,51,14,0,20,73,17,1,25,92,22,2,0,0,0.0008848819
1QT8,1809,C,-15.026885,0.778421,-11.887819,37,"['1804', '1810', '1811', '1812']",,"-0.552345, -0.149957, -0.143719",-0.5643862126073173,-0.1325209919289326,1.4510531341101682,Threonine CB,Threonine CB,115,THR,115,A,8,18,6,0,9,31,7,0,11,36,11,0,14,48,14,0,18,64,17,1,0,0,0.0
1QT8,1810,OH,-15.414722,1.394176,-10.658773,39,"['1809', '1813']",,"0.036453, 0.098166, -0.119416",-1.9731214493947,0.0969133967543789,1.3967325796844898,Threonine OG1,Threonine OG1,115,THR,115,A,6,19,5,0,9,26,6,0,9,38,10,0,13,47,15,0,18,60,17,0,0,0,0.0
1QT8,1811,C,-16.175689,-0.158011,-12.305564,41,"['1809', '1814', '1815', '1816']",,"-0.155190, -0.081984, 0.011379",0.0207976804087359,0.8869769507411333,2.445713961885685,Threonine CG2,Threonine CG2,115,THR,115,A,7,19,5,0,9,26,5,0,12,34,12,0,14,44,12,0,20,58,17,1,0,0,0.054091685
1QT8,1812,H,-14.879924,1.577161,-12.655917,38,['1809'],,"0.019806, 0.050116, 0.003095",-0.3866459085724919,-1.1743334307324589,1.81518619687824,Threonine HB,Threonine HB,115,THR,115,A,7,14,5,0,8,25,7,0,10,34,9,0,13,44,12,0,14,56,16,1,0,0,0.10530094
1QT8,1813,HO,-15.914469,2.176655,-10.876976,40,['1810'],,"-0.087531, 0.136444, -0.039655",-2.373117784611352,-0.4184518128363608,2.092458553912663,Threonine HG1,Threonine HG1,115,THR,115,A,5,12,4,0,8,20,5,0,9,29,8,0,11,40,11,0,16,52,15,0,0,0,0.16016363
1QT8,1814,H,-17.155527,0.371449,-12.321384,42,['1811'],,"-0.041103, 0.009928, 0.034560",-0.5088114609703885,0.8596037017302895,3.4252166585896084,Threonine HG2,Threonine HG2,115,THR,115,A,3,9,4,0,8,21,5,0,10,30,6,0,13,36,12,0,17,46,16,0,0,0,0.23360881
1QT8,1815,H,-16.27109,-1.029747,-11.61994,42,['1811'],,"0.021635, -0.012378, 0.017443",-0.0380227391329797,1.928077788105898,2.0561571899559388,Threonine HG2,Threonine HG2,115,THR,115,A,7,21,5,0,9,29,9,0,13,36,11,0,16,50,14,0,21,68,17,1,0,0,0.104416065
1QT8,1816,H,-16.005025,-0.560796,-13.329155,42,['1811'],,"0.036175, 0.039211, 0.015331",1.093862640585067,0.6708077697227876,2.6479587858531346,Threonine HG2,Threonine HG2,115,THR,115,A,7,18,5,0,10,25,7,0,12,33,11,0,16,46,13,1,20,55,14,1,0,0,0.07963937
1QT8,1817,N,-12.708458,-0.232917,-13.918565,7,"['1805', '1818', '1821']",,"-0.064240, 0.116816, 0.049654",-0.5527555336041141,-0.932015761756811,-0.9753638436552312,Alanine N,Asparagine N,116,ASN,116,A,7,26,6,0,10,35,10,1,13,48,11,1,20,65,17,1,24,85,20,1,0,0,0.0
1QT8,1818,CA,-12.371373,-0.96878,-15.131168,8,"['1817', '1819', '1822', '1823']",,"-0.299708, 0.137555, -0.193650",0.0,0.0,0.0,Alanine CA,Asparagine CA,116,ASN,116,A,7,25,6,1,11,34,8,1,15,50,13,1,21,66,17,1,27,95,24,1,0,0,0.0
1QT8,1819,C,-11.244766,-1.980635,-14.902083,9,"['1818', '1820', '1831']",,"0.041440, 0.259376, 0.016700",1.5315266274861177,-1.3877787807814457e-17,0.0,Alanine C,Asparagine C,116,ASN,116,A,7,31,7,1,14,45,11,1,16,58,16,1,26,81,22,1,32,106,27,2,0,0,0.0
1QT8,1820,O,-11.358323,-3.128724,-15.339235,11,['1819'],,"0.024875, 0.263333, 0.083019",2.1411278589113034,1.0726097864176416,-5.551115123125783e-17,Alanine O,Asparagine O,116,ASN,116,A,11,31,9,1,14,47,12,1,20,64,16,1,25,81,22,1,32,105,28,2,0,0,0.0
1QT8,1821,HN,-12.532436,0.78055,-13.916622,10,['1817'],,"-0.003018, 0.088329, 0.050443",-1.0925626169017857,-1.729436388785908,-0.6136574209417511,Alanine HN,Asparagine HN,116,ASN,116,A,6,24,6,0,9,35,9,1,12,45,11,1,16,61,15,1,24,81,21,1,0,0,0.02389181
1QT8,1822,H,-13.258053,-1.595861,-15.402285,12,['1818'],,"-0.290079, -0.300407, -0.071860",-0.2785022994671156,1.0338598589208816,-0.3263536302136439,Alanine HA,Asparagine HA,116,ASN,116,A,8,25,6,1,12,29,7,1,14,41,14,1,22,60,16,1,25,83,21,1,0,0,0.0
1QT8,1823,C,-12.040894,-0.050124,-16.33734,147,"['1818', '1824', '1827', '1828']",,"0.172649, 0.195698, -0.127475",-0.5442560447774891,-0.2173832440171788,1.4368458484836617,Asparagine CB,Asparagine CB,116,ASN,116,A,6,21,5,1,12,31,7,1,15,42,11,1,19,61,18,1,27,83,21,1,0,0,0.0
1QT8,1824,C,-13.203221,0.84133,-16.758614,149,"['1823', '1825', '1826']",,"0.249219, 0.209224, 0.084842",-2.0512592104602363,-0.0203371275084467,1.55208628718469,Asparagine CG,Asparagine CG,116,ASN,116,A,4,15,3,1,10,22,6,1,12,32,6,1,16,44,12,1,20,61,18,1,0,0,0.037738383
1QT8,1825,O,-14.308981,0.35323,-17.018056,150,['1824'],,"0.380885, 0.091614, 0.150718",-2.5809952181989293,1.0259821912813445,1.1611226262181755,Asparagine OD1,Asparagine OD1,116,ASN,116,A,5,12,3,0,8,19,4,1,11,27,6,1,15,37,11,1,20,51,16,1,0,0,0.30246395
1QT8,1826,N,-12.942701,2.165504,-16.790874,151,"['1824', '1829', '1830']",,"0.023643, 0.251802, -0.052368",-2.739303864936576,-1.0610866107758388,2.067627970078702,Asparagine ND2,Asparagine ND2,116,ASN,116,A,3,10,4,0,6,20,5,1,12,27,7,1,12,42,10,1,19,59,15,1,0,0,0.0831583
1QT8,1827,H,-11.774989,-0.683272,-17.211016,148,['1823'],,"0.057013, 0.043292, 0.088836",-0.0610268771398488,0.5136067256018717,2.12024532738716,Asparagine HB,Asparagine HB,116,ASN,116,A,7,21,5,1,12,30,8,1,17,44,13,1,21,65,16,1,27,83,23,1,0,0,0.024776693
1QT8,1828,H,-11.114485,0.539303,-16.132211,148,['1823'],,"0.229238, 0.028899, -0.045339",-0.2215217381893524,-1.2133900665088282,1.826138421174384,Asparagine HB,Asparagine HB,116,ASN,116,A,8,19,6,1,10,33,9,1,15,51,13,1,21,68,18,1,27,80,23,1,0,0,0.0044244095
1QT8,1829,HN,-11.991966,2.530236,-16.647556,152,['1826'],,"0.058874, 0.070167, -0.030936",-2.259468386319237,-1.8832564918384849,2.4565509975616524,Asparagine HD2,Asparagine HD2,116,ASN,116,A,4,13,5,0,6,20,6,1,9,32,7,1,15,51,12,1,18,63,15,1,0,0,0.17520662
1QT8,1830,HN,-13.686134,2.830249,-17.043145,152,['1826'],,"0.001758, 0.151905, -0.013296",-3.763101850358944,-1.0092272259217447,2.153462037922746,Asparagine HD2,Asparagine HD2,116,ASN,116,A,3,6,3,0,4,12,4,0,7,20,6,1,12,34,8,1,17,47,12,1,0,0,0.2990901
1QT8,1831,N,-10.161791,-1.573164,-14.189201,7,"['1819', '1832', '1835']",,"0.161051, 0.326902, -0.015015",-0.5311134595302023,-0.895978937469969,-1.0156158248127305,Alanine N,Serine N,117,SER,117,A,11,40,8,1,12,51,13,1,19,66,19,1,26,88,24,2,34,127,27,2,0,0,0.0
1QT8,1832,CA,-9.049974,-2.444881,-13.842347,8,"['1831', '1833', '1836', '1837']",,"0.090936, 0.339283, -0.552906",0.0,0.0,0.0,Alanine CA,Serine CA,117,SER,117,A,13,43,10,1,14,56,16,1,17,73,20,2,29,111,24,2,34,148,31,2,0,0,0.0
1QT8,1833,C,-9.52476,-3.67104,-13.056467,9,"['1832', '1834', '1842']",,"-0.097993, 0.232895, 0.132254",1.5318273445388684,0.0,5.551115123125783e-17,Alanine C,Serine C,117,SER,117,A,9,42,8,1,15,55,15,1,19,85,18,2,29,115,27,2,37,150,34,2,0,0,0.0
1QT8,1834,O,-9.154176,-4.798282,-13.382308,11,['1833'],,"-0.023299, 0.364521, 0.086390",2.1521047581530177,1.0627489426299817,0.0,Alanine O,Serine O,117,SER,117,A,10,41,10,1,16,68,13,1,23,93,19,2,29,118,29,2,38,148,35,2,0,0,0.0
1QT8,1835,HN,-10.024697,-0.582591,-13.953224,10,['1831'],,"0.091525, 0.128383, 0.024066",-1.2454503005143296,-1.5542855159933318,-0.6808470927308925,Alanine HN,Serine HN,117,SER,117,A,10,38,9,1,12,51,13,1,17,64,18,1,25,85,21,2,28,117,28,2,0,0,0.005309291
1QT8,1836,H,-8.609087,-2.836659,-14.792155,12,['1832'],,"0.145714, -0.169242, -0.304082",-0.3103352131784181,1.0416332134438353,-0.2621047291240161,Alanine HA,Serine HA,117,SER,117,A,12,43,11,1,16,55,16,1,21,79,22,2,29,114,24,2,34,143,32,2,0,0,0.0
1QT8,1837,C,-7.939619,-1.746477,-13.014075,33,"['1832', '1838', '1839', '1840']",,"0.278841, -0.005932, 0.152737",-0.4782607925872615,-0.3284135318706583,1.438784919848358,Serine CB,Serine CB,117,SER,117,A,12,45,9,2,15,59,14,2,18,85,19,2,23,116,24,2,35,147,31,3,0,0,0.0
1QT8,1838,OH,-7.571418,-0.519883,-13.62543,35,"['1837', '1841']",,"0.070056, -0.080465, -0.039712",-1.8878632700009368,-0.4908881897775796,1.4607529527429552,Serine OG,Serine OG,117,SER,117,A,11,41,11,1,17,59,15,2,19,84,17,2,24,111,23,2,29,136,29,3,0,0,0.014509341
1QT8,1839,H,-7.046968,-2.408931,-12.927345,34,['1837'],,"0.009191, -0.017741, 0.008624",-0.180175560901144,0.4849417102771743,2.140776121743563,Serine HB,Serine HB,117,SER,117,A,12,44,10,2,14,67,13,2,17,89,22,2,27,127,27,2,36,159,33,3,0,0,0.0
1QT8,1840,H,-8.278684,-1.530077,-11.975741,34,['1837'],,"-0.014446, -0.043312, 0.014870",-0.0136859604776866,-1.2656850331531246,1.8203919009625324,Serine HB,Serine HB,117,SER,117,A,8,43,10,2,15,62,10,2,19,87,19,2,22,114,24,3,30,155,33,3,0,0,0.0044244095
1QT8,1841,HO,-6.670017,-0.592375,-13.916574,36,['1838'],,"0.030199, -0.005552, -0.034102",-2.258590496997237,0.2059661312786226,1.9894296592375151,Serine HG,Serine HG,117,SER,117,A,11,41,10,1,17,65,12,2,18,87,18,2,24,111,24,2,32,139,29,3,0,0,0.0
1QT8,1842,N,-10.371556,-3.434249,-12.019584,7,"['1833', '1843', '1846']",,"-0.019341, 0.287418, 0.178345",-0.5547300150781559,-0.8843408759176241,-1.0104798409333249,Alanine N,Leucine N,118,LEU,118,A,8,39,10,1,10,57,14,1,21,81,18,2,28,109,24,2,35,135,30,2,0,0,0.0
1QT8,1843,CA,-10.934564,-4.450989,-11.147738,8,"['1842', '1844', '1847', '1848']",,"0.160109, 0.357349, 0.413857",0.0,0.0,0.0,Alanine CA,Leucine CA,118,LEU,118,A,7,36,10,0,11,52,12,1,22,87,18,2,28,114,24,2,37,142,33,2,0,0,0.0
1QT8,1844,C,-11.708824,-5.520275,-11.92119,9,"['1843', '1845', '1861']",,"-0.051888, 0.268831, 0.072362",1.5300585262335549,0.0,0.0,Alanine C,Leucine C,118,LEU,118,A,10,34,8,0,13,45,12,1,18,73,20,1,29,107,23,2,38,137,29,2,0,0,0.0
1QT8,1845,O,-11.49512,-6.711455,-11.700479,11,['1844'],,"-0.112697, 0.344075, 0.049741",2.142806508087479,1.0666922931525018,0.0,Alanine O,Leucine O,118,LEU,118,A,11,36,10,0,14,48,13,1,16,79,18,1,29,114,23,2,38,142,32,2,0,0,0.0
1QT8,1846,HN,-10.626287,-2.463216,-11.792357,10,['1842'],,"-0.066696, 0.312833, 0.065420",-1.2193014210393844,-1.5909606210915692,-0.6663018911921719,Alanine HN,Leucine HN,118,LEU,118,A,7,36,9,0,12,60,14,2,15,75,17,2,24,96,21,2,31,124,30,2,0,0,0.0
1QT8,1847,H,-10.090813,-5.00921,-10.676402,12,['1843'],,"0.234284, -0.260357, 0.119441",-0.2751139996992146,1.047967862570503,-0.2678800215150667,Alanine HA,Leucine HA,118,LEU,118,A,7,36,9,0,11,60,13,2,18,94,17,2,29,124,25,2,38,159,37,2,0,0,0.0
1QT8,1848,C,-11.846283,-3.840467,-10.042355,19,"['1843', '1849', '1852', '1853']",,"-0.124991, 0.067330, 0.278076",-0.5240817607427893,-0.3346601141613091,1.4279989986622108,Leucine CB,Leucine CB,118,LEU,118,A,8,39,9,0,14,63,11,0,18,78,17,2,24,107,25,2,32,130,30,2,0,0,0.0012579461
1QT8,1849,C,-11.12357,-2.947319,-8.990546,21,"['1848', '1850', '1851', '1854']",,"0.035401, 0.037031, -0.039927",-2.045672049257428,-0.0955622781273406,1.660216184623565,Leucine CG,Leucine CG,118,LEU,118,A,9,42,8,0,14,59,12,1,18,83,17,1,24,113,25,2,33,141,34,3,0,0,0.0
1QT8,1850,C,-12.183179,-2.278103,-8.077277,23,"['1849', '1855', '1856', '1857']",,"0.043555, -0.002918, 0.032733",-2.4388205201886484,-0.6403585178259203,3.057825890840837,Leucine CD,Leucine CD,118,LEU,118,A,10,39,9,0,13,52,14,0,19,74,16,1,24,103,25,1,28,134,28,2,0,0,0.0025158923
1QT8,1851,C,-10.130725,-3.755213,-8.119957,23,"['1849', '1858', '1859', '1860']",,"-0.046035, -0.006430, -0.026913",-2.423572122575107,1.4027406618174632,1.567270227631055,Leucine CD,Leucine CD,118,LEU,118,A,8,40,8,1,15,67,11,1,19,93,18,1,26,125,30,1,36,159,35,3,0,0,0.0075476766
1QT8,1852,H,-12.381423,-4.670285,-9.525247,20,['1848'],,"-0.039249, -0.033789, 0.009121",0.0652369052246075,0.2532588679607184,2.169233237476776,Leucine HB,Leucine HB,118,LEU,118,A,10,41,10,0,16,60,13,0,19,80,19,0,25,99,25,2,32,135,31,2,0,0,0.027431339
1QT8,1853,H,-12.656955,-3.252476,-10.538795,20,['1848'],,"-0.031880, -0.004044, -0.027613",-0.2738214846757089,-1.4001625310272927,1.6548239865726613,Leucine HB,Leucine HB,118,LEU,118,A,9,34,9,0,14,55,11,0,19,68,15,1,24,94,24,2,29,118,28,2,0,0,0.029201102
1QT8,1854,H,-10.550831,-2.144264,-9.517013,22,['1849'],,"0.012824, 0.085390, -0.026220",-2.63058262453394,-0.6505308730215246,0.8856296659919309,Leucine HG,Leucine HG,118,LEU,118,A,7,37,8,1,13,60,11,1,16,84,17,1,23,106,25,2,33,136,31,3,0,0,0.0
1QT8,1855,H,-11.704856,-1.585462,-7.348931,24,['1850'],,"0.062994, 0.039143, -0.009954",-3.533104387106838,-0.5387044253162958,3.234578845567542,Leucine HD,Leucine HD,118,LEU,118,A,9,39,11,0,13,54,13,1,17,71,18,1,25,111,22,2,31,134,31,2,0,0,0.0
1QT8,1856,H,-12.769481,-3.026936,-7.495498,24,['1850'],,"-0.012325, -0.034832, 0.001291",-1.912900312004946,-0.1033261489810641,3.881216364049565,Leucine HD,Leucine HD,118,LEU,118,A,10,36,8,0,15,55,14,0,21,77,20,1,23,105,23,1,31,130,31,1,0,0,0.009733701
1QT8,1857,H,-12.908099,-1.672503,-8.665917,24,['1850'],,"0.048285, -0.026823, 0.016176",-2.197652135742372,-1.72219972262728,3.158894352477068,Leucine HD,Leucine HD,118,LEU,118,A,9,37,7,0,11,47,14,0,17,66,17,1,24,90,21,1,26,116,27,2,0,0,0.0026546456
1QT8,1858,H,-9.629231,-3.103207,-7.370092,24,['1851'],,"-0.054495, -0.011326, 0.006260",-3.5120613454257734,1.5555380489634767,1.7426262783287778,Leucine HD,Leucine HD,118,LEU,118,A,7,44,8,1,13,62,11,1,21,98,18,1,27,131,30,2,38,168,39,2,0,0,0.0017697638
1QT8,1859,H,-9.323569,-4.21969,-8.72931,24,['1851'],,"0.012449, 0.008641, -0.005507",-2.1993875965998955,1.8282698005959288,0.5636682044975192,Leucine HD,Leucine HD,118,LEU,118,A,7,42,6,1,13,68,13,1,16,93,20,1,27,133,27,2,37,171,39,3,0,0,0.015927874
1QT8,1860,H,-10.631583,-4.570391,-7.55269,24,['1851'],,"-0.010745, -0.010589, 0.009012",-1.8871881031191573,2.021965360134692,2.319612379715607,Leucine HD,Leucine HD,118,LEU,118,A,8,36,8,0,17,69,14,1,21,98,21,1,27,126,30,1,37,162,35,1,0,0,0.0
1QT8,1861,N,-12.578853,-5.091369,-12.871339,7,"['1844', '1862', '1865']",,"-0.135118, 0.287023, 0.063564",-0.5383084809511649,-0.9565792156047016,-0.9563456435003732,Alanine N,Arginine N,119,ARG,119,A,10,36,9,1,10,46,13,1,15,55,18,1,22,91,23,1,31,121,27,2,0,0,0.0056957738
1QT8,1862,CA,-13.344293,-5.975886,-13.738027,8,"['1861', '1863', '1866', '1867']",,"-0.390707, 0.319298, 0.443570",0.0,0.0,0.0,Alanine CA,Arginine CA,119,ARG,119,A,9,34,10,1,11,43,11,1,16,52,15,1,21,74,21,1,27,101,26,1,0,0,0.0
1QT8,1863,C,-12.431831,-6.908096,-14.545325,9,"['1862', '1864', '1885']",,"0.000883, 0.237713, 0.087685",1.5340575107693966,2.775557561562892e-17,0.0,Alanine C,Arginine C,119,ARG,119,A,11,33,9,1,13,48,13,1,18,63,18,1,22,78,22,1,29,100,25,1,0,0,0.0
1QT8,1864,O,-12.691044,-8.10642,-14.651507,11,['1863'],,"0.005307, 0.290602, 0.055760",2.1639479243206887,1.0572059744369509,0.0,Alanine O,Arginine O,119,ARG,119,A,10,29,10,1,13,46,11,1,17,59,16,1,19,78,22,1,28,96,24,1,0,0,0.0
1QT8,1865,HN,-12.745186,-4.082389,-12.992734,10,['1861'],,"-0.045602, 0.256183, -0.011597",-1.1864926852299793,-1.6610722956850217,-0.5768844587180757,Alanine HN,Arginine HN,119,ARG,119,A,8,36,9,1,12,45,12,1,16,59,17,1,23,79,22,1,29,114,26,2,0,0,0.0
1QT8,1866,H,-13.950469,-6.651907,-13.083941,12,['1862'],,"-0.198041, -0.305207, 0.246586",-0.2939663900239463,1.0243371356268725,-0.3414665795140487,Alanine HA,Arginine HA,119,ARG,119,A,9,32,9,0,12,39,11,1,14,54,15,1,21,75,18,1,30,95,27,1,0,0,0.02389181
1QT8,1867,C,-14.305648,-5.155625,-14.658271,202,"['1862', '1868', '1874', '1875']",,"-0.189496, 0.097287, -0.028845",-0.5859912459586609,-0.2524759779463223,1.4271477512513768,Arginine CB,Arginine CB,119,ARG,119,A,8,26,9,1,11,36,10,1,14,49,12,1,21,59,18,1,21,81,24,1,0,0,0.0
1QT8,1868,C,-15.179999,-5.966588,-15.64398,204,"['1867', '1869', '1876', '1877']",,"0.203072, -0.126192, 0.216578",-0.094525538149657,0.687297926948651,2.5536730980488884,Arginine CG,Arginine CG,119,ARG,119,A,8,21,8,0,11,30,9,1,15,40,14,1,18,55,15,1,20,68,19,1,0,0,0.0
1QT8,1869,C,-15.984238,-5.062405,-16.609091,206,"['1868', '1870', '1878', '1879']",,"0.026064, 0.063135, 0.297143",-0.61444984031612,0.2663182444293265,3.949467257605964,Arginine CD,Arginine CD,119,ARG,119,A,3,14,5,0,10,23,8,1,14,29,11,1,16,41,13,1,19,56,17,1,0,0,0.0
1QT8,1870,N,-16.887992,-5.868424,-17.425572,208,"['1869', '1871', '1880']",,"0.074662, 0.111047, 0.046331",-0.2325337362150727,1.2559711747422833,4.953362825476077,Arginine NE,Arginine NE,119,ARG,119,A,2,5,4,0,6,17,5,0,13,27,8,1,13,34,11,1,17,43,16,1,0,0,0.018226476
1QT8,1871,C,-17.146049,-5.716026,-18.737554,210,"['1870', '1872', '1873']",,"-0.171209, -0.017241, -0.109112",0.2117953022576335,1.0135395322045828,6.200324708712046,Arginine CZ,Arginine CZ,119,ARG,119,A,3,2,2,0,5,12,4,0,7,18,5,1,13,30,9,1,16,38,13,1,0,0,0.060381413
1QT8,1872,N,-16.685468,-4.708627,-19.487801,211,"['1871', '1881', '1882']",,"-0.131238, 0.012194, -0.028695",0.2683956191482655,-0.1996282734081769,6.761465014984557,Arginine NH,Arginine NH,119,ARG,119,A,2,3,3,0,5,12,4,1,8,16,5,1,12,26,10,1,14,37,14,1,0,0,0.11391548
1QT8,1873,N,-17.848193,-6.684332,-19.333049,211,"['1871', '1883', '1884']",,"-0.047673, 0.029027, -0.100549",0.695953643798227,2.0545980870570126,6.883716826812795,Arginine NH,Arginine NH,119,ARG,119,A,2,2,1,0,5,5,1,0,5,11,3,0,7,24,8,1,14,30,12,1,0,0,0.10024562
1QT8,1874,H,-13.695857,-4.411682,-15.227247,203,['1867'],,"0.059855, 0.001283, 0.019774",-0.3759383659343739,-1.3132397448616573,1.7094383070606214,Arginine HB,Arginine HB,119,ARG,119,A,9,25,10,1,10,39,10,1,16,51,14,1,20,65,19,1,26,79,23,1,0,0,0.0
1QT8,1875,H,-14.989773,-4.5555,-14.007386,203,['1867'],,"-0.059121, 0.008868, 0.046746",-1.7001207611375213,-0.1665351723534466,1.370952415000382,Arginine HB,Arginine HB,119,ARG,119,A,8,24,8,0,11,35,9,1,12,42,13,1,18,58,16,1,23,76,24,1,0,0,0.07786961
1QT8,1876,H,-15.868669,-6.618478,-15.053199,205,['1868'],,"-0.010547, -0.044139, 0.077437",-0.4189091710216875,1.7289903768740849,2.31304635503371,Arginine HG,Arginine HG,119,ARG,119,A,6,18,5,0,9,27,9,0,12,35,12,1,17,49,15,1,19,70,18,1,0,0,0.11768929
1QT8,1877,H,-14.534789,-6.658572,-16.232409,205,['1868'],,"-0.002455, -0.074463, -0.025639",1.019410252722317,0.7088616597815169,2.5619524481286566,Arginine HG,Arginine HG,119,ARG,119,A,8,21,7,1,13,32,10,1,15,43,14,1,18,58,17,1,21,68,20,1,0,0,0.0
1QT8,1878,H,-15.270799,-4.489385,-17.241787,207,['1869'],,"0.125735, 0.047696, 0.079096",-0.2053483473015342,-0.738315185210593,4.19644700576392,Arginine HD,Arginine HD,119,ARG,119,A,4,13,4,1,9,23,7,1,14,33,11,1,17,46,15,1,18,58,18,1,0,0,0.03716504
1QT8,1879,H,-16.571665,-4.311223,-16.034351,207,['1869'],,"-0.122210, 0.171634, 0.131718",-1.722785497928622,0.1615252867194326,3.932690752246613,Arginine HD,Arginine HD,119,ARG,119,A,3,13,4,0,6,20,7,0,12,27,9,1,15,39,11,1,17,51,17,1,0,0,0.16812755
1QT8,1880,HN,-17.369436,-6.620117,-16.908794,209,['1870'],,"-0.043261, -0.076925, -0.021173",-0.3340667415610587,2.234636142830005,4.643853339785788,Arginine HE,Arginine HE,119,ARG,119,A,2,3,1,0,4,13,6,0,10,24,8,1,14,34,11,1,16,38,14,1,0,0,0.10884047
1QT8,1881,HN,-16.319789,-3.863345,-19.032638,212,['1872'],,"-0.094211, -0.033559, 0.029943",-0.2672846375090296,-0.9739529906893648,6.350534312835173,Arginine HH,Arginine HH,119,ARG,119,A,3,7,3,0,6,13,4,1,8,19,6,1,13,29,9,1,15,41,13,1,0,0,0.17255197
1QT8,1882,HN,-16.901744,-4.686721,-20.494641,212,['1872'],,"-0.061948, -0.048986, -0.031037",0.6562919596508805,-0.3014181221342364,7.710231172861727,Arginine HH,Arginine HH,119,ARG,119,A,2,1,2,0,5,8,3,0,7,13,5,1,8,18,6,1,12,28,10,1,0,0,0.25573087
1QT8,1883,HN,-18.195736,-7.488046,-18.795414,212,['1873'],,"0.027364, 0.049083, -0.018979",0.6947012701795634,2.997554485021479,6.475519096578785,Arginine HH,Arginine HH,119,ARG,119,A,1,2,1,0,5,5,1,0,6,8,3,0,7,23,10,1,12,28,12,1,0,0,0.19201937
1QT8,1884,HN,-18.072259,-6.605568,-20.334084,212,['1873'],,"-0.031175, 0.127896, -0.232580",1.0416103423088665,1.9148543498365305,7.842608659064682,Arginine HH,Arginine HH,119,ARG,119,A,2,2,1,0,4,3,1,0,5,8,2,0,6,15,5,1,8,24,10,1,0,0,0.2583855
1QT8,1885,N,-11.341499,-6.353634,-15.134901,7,"['1863', '1886', '1889']",,"-0.046959, 0.307067, 0.018177",-0.5700618552327585,-0.9938172702720176,-0.8990914514111799,Alanine N,Methionine N,120,MET,120,A,13,38,10,0,16,54,17,0,24,71,20,0,28,87,22,0,33,108,28,0,0,0,0.0
1QT8,1886,CA,-10.386872,-7.102949,-15.940024,8,"['1885', '1887', '1890', '1891']",,"-0.221394, 0.301614, -0.249767",0.0,0.0,0.0,Alanine CA,Methionine CA,120,MET,120,A,14,41,12,0,19,57,18,0,23,75,21,0,29,92,22,0,33,110,25,0,0,0,0.0
1QT8,1887,C,-9.599784,-8.139629,-15.128145,9,"['1886', '1888', '1902']",,"0.046542, 0.279413, 0.137336",1.5340666389648787,0.0,-5.551115123125783e-17,Alanine C,Methionine C,120,MET,120,A,12,44,10,0,17,59,16,0,23,82,22,0,32,104,23,0,39,124,28,0,0,0,0.0
1QT8,1888,O,-9.400508,-9.258151,-15.603269,11,['1887'],,"-0.025663, 0.272072, 0.174823",2.140724729046262,1.0716861321183588,-1.1102230246251563e-16,Alanine O,Methionine O,120,MET,120,A,11,46,11,0,18,58,16,0,21,71,19,0,28,96,24,0,36,114,30,0,0,0,0.0
1QT8,1889,HN,-11.12875,-5.357199,-14.982864,10,['1885'],,"0.028878, 0.255147, 0.065041",-1.053806423112635,-1.7878068030233616,-0.4554340266755909,Alanine HN,Methionine HN,120,MET,120,A,10,37,13,0,18,55,16,0,25,71,18,0,29,87,22,0,30,113,29,1,0,0,0.0
1QT8,1890,H,-10.961338,-7.714937,-16.677491,12,['1886'],,"-0.102008, -0.222239, -0.125967",-0.2714703097526484,1.0125377693480329,-0.386612480341118,Alanine HA,Methionine HA,120,MET,120,A,15,37,11,0,18,53,16,0,21,65,19,0,25,78,21,0,31,101,24,0,0,0,0.0
1QT8,1891,C,-9.404651,-6.180047,-16.721207,175,"['1886', '1892', '1895', '1896']",,"0.089760, 0.142405, -0.184980",-0.5331487791957144,-0.1324597779009327,1.4577242058820854,Methionine CB,Methionine CB,120,MET,120,A,15,45,13,0,23,59,17,0,25,77,23,0,28,94,25,0,33,116,27,0,0,0,0.0
1QT8,1892,C,-10.104751,-5.213837,-17.702814,177,"['1891', '1893', '1897', '1898']",,"0.102469, -0.127554, 0.186935",-2.064788240919772,0.0311387238770399,1.5784311487422396,Methionine CG,Methionine CG,120,MET,120,A,15,38,12,0,23,50,16,0,26,66,20,0,28,84,24,0,29,101,24,0,0,0,0.0012579461
1QT8,1893,S,-8.892604,-4.075328,-18.428437,179,"['1892', '1894']",,"-0.161524, -0.212740, -0.115646",-2.5962653013629486,-0.3091752790134985,3.279533833614113,Methionine SD,Methionine SD,120,MET,120,A,14,31,10,0,22,50,17,0,26,65,19,0,30,82,22,0,30,100,27,0,0,0,0.0
1QT8,1894,C,-10.01046,-2.9189,-19.251635,180,"['1893', '1899', '1900', '1901']",,"0.017689, -0.126987, -0.051069",-4.386952825383144,-0.3453760197925737,3.0413943769726908,Methionine CE,Methionine CE,120,MET,120,A,12,23,8,0,19,37,14,0,22,53,19,0,28,73,19,0,30,86,23,0,0,0,0.056607574
1QT8,1895,H,-8.673845,-6.815195,-17.281629,176,['1891'],,"0.096017, -0.105221, -0.018026",-0.0255704323023837,0.6274665803297447,2.103045336370846,Methionine HB,Methionine HB,120,MET,120,A,16,44,14,0,20,60,16,0,24,77,19,0,28,92,27,0,34,114,29,0,0,0,0.0
1QT8,1896,H,-8.802513,-5.597143,-15.981096,176,['1891'],,"0.053950, 0.019361, 0.135237",-0.2264272574302106,-1.1306241238654045,1.857350760445432,Methionine HB,Methionine HB,120,MET,120,A,18,41,12,0,21,66,17,0,26,83,24,0,30,108,25,0,35,124,30,1,0,0,0.0
1QT8,1897,H,-10.886715,-4.62731,-17.17101,178,['1892'],,"-0.034699, 0.075288, 0.040162",-2.580903233166942,-0.6700344058989589,0.8854097419308511,Methionine HG,Methionine HG,120,MET,120,A,13,34,12,0,22,48,14,0,26,64,19,0,28,82,24,0,31,96,25,0,0,0,0.0035395275
1QT8,1898,H,-10.624995,-5.781315,-18.507353,178,['1892'],,"0.001846, 0.035913, -0.014453",-2.374014074507474,1.0584120948965987,1.2800071088642484,Methionine HG,Methionine HG,120,MET,120,A,15,32,10,0,22,44,14,0,26,56,18,0,27,77,23,0,28,91,24,0,0,0,0.022122048
1QT8,1899,H,-9.402722,-2.110542,-19.712684,181,['1894'],,"0.022917, -0.057620, -0.005652",-4.865407455008788,-0.6008097555745344,4.011543379561085,Methionine HE,Methionine HE,120,MET,120,A,10,24,9,0,16,35,12,0,20,48,16,0,27,67,21,0,29,82,21,0,0,0,0.086718425
1QT8,1900,H,-10.709371,-2.488422,-18.501622,181,['1894'],,"0.059138, -0.083398, 0.015155",-4.639518509258805,-1.114167775579611,2.278847849778249,Methionine HE,Methionine HE,120,MET,120,A,11,23,8,0,18,35,12,0,22,54,17,0,27,71,20,0,31,88,23,0,0,0,0.02831622
1QT8,1901,H,-10.574588,-3.448523,-20.051582,181,['1894'],,"-0.017740, -0.032295, -0.092504",-4.741845477507016,0.6580430696210242,2.7160369400039484,Methionine HE,Methionine HE,120,MET,120,A,10,22,7,0,17,33,11,0,22,43,15,0,26,60,19,0,30,79,22,0,0,0,0.16812755
1QT8,1902,N,-9.173446,-7.775475,-13.891283,7,"['1887', '1903', '1906']",,"0.057558, 0.298540, 0.126731",-0.545580418840302,-0.9316468179183468,-0.979057337126207,Alanine N,Leucine N,121,LEU,121,A,11,42,11,1,13,68,16,1,22,90,20,1,34,113,24,1,38,133,35,2,0,0,0.0
1QT8,1903,CA,-8.477344,-8.650781,-12.956693,8,"['1902', '1904', '1907', '1908']",,"0.364082, 0.355607, -0.006978",0.0,0.0,0.0,Alanine CA,Leucine CA,121,LEU,121,A,9,48,10,0,16,74,14,1,24,90,21,1,31,114,28,2,42,140,37,2,0,0,0.0
1QT8,1904,C,-9.345542,-9.840855,-12.529199,9,"['1903', '1905', '1921']",,"-0.062399, 0.286978, 0.098389",1.533882333399794,-6.938893903907227e-17,0.0,Alanine C,Leucine C,121,LEU,121,A,11,46,10,0,18,66,15,0,22,83,19,1,30,104,26,1,37,133,35,2,0,0,0.0
1QT8,1905,O,-8.882041,-10.97831,-12.5208,11,['1904'],,"-0.026445, 0.185831, 0.139331",2.156378258795611,1.0588703509366049,5.551115123125783e-17,Alanine O,Leucine O,121,LEU,121,A,11,47,11,0,17,62,13,0,22,79,20,0,31,98,25,1,39,124,34,1,0,0,0.0
1QT8,1906,HN,-9.338595,-6.815933,-13.561062,10,['1902'],,"-0.035424, 0.315925, 0.082226",-1.1045388472431223,-1.7034690728437991,-0.5931858132672433,Alanine HN,Leucine HN,121,LEU,121,A,10,43,11,1,14,68,17,1,22,89,20,1,32,117,28,2,40,137,33,2,0,0,0.0
1QT8,1907,H,-7.608681,-9.10946,-13.486885,12,['1903'],,"0.254601, -0.257300, -0.162280",-0.2835702689866174,1.0354630711283463,-0.3057278534093871,Alanine HA,Leucine HA,121,LEU,121,A,11,48,10,0,19,72,13,1,23,91,21,1,32,114,28,1,41,140,39,2,0,0,0.0
1QT8,1908,C,-7.992869,-7.892422,-11.680283,19,"['1903', '1909', '1912', '1913']",,"0.155323, 0.142037, 0.162987",-0.5068615246078076,-0.2944692782227082,1.4475586777955665,Leucine CB,Leucine CB,121,LEU,121,A,7,48,8,0,16,76,15,1,23,97,19,2,34,124,33,2,46,167,44,2,0,0,0.0
1QT8,1909,C,-6.897209,-6.814392,-11.920454,21,"['1908', '1910', '1911', '1914']",,"-0.014052, 0.035403, -0.033192",-2.0303531937467567,-0.0791652497429108,1.6775998374292036,Leucine CG,Leucine CG,121,LEU,121,A,9,44,9,0,15,69,12,2,22,104,22,2,35,139,32,2,47,173,45,2,0,0,0.0
1QT8,1910,C,-6.68838,-5.991258,-10.623736,23,"['1909', '1915', '1916', '1917']",,"0.017887, 0.033234, 0.016661",-2.4257916926188248,-0.6292188463435864,3.0717684567853656,Leucine CD,Leucine CD,121,LEU,121,A,5,42,6,1,10,66,13,1,23,105,21,2,34,152,32,2,53,190,44,2,0,0,0.0037738383
1QT8,1911,C,-5.558817,-7.466076,-12.337408,23,"['1909', '1918', '1919', '1920']",,"-0.018320, 0.018117, 0.007911",-2.3984925183743515,1.419857256761928,1.5925070510681434,Leucine CD,Leucine CD,121,LEU,121,A,11,46,8,0,17,73,15,2,31,103,24,2,36,145,31,2,46,173,46,2,0,0,0.0
1QT8,1912,H,-7.622293,-8.637563,-10.938011,20,['1908'],,"-0.019163, 0.017476, -0.008607",0.0683823487591206,0.3358950316182271,2.1653781026327428,Leucine HB,Leucine HB,121,LEU,121,A,9,49,8,0,15,77,14,0,28,94,24,2,31,129,34,2,46,168,42,2,0,0,0.0
1QT8,1913,H,-8.881999,-7.420359,-11.193074,20,['1908'],,"-0.060016, 0.005995, 0.009518",-0.234070124503103,-1.3472728905498816,1.708245555965087,Leucine HB,Leucine HB,121,LEU,121,A,7,43,8,0,12,68,12,1,21,93,22,2,31,128,27,2,45,166,41,2,0,0,0.0
1QT8,1914,H,-7.224883,-6.119052,-12.731467,22,['1909'],,"-0.045820, 0.049754, -0.021046",-2.610399860793218,-0.6349747473500367,0.9009199043402848,Leucine HG,Leucine HG,121,LEU,121,A,8,41,9,1,13,71,13,2,21,107,22,2,34,136,30,2,45,167,42,2,0,0,0.0
1QT8,1915,H,-5.894791,-5.220459,-10.746869,24,['1910'],,"0.000668, 0.003347, 0.015912",-3.507321099619049,-0.4750039574424514,3.285282495775673,Leucine HD,Leucine HD,121,LEU,121,A,5,40,5,1,12,68,12,1,18,109,24,2,36,143,29,2,50,187,44,2,0,0,0.0
1QT8,1916,H,-6.391235,-6.629081,-9.760657,24,['1910'],,"0.030072, 0.001015, 0.001329",-1.8585793652627929,-0.1406003836961517,3.896111142960484,Leucine HD,Leucine HD,121,LEU,121,A,3,48,5,1,12,67,11,1,22,96,23,1,36,151,35,2,56,202,44,2,0,0,0.0
1QT8,1917,H,-7.612632,-5.444286,-10.330607,24,['1910'],,"0.028431, 0.021512, -0.005915",-2.245329694545957,-1.725125091620657,3.147713882870547,Leucine HD,Leucine HD,121,LEU,121,A,5,45,6,1,8,63,12,1,17,93,21,2,31,143,30,2,50,191,42,2,0,0,0.0017697638
1QT8,1918,H,-4.76591,-6.699346,-12.486203,24,['1911'],,"-0.008173, 0.002029, 0.012580",-3.4836309563709293,1.5800627456069056,1.7809881570185504,Leucine HD,Leucine HD,121,LEU,121,A,8,45,9,0,20,74,15,2,29,106,21,2,34,141,33,2,46,177,44,2,0,0,0.0
1QT8,1919,H,-5.648749,-8.016533,-13.299489,24,['1911'],,"0.001511, 0.000986, -0.000459",-2.1886462450773863,1.840803528609924,0.5848070451960345,Leucine HD,Leucine HD,121,LEU,121,A,14,53,8,0,19,72,16,1,25,96,23,2,35,135,33,2,43,165,43,2,0,0,0.0
1QT8,1920,H,-5.183231,-8.18459,-11.575223,24,['1911'],,"0.004563, 0.019269, 0.003475",-1.8411933619890648,2.034518877628864,2.334033805772571,Leucine HD,Leucine HD,121,LEU,121,A,7,47,10,0,19,74,15,1,32,110,23,2,36,140,35,2,46,176,46,2,0,0,0.0
1QT8,1921,N,-10.633715,-9.566626,-12.2215,7,"['1904', '1922', '1925']",,"-0.106610, 0.279766, 0.161229",-0.5576232688112882,-1.1487937898178242,-0.7017617518340664,Alanine N,Glutamine N,122,GLN,122,A,10,40,7,0,14,58,13,0,20,78,15,1,25,103,25,1,38,127,29,1,0,0,0.0
1QT8,1922,CA,-11.656643,-10.527812,-11.830501,8,"['1921', '1923', '1926', '1927']",,"0.121380, 0.323844, 0.490831",0.0,0.0,0.0,Alanine CA,Glutamine CA,122,GLN,122,A,11,40,10,0,13,49,11,0,17,68,18,0,22,88,20,1,31,111,26,1,0,0,0.0
1QT8,1923,C,-11.948561,-11.556509,-12.932823,9,"['1922', '1924', '1938']",,"0.016007, 0.188228, 0.138113",1.535756304957593,-1.1102230246251563e-16,1.214306433183765e-17,Alanine C,Glutamine C,122,GLN,122,A,8,30,9,0,11,48,11,0,17,60,13,0,23,76,17,1,29,93,24,1,0,0,0.0
1QT8,1924,O,-12.292963,-12.702756,-12.650176,11,['1923'],,"0.086939, 0.107598, -0.045772",2.1661362576465915,1.0559381442441682,8.500145032286355e-17,Alanine O,Glutamine O,122,GLN,122,A,9,25,9,0,11,39,10,0,13,55,12,0,20,69,16,0,24,85,21,1,0,0,0.11272642
1QT8,1925,HN,-10.938608,-8.584456,-12.21913,10,['1921'],,"-0.101855, 0.310740, 0.037485",-1.15925783666124,-1.7557189366079464,-0.129659505543432,Alanine HN,Glutamine HN,122,GLN,122,A,9,42,9,0,13,57,12,1,19,78,17,1,25,110,22,1,36,134,31,2,0,0,0.0
1QT8,1926,H,-11.285773,-11.102376,-10.948787,12,['1922'],,"0.104001, -0.293442, 0.268572",-0.3185037260670789,0.9288953880887812,-0.5299024997683808,Alanine HA,Glutamine HA,122,GLN,122,A,10,38,8,0,14,56,12,0,17,71,17,0,21,97,23,0,30,119,28,1,0,0,0.0
1QT8,1927,C,-12.945188,-9.736186,-11.475122,167,"['1922', '1928', '1932', '1933']",,"-0.441542, -0.088638, 0.319676",-0.5404085917608641,-0.0213193376286003,1.4563029267072547,Glutamine CB,Glutamine CB,122,GLN,122,A,8,29,9,0,14,45,13,0,16,64,16,0,22,85,20,1,29,108,23,1,0,0,0.0
1QT8,1928,C,-14.086779,-10.515209,-10.783146,169,"['1927', '1929', '1934', '1935']",,"-0.127642, 0.131303, 0.015118",-0.2982808433045323,1.237344789018462,2.320060068562104,Glutamine CG,Glutamine CG,122,GLN,122,A,8,26,7,0,13,36,12,0,15,58,16,0,18,75,19,0,25,97,24,0,0,0,0.0012579461
1QT8,1929,C,-15.115061,-9.562628,-10.158289,171,"['1928', '1930', '1931']",,"-0.422294, -0.117445, 0.160655",-1.189396709550506,1.2379175478906077,3.569513104256508,Glutamine CD,Glutamine CD,122,GLN,122,A,5,21,6,0,10,35,10,0,16,50,15,0,19,74,19,0,25,93,22,0,0,0,0.033964545
1QT8,1930,O,-14.851343,-8.367644,-10.005814,172,['1929'],,"-0.087090, -0.194892, -0.028724",-2.149403859879418,0.4686433505511385,3.65545523612486,Glutamine OE1,Glutamine OE1,122,GLN,122,A,8,24,7,0,10,39,13,0,17,62,15,0,23,81,20,0,26,97,25,0,0,0,0.11272642
1QT8,1931,N,-16.291818,-10.109195,-9.796298,173,"['1929', '1936', '1937']",,"-0.291213, -0.026421, 0.162906",-0.8594369767548852,2.114951797329444,4.537225616660732,Glutamine NE2,Glutamine NE2,122,GLN,122,A,4,15,5,0,6,26,10,0,15,43,10,0,18,59,18,0,20,80,21,0,0,0,0.07176675
1QT8,1932,H,-13.351328,-9.249697,-12.393964,168,['1927'],,"0.062083, 0.040974, -0.010084",-0.1295559383977234,-0.9081727433614892,1.9953604390836648,Glutamine HB,Glutamine HB,122,GLN,122,A,8,28,9,0,10,42,11,0,17,61,13,0,21,81,18,1,29,103,23,1,0,0,0.0044244095
1QT8,1933,H,-12.668655,-8.892775,-10.800119,168,['1927'],,"-0.066410, 0.085230, -0.007575",-1.642412846774313,-0.1884947395835162,1.4234293517196543,Glutamine HB,Glutamine HB,122,GLN,122,A,8,35,8,0,12,48,13,0,19,71,17,0,21,97,21,1,28,117,26,1,0,0,0.0
1QT8,1934,H,-13.681614,-11.152544,-9.964116,170,['1928'],,"-0.045639, -0.040062, 0.048476",-0.5362646565274853,2.15834598406607,1.7401590220768088,Glutamine HG,Glutamine HG,122,GLN,122,A,10,25,6,0,12,44,14,0,15,59,16,0,19,72,21,0,22,97,22,0,0,0,0.0044244095
1QT8,1935,H,-14.579321,-11.19714,-11.513052,170,['1928'],,"-0.013856, -0.051733, 0.007923",0.7760261192448129,1.3015213696288606,2.606654199835153,Glutamine HG,Glutamine HG,122,GLN,122,A,8,24,8,0,12,32,9,0,16,45,13,0,17,65,17,0,22,82,23,0,0,0,0.111495115
1QT8,1936,HN,-16.52933,-11.110474,-9.854529,174,['1931'],,"-0.176477, -0.082603, 0.112841",-0.1018063291677813,2.8114496675003746,4.480226019906855,Glutamine HE2,Glutamine HE2,122,GLN,122,A,3,10,4,0,6,23,7,0,11,35,13,0,17,52,16,0,20,71,20,0,0,0,0.23095417
1QT8,1937,HN,-16.964679,-9.456512,-9.365696,174,['1931'],,"-0.295438, 0.201391, 0.217659",-1.4777999692631418,2.110321545879899,5.362913739671925,Glutamine HE2,Glutamine HE2,122,GLN,122,A,2,11,5,0,5,22,8,0,12,38,11,0,17,59,16,0,22,76,23,0,0,0,0.18671007
1QT8,1938,N,-11.811241,-11.129579,-14.217168,7,"['1923', '1939', '1942']",,"-0.082974, 0.244039, 0.059775",-0.6098876916935044,-1.31317927885003,-0.1615729356937187,Alanine N,Glutamine N,123,GLN,123,A,8,30,8,0,11,48,11,0,17,58,13,1,24,74,16,1,31,92,25,1,0,0,0.0
1QT8,1939,CA,-11.942691,-11.929639,-15.427595,8,"['1938', '1940', '1943', '1944']",,"-0.481339, 0.125224, 0.237800",0.0,0.0,0.0,Alanine CA,Glutamine CA,123,GLN,123,A,7,27,6,0,11,37,9,0,15,51,14,1,21,67,15,1,27,79,18,1,0,0,0.0
1QT8,1940,C,-10.638021,-12.619254,-15.893141,9,"['1939', '1941', '1955']",,"-0.010373, 0.160146, 0.217598",1.5474061313181486,5.551115123125783e-17,-5.551115123125783e-17,Alanine C,Glutamine C,123,GLN,123,A,9,28,6,0,10,39,7,0,14,49,12,0,24,65,16,1,28,81,20,1,0,0,0.0
1QT8,1941,O,-10.672837,-13.4214,-16.830731,11,['1940'],,"-0.069769, 0.320282, 0.225934",2.1576142583892595,1.0730197616672157,-1.1102230246251563e-16,Alanine O,Glutamine O,123,GLN,123,A,8,23,6,0,10,31,6,0,11,42,10,0,20,55,13,1,24,68,17,1,0,0,0.19085364
1QT8,1942,HN,-11.596524,-10.138739,-14.39195,10,['1938'],,"0.020591, 0.226222, 0.013831",-0.8178448858167313,-1.7898740450306172,0.726082373827624,Alanine HN,Glutamine HN,123,GLN,123,A,8,34,9,0,12,49,11,1,20,63,15,1,26,79,17,1,29,99,23,1,0,0,0.0
1QT8,1943,H,-12.652913,-12.770145,-15.226598,12,['1939'],,"-0.213684, -0.328863, 0.083616",-0.2847042751063148,0.6376506050705537,-0.8738481566715948,Alanine HA,Glutamine HA,123,GLN,123,A,6,22,5,0,8,30,7,0,14,41,10,0,19,57,15,1,22,74,15,1,0,0,0.104416065
1QT8,1944,C,-12.496011,-11.044695,-16.593965,167,"['1939', '1945', '1949', '1950']",,"-0.437076, 0.026181, 0.025865",-0.5099965399954485,0.6655897743855983,1.321590581028027,Glutamine CB,Glutamine CB,123,GLN,123,A,9,25,7,0,13,31,11,0,16,48,12,1,19,63,13,1,23,74,18,1,0,0,0.0
1QT8,1945,C,-13.897146,-10.436399,-16.311404,169,"['1944', '1946', '1951', '1952']",,"0.185737, 0.003788, 0.060517",-2.0474429424918754,0.8837363948447233,1.3629988168641456,Glutamine CG,Glutamine CG,123,GLN,123,A,11,25,6,0,13,28,9,0,14,36,12,1,18,55,13,1,22,70,17,1,0,0,0.0025158923
1QT8,1946,C,-14.433573,-9.335682,-17.217561,171,"['1945', '1947', '1948']",,"0.249967, -0.041456, 0.065394",-2.717644113557145,1.2512100060706208,2.6806656504842152,Glutamine CD,Glutamine CD,123,GLN,123,A,12,19,4,0,13,25,9,1,14,36,13,1,18,46,14,1,20,66,15,1,0,0,0.033964545
1QT8,1947,O,-15.649859,-9.140018,-17.298342,172,['1946'],,"0.356831, 0.131262, -0.220056",-3.8060315636697672,1.8339368728259864,2.678726101099684,Glutamine OE1,Glutamine OE1,123,GLN,123,A,8,17,3,0,12,21,6,0,13,27,10,1,16,39,14,1,18,51,14,1,0,0,0.18862143
1QT8,1948,N,-13.55429,-8.59239,-17.919244,173,"['1946', '1953', '1954']",,"0.101426, 0.021368, -0.068417",-2.096440323877728,0.9268781800854,3.832575083635548,Glutamine NE2,Glutamine NE2,123,GLN,123,A,12,21,6,1,12,30,10,1,17,43,13,1,19,50,15,1,22,70,19,1,0,0,0.006834929
1QT8,1949,H,-12.548941,-11.652464,-17.527979,168,['1944'],,"0.093792, -0.077659, 0.035388",-0.0027625943664566,1.649323933973437,1.4614037496447534,Glutamine HB,Glutamine HB,123,GLN,123,A,8,22,5,0,11,28,9,0,15,42,12,1,18,55,12,1,21,67,16,1,0,0,0.069020785
1QT8,1950,H,-11.74313,-10.246285,-16.780205,168,['1944'],,"0.059141, -0.104676, 0.057422",-0.175004310955728,0.0165319129165912,2.1615178188345388,Glutamine HB,Glutamine HB,123,GLN,123,A,11,27,9,1,14,41,12,1,19,55,12,1,21,66,15,1,25,79,23,1,0,0,0.0
1QT8,1951,H,-13.91713,-10.002048,-15.285672,170,['1945'],,"0.035312, 0.118101, 0.140223",-2.5664617724953835,-0.0414317590655691,1.0226025354904942,Glutamine HG,Glutamine HG,123,GLN,123,A,10,22,6,0,13,29,8,0,14,43,12,1,20,62,15,1,24,79,19,1,0,0,0.02300693
1QT8,1952,H,-14.650655,-11.257493,-16.293353,170,['1945'],,"-0.041732, -0.038595, 0.036765",-2.322254713273576,1.6625099140065829,0.6144754003900308,Glutamine HG,Glutamine HG,123,GLN,123,A,9,17,5,0,13,27,6,0,13,31,10,0,16,42,13,1,19,63,16,1,0,0,0.18847984
1QT8,1953,HN,-12.544211,-8.657113,-17.757193,174,['1948'],,"-0.006966, -0.033387, 0.012531",-1.2647184509440408,0.3279046277956263,3.845938814852872,Glutamine HE2,Glutamine HE2,123,GLN,123,A,12,27,10,1,14,36,11,1,18,46,14,1,20,64,18,1,25,77,20,1,0,0,0.0
1QT8,1954,HN,-13.922233,-7.89875,-18.582111,174,['1948'],,"0.007908, -0.010975, -0.066643",-2.5163647696174354,1.2382876657830506,4.717221200806549,Glutamine HE2,Glutamine HE2,123,GLN,123,A,9,16,4,1,12,26,9,1,15,41,13,1,19,49,16,1,21,61,18,1,0,0,0.06194173
1QT8,1955,N,-9.485423,-12.32857,-15.235195,7,"['1940', '1956', '1959']",,"0.012767, 0.126255, 0.306481",-0.6410755898898459,-1.2130060401463003,0.4853430097075499,Alanine N,Lysine N,124,LYS,124,A,9,34,7,0,9,41,10,0,18,58,16,1,24,77,20,1,30,91,24,1,0,0,0.0
1QT8,1956,CA,-8.149659,-12.869516,-15.437757,8,"['1955', '1957', '1960', '1961']",,"-0.150437, -0.252412, 0.413228",0.0,0.0,0.0,Alanine CA,Lysine CA,124,LYS,124,A,7,31,6,0,13,39,10,0,17,55,15,0,23,77,18,1,28,95,29,1,0,0,0.0
1QT8,1957,C,-7.449832,-12.473841,-16.750019,9,"['1956', '1958', '1977']",,"-0.094706, 0.043161, 0.090275",1.538943823600461,0.0,1.1102230246251563e-16,Alanine C,Lysine C,124,LYS,124,A,8,30,6,0,15,45,10,0,18,54,15,1,22,70,22,1,26,90,26,1,0,0,0.0012579461
1QT8,1958,O,-6.534394,-13.159727,-17.201205,11,['1957'],,"-0.133656, 0.029607, 0.006942",2.163615441995793,1.0591602865512646,1.1102230246251563e-16,Alanine O,Lysine O,124,LYS,124,A,8,23,5,0,13,38,10,0,17,51,14,0,21,64,21,1,25,81,24,1,0,0,0.12835187
1QT8,1959,HN,-9.494215,-11.637029,-14.476519,10,['1955'],,"-0.001988, 0.163638, 0.209791",-1.1141981741941525,-1.7125759043489417,-0.27654969791129,Alanine HN,Lysine HN,124,LYS,124,A,8,38,8,0,12,49,12,0,20,63,15,1,27,84,21,1,31,103,29,1,0,0,0.0
1QT8,1960,H,-7.49899,-12.373982,-14.676473,12,['1956'],,"0.284142, 0.157067, 0.259667",-0.2258548423696321,0.0503905996638561,-1.093127530993848,Alanine HA,Lysine HA,124,LYS,124,A,9,35,7,0,15,48,13,0,18,66,14,0,26,89,24,1,32,105,34,1,0,0,0.0
1QT8,1961,C,-8.088171,-14.40442,-15.169422,182,"['1956', '1962', '1966', '1967']",,"0.144816, -0.148210, -0.091780",-0.5954850250803696,1.2840088823131253,0.6545483256651315,Lysine CB,Lysine CB,124,LYS,124,A,6,24,5,0,9,35,8,0,15,46,11,0,19,62,19,0,26,86,25,1,0,0,0.0012579461
1QT8,1962,C,-8.734423,-14.828832,-13.82486,184,"['1961', '1963', '1968', '1969']",,"-0.019675, 0.143053, -0.209332",-2.1449967091190034,1.3413968265994494,0.6180198440329974,Lysine CG,Lysine CG,124,LYS,124,A,6,23,5,0,11,36,8,0,14,48,12,0,17,60,21,0,26,82,23,0,0,0,0.0
1QT8,1963,C,-8.321155,-16.25535,-13.392003,186,"['1962', '1964', '1970', '1971']",,"0.047278, -0.074049, -0.549012",-2.6929330175251,2.761135857200668,0.895897719213461,Lysine CD,Lysine CD,124,LYS,124,A,5,18,5,0,10,28,6,0,12,41,10,0,12,50,16,0,23,69,22,0,0,0,0.0050317845
1QT8,1964,C,-8.786267,-16.663037,-11.977952,188,"['1963', '1965', '1972', '1973']",,"0.112747, 0.143037, 0.042559",-4.215025537595632,2.918480871091368,0.694514998844814,Lysine CE,Lysine CE,124,LYS,124,A,5,17,6,0,9,27,8,0,10,37,13,0,16,53,15,0,22,68,20,0,0,0,0.010063569
1QT8,1965,N,-8.359818,-15.73404,-10.943339,190,"['1964', '1974', '1975', '1976']",,"-0.042491, -0.025465, 0.153783",-4.664464887948144,2.5098087212393843,-0.6269650727677198,Lysine NZ,Lysine NZ,124,LYS,124,A,8,24,8,0,10,36,11,0,16,47,13,0,22,65,18,0,25,85,24,0,0,0,0.0
1QT8,1966,H,-7.014438,-14.708278,-15.187798,183,['1961'],,"0.065525, 0.070515, -0.038299",-0.1696654165258133,2.165501060610135,0.1186200493065885,Lysine HB,Lysine HB,124,LYS,124,A,8,23,5,0,9,31,9,0,13,47,12,0,20,63,17,0,25,86,24,0,0,0,0.021237165
1QT8,1967,H,-8.55951,-14.94794,-16.018551,183,['1961'],,"0.015463, 0.056486, -0.064956",-0.2255126604537459,1.3721117026737546,1.700470332517976,Lysine HB,Lysine HB,124,LYS,124,A,5,23,4,0,9,25,6,0,13,38,8,0,16,50,14,0,20,70,22,0,0,0,0.10795559
1QT8,1968,H,-9.846193,-14.751367,-13.896959,185,['1962'],,"-0.037203, 0.036511, -0.008879",-2.569172635469433,0.6112071166391477,1.3488614109261552,Lysine HG,Lysine HG,124,LYS,124,A,5,22,5,0,7,34,6,0,15,43,13,0,16,61,17,0,23,74,22,0,0,0,0.040704567
1QT8,1969,H,-8.42338,-14.080544,-13.057345,185,['1962'],,"0.014144, 0.078725, -0.121657",-2.4656228537527944,0.987809502555056,-0.390908713234759,Lysine HG,Lysine HG,124,LYS,124,A,10,29,6,0,12,43,10,0,14,57,15,0,22,74,22,0,32,89,25,0,0,0,0.0
1QT8,1970,H,-7.211278,-16.362352,-13.453618,187,['1963'],,"0.131603, -0.037194, -0.077481",-2.163193799265857,3.5035178511959297,0.2514459157496924,Lysine HD,Lysine HD,124,LYS,124,A,7,17,5,0,10,30,6,0,12,39,9,0,13,53,16,0,22,71,22,0,0,0,0.086718425
1QT8,1971,H,-8.720215,-16.999661,-14.122502,187,['1963'],,"-0.001660, -0.108154, -0.022360",-2.4428732978059804,3.0619246257306085,1.9417814558793665,Lysine HD,Lysine HD,124,LYS,124,A,3,10,4,0,6,21,6,0,11,35,6,0,12,43,12,0,14,53,20,0,0,0,0.209717
1QT8,1972,H,-8.384004,-17.672038,-11.732947,189,['1964'],,"-0.014020, -0.033133, 0.013129",-4.500437328947696,3.9835248782038906,0.849909211947848,Lysine HE,Lysine HE,124,LYS,124,A,3,12,5,0,7,26,7,0,11,30,10,0,15,42,13,0,20,62,16,0,0,0,0.23891811
1QT8,1973,H,-9.895778,-16.751278,-11.945733,189,['1964'],,"0.010771, -0.022313, 0.033608",-4.769730828691186,2.3300964858213464,1.4599854766321771,Lysine HE,Lysine HE,124,LYS,124,A,4,14,4,0,7,24,8,0,9,35,11,0,18,48,15,0,21,66,19,0,0,0,0.16458803
1QT8,1974,HN,-8.634487,-16.05313,-10.016209,191,['1965'],,"-0.112782, 0.003002, 0.348347",-5.661976403658639,2.67241487501205,-0.7509067499437547,Lysine HN,Lysine HN,124,LYS,124,A,3,21,8,0,11,36,12,0,18,48,13,0,22,62,17,0,24,84,22,0,0,0,0.010618582
1QT8,1975,HN,-8.782476,-14.817391,-11.053409,191,['1965'],,"-0.007722, -0.051918, 0.004947",-4.527131550624278,1.5167955591726954,-0.7884116381904813,Lysine HN,Lysine HN,124,LYS,124,A,8,29,8,0,10,42,13,0,19,55,17,0,22,74,19,0,28,93,26,0,0,0,0.0
1QT8,1976,HN,-7.352683,-15.614173,-10.928156,191,['1965'],,"-0.093419, -0.040614, 0.006999",-4.188603095143597,3.015536557231423,-1.3663664789434542,Lysine HN,Lysine HN,124,LYS,124,A,6,28,8,0,10,34,11,0,18,50,14,0,23,73,20,0,28,93,25,0,0,0,0.030970866
1QT8,1977,N,-7.868295,-11.335451,-17.358152,7,"['1957', '1978', '1981']",,"-0.188050, 0.014529, 0.112603",-0.4695834978361018,-0.2064419730551134,1.3689375869831029,Alanine N,Arginine N,125,ARG,125,A,11,38,9,0,13,46,11,1,16,57,19,1,19,72,20,1,24,92,25,1,0,0,0.0
1QT8,1978,CA,-7.299322,-10.738234,-18.565098,8,"['1977', '1979', '1982', '1983']",,"-0.476509, -0.294369, -0.134536",0.0,0.0,0.0,Alanine CA,Arginine CA,125,ARG,125,A,10,35,7,1,12,44,13,1,14,54,19,1,19,69,20,1,24,86,21,1,0,0,0.0
1QT8,1979,C,-6.119563,-9.840902,-18.162511,9,"['1978', '1980', '2001']",,"0.035062, -0.349957, -0.150963",1.5359402035476517,6.245004513516506e-17,0.0,Alanine C,Arginine C,125,ARG,125,A,9,37,12,1,15,47,16,1,17,61,19,1,23,81,22,1,28,99,27,1,0,0,0.0025158923
1QT8,1980,O,-6.257947,-8.616721,-18.051491,11,['1979'],,"-0.058586, -0.426535, 0.003517",2.1739417495144764,1.0597399303418462,5.551115123125783e-17,Alanine O,Arginine O,125,ARG,125,A,9,39,13,1,15,53,17,1,21,74,19,1,26,89,24,1,29,109,28,1,0,0,0.0
1QT8,1981,HN,-8.535054,-10.725614,-16.866023,10,['1977'],,"-0.150860, 0.148213, 0.184327",-0.4964490869903471,0.6528217659765776,1.934272664787123,Alanine HN,Arginine HN,125,ARG,125,A,11,40,10,1,12,47,13,1,17,60,18,1,21,78,22,1,28,98,25,1,0,0,0.0
1QT8,1982,H,-6.888222,-11.537994,-19.233436,12,['1978'],,"0.194519, -0.300132, -0.308474",-0.326650415600268,-0.8509031770516037,-0.651581337298469,Alanine HA,Arginine HA,125,ARG,125,A,7,30,7,0,10,37,12,1,14,49,15,1,17,57,18,1,22,75,21,1,0,0,0.10884047
1QT8,1983,C,-8.402437,-9.937593,-19.328912,202,"['1978', '1984', '1990', '1991']",,"0.060113, 0.086014, -0.166650",-0.5797560635721546,1.3379410930437483,-0.5613350861991633,Arginine CB,Arginine CB,125,ARG,125,A,9,32,9,1,12,43,13,1,12,50,18,1,21,64,20,1,25,84,21,1,0,0,0.0
1QT8,1984,C,-9.530728,-10.848922,-19.872639,204,"['1983', '1985', '1992', '1993']",,"0.310078, -0.211193, 0.079760",-2.121335320614202,1.303660184981648,-0.7081628460101924,Arginine CG,Arginine CG,125,ARG,125,A,9,17,7,1,10,35,10,1,11,45,14,1,16,55,18,1,21,63,20,1,0,0,0.0050317845
1QT8,1985,C,-10.863593,-10.130525,-20.131637,206,"['1984', '1986', '1994', '1995']",,"0.172641, 0.000516, 0.059760",-2.793293830569945,2.684991317575778,-0.7181320416786703,Arginine CD,Arginine CD,125,ARG,125,A,6,16,7,1,12,27,8,1,13,40,13,1,16,55,15,1,18,64,17,1,0,0,0.0
1QT8,1986,N,-10.736609,-9.05411,-21.108556,208,"['1985', '1987', '1996']",,"0.129594, 0.021239, -0.153328",-2.322951788272731,3.5263465541125107,-1.8136066649547653,Arginine NE,Arginine NE,125,ARG,125,A,6,16,6,1,11,25,8,1,13,34,13,1,15,50,17,1,21,64,20,1,0,0,0.0
1QT8,1987,C,-11.472712,-8.851198,-22.214209,210,"['1986', '1988', '1989']",,"0.207831, 0.237879, -0.163921",-3.0596121283631765,4.184533258627034,-2.7244366535366864,Arginine CZ,Arginine CZ,125,ARG,125,A,1,11,4,1,7,18,6,1,11,25,9,1,12,34,11,1,17,51,18,1,0,0,0.006289731
1QT8,1988,N,-12.187988,-9.832213,-22.765682,211,"['1987', '1997', '1998']",,"0.008502, 0.108818, -0.035804",-4.326696163679023,3.8497528859792247,-2.970511450432884,Arginine NH,Arginine NH,125,ARG,125,A,1,6,3,0,3,12,5,1,9,21,7,1,12,26,8,1,14,36,12,1,0,0,0.108219706
1QT8,1989,N,-11.770859,-7.597932,-22.55273,211,"['1987', '1999', '2000']",,"0.309261, 0.161271, -0.016302",-2.6451624483289686,5.386225320165119,-3.1223454618859003,Arginine NH,Arginine NH,125,ARG,125,A,3,11,3,1,7,16,6,1,8,23,8,1,13,35,11,1,18,46,17,1,0,0,0.0831583
1QT8,1990,H,-7.929142,-9.393442,-20.179269,203,['1983'],,"0.066410, -0.038848, -0.049428",-0.1211994961672511,1.5395720978549985,-1.557470773574956,Arginine HB,Arginine HB,125,ARG,125,A,8,24,8,1,10,36,11,1,13,46,16,1,16,65,20,1,25,82,22,1,0,0,0.0035395275
1QT8,1991,H,-8.803771,-9.149693,-18.646427,203,['1983'],,"0.112017, -0.009415, 0.012809",-0.2488251641693162,2.172773723294279,0.1028790239117322,Arginine HB,Arginine HB,125,ARG,125,A,10,33,11,1,12,48,16,1,16,58,17,1,21,70,21,1,27,92,24,1,0,0,0.0
1QT8,1992,H,-9.717904,-11.68467,-19.155899,205,['1984'],,"0.026629, -0.058134, 0.056757",-2.5655035160714528,0.7051622229124203,0.1235466018279508,Arginine HG,Arginine HG,125,ARG,125,A,6,19,8,0,11,36,9,1,11,46,11,1,17,55,16,1,20,64,20,1,0,0,0.035395276
1QT8,1993,H,-9.164078,-11.339971,-20.80576,205,['1984'],,"0.059657, 0.007663, -0.037132",-2.371174296805241,0.7411931373881208,-1.6395529092432255,Arginine HG,Arginine HG,125,ARG,125,A,5,17,5,0,9,28,7,1,11,40,13,1,13,48,15,1,18,55,19,1,0,0,0.13892646
1QT8,1994,H,-11.228131,-9.707083,-19.170777,207,['1985'],,"-0.014187, -0.041153, 0.026208",-2.574059504621426,3.1904159982680222,0.2472306999273233,Arginine HD,Arginine HD,125,ARG,125,A,8,22,7,1,13,33,11,1,14,46,14,1,18,59,17,1,22,68,21,1,0,0,0.0
1QT8,1995,H,-11.634269,-10.872768,-20.434272,207,['1985'],,"-0.035306, -0.106594, 0.072363",-3.898211362896489,2.561706358154958,-0.7384341792022906,Arginine HD,Arginine HD,125,ARG,125,A,4,14,7,0,8,20,7,1,12,31,9,1,15,46,14,1,15,58,16,1,0,0,0.07786961
1QT8,1996,HN,-10.084216,-8.285778,-20.892873,209,['1986'],,"0.149634, 0.227839, -0.306352",-1.316436969622086,3.7453472663226326,-1.851507232894004,Arginine HE,Arginine HE,125,ARG,125,A,6,18,7,1,10,27,10,1,15,38,13,1,19,58,18,1,22,71,21,1,0,0,0.0
1QT8,1997,HN,-11.978412,-10.811583,-22.541769,212,['1988'],,"-0.017544, 0.057462, -0.052443",-4.679201036247914,2.926723934981147,-2.69305406869727,Arginine HH,Arginine HH,125,ARG,125,A,1,6,4,0,3,12,6,0,9,18,7,1,12,25,8,1,13,38,12,1,0,0,0.18405543
1QT8,1998,HN,-12.748532,-9.631666,-23.603323,212,['1988'],,"-0.018195, 0.004500, -0.036271",-4.859642019037386,4.387716500820412,-3.665230807000228,Arginine HH,Arginine HH,125,ARG,125,A,1,3,3,0,3,8,3,0,4,15,5,1,10,21,7,1,12,27,9,1,0,0,0.2592704
1QT8,1999,HN,-11.001275,-6.925058,-22.428346,212,['1989'],,"0.575070, -0.007576, 0.056882",-1.6283322356523025,5.463877690891554,-3.265582190054657,Arginine HH,Arginine HH,125,ARG,125,A,4,10,3,1,7,16,5,1,11,25,9,1,17,41,15,1,23,52,18,1,0,0,0.04601386
1QT8,2000,HN,-12.559032,-7.365995,-23.170673,212,['1989'],,"0.166303, -0.008139, 0.035753",-3.277026575931311,6.072742491586214,-3.553978290503361,Arginine HH,Arginine HH,125,ARG,125,A,3,7,3,1,4,13,3,1,7,18,8,1,11,25,8,1,15,37,13,1,0,0,0.26634943
1QT8,2001,N,-4.987917,-10.490395,-17.790467,7,"['1979', '2002', '2005']",,"-0.075593, -0.346214, 0.068513",-0.6233132340921774,-0.9826278299755208,-0.8697954679918414,Alanine N,Tryptophan N,126,TRP,126,A,11,33,11,0,15,46,14,1,21,56,18,1,25,76,23,1,32,98,26,1,0,0,0.0
1QT8,2002,CA,-3.884453,-9.872539,-17.075455,8,"['2001', '2003', '2006', '2007']",,"-0.152638, -0.505673, 0.418209",0.0,0.0,0.0,Alanine CA,Tryptophan CA,126,TRP,126,A,11,34,11,0,16,49,14,1,20,65,20,1,29,88,24,1,35,109,27,1,0,0,0.0
1QT8,2003,C,-3.15124,-8.749871,-17.834089,9,"['2002', '2004', '2025']",,"-0.030080, -0.342337, -0.088439",1.5406200983853848,1.1102230246251563e-16,8.326672684688674e-17,Alanine C,Tryptophan C,126,TRP,126,A,10,29,11,0,14,47,14,1,23,67,20,1,27,87,22,1,34,102,28,1,0,0,0.0
1QT8,2004,O,-2.8208,-7.732053,-17.217487,11,['2003'],,"-0.022166, -0.357531, -0.116743",2.135951394814162,1.0820918392726349,1.1796119636642288e-16,Alanine O,Tryptophan O,126,TRP,126,A,9,33,12,0,17,56,14,1,24,78,21,1,27,92,24,1,33,107,30,1,0,0,0.0
1QT8,2005,HN,-4.930768,-11.513157,-17.914869,10,['2001'],,"-0.041465, -0.296002, 0.020586",-1.280155367640575,-1.6367027200711162,-0.4164430397519301,Alanine HN,Tryptophan HN,126,TRP,126,A,8,28,11,0,14,41,12,0,19,51,15,1,24,65,21,1,27,86,26,1,0,0,0.031855747
1QT8,2006,H,-4.32689,-9.333926,-16.203291,12,['2002'],,"-0.119421, 0.231084, 0.250205",-0.2475433398361388,1.0046831967975391,-0.4193548313891816,Alanine HA,Tryptophan HA,126,TRP,126,A,11,39,11,0,17,52,14,1,21,74,22,1,31,101,26,1,37,118,30,1,0,0,0.0
1QT8,2007,C,-2.883159,-10.931805,-16.533097,89,"['2002', '2008', '2017', '2018']",,"0.162529, -0.419817, 0.245583",-0.5624316364210156,-0.072101301033158,1.4481914203923825,Tryptophan CB,Tryptophan CB,126,TRP,126,A,12,28,9,0,15,46,13,0,20,64,18,0,26,81,24,1,31,104,28,1,0,0,0.0
1QT8,2008,C,-3.476605,-12.107825,-15.759108,91,"['2007', '2009', '2010']",,"0.332030, 0.001376, -0.168641",-2.082973083880442,-0.081900417566018,1.5969121361994585,Tryptophan CG,Tryptophan CG,126,TRP,126,A,9,26,8,0,15,44,13,0,18,63,16,0,28,78,22,0,30,102,31,1,0,0,0.0
1QT8,2009,C,-3.307316,-13.464757,-16.079535,92,"['2008', '2011', '2019']",,"-0.061568, -0.032595, -0.106382",-2.8334322162211807,-1.076246774359567,2.2455130103060106,Tryptophan CD1,Tryptophan CD1,126,TRP,126,A,9,19,5,0,10,33,12,0,16,48,15,0,22,70,19,0,28,85,25,0,0,0,0.008805623
1QT8,2010,C,-4.254464,-12.062418,-14.619723,94,"['2008', '2012', '2013']",,"0.168775, -0.124396, -0.272212",-2.981141001221771,0.8666649787569989,1.1509943423043345,Tryptophan CD2,Tryptophan CD2,126,TRP,126,A,11,32,9,0,17,45,10,0,20,68,19,0,26,88,28,1,34,111,34,1,0,0,0.0
1QT8,2011,N,-3.961002,-14.193613,-15.118462,95,"['2009', '2012', '2020']",,"0.030173, -0.205934, -0.109677",-4.148913584620821,-0.6900503451764695,2.1949278925278253,Tryptophan NE1,Tryptophan NE1,126,TRP,126,A,9,18,8,0,10,29,11,0,15,49,16,0,21,64,18,0,26,89,25,0,0,0,0.0
1QT8,2012,C,-4.554747,-13.353079,-14.239202,97,"['2010', '2011', '2014']",,"0.138595, -0.140447, -0.298784",-4.25194836845842,0.476954891477136,1.5169815165336773,Tryptophan CE2,Tryptophan CE2,126,TRP,126,A,10,25,9,0,15,41,13,0,18,57,14,0,23,80,26,0,30,103,30,0,0,0,0.0
1QT8,2013,C,-4.710075,-10.976162,-13.87037,98,"['2010', '2015', '2021']",,"0.132144, -0.164490, -0.101876",-2.775405479924092,2.0630796706269914,0.4615538591442568,Tryptophan CE3,Tryptophan CE3,126,TRP,126,A,14,33,8,0,17,58,13,0,21,81,22,0,30,104,30,1,40,129,36,1,0,0,0.0
1QT8,2014,C,-5.320117,-13.667262,-13.126239,100,"['2012', '2016', '2022']",,"0.123356, -0.104406, -0.151322",-5.393199224810791,1.20978325161683,1.2276756036871812,Tryptophan CZ2,Tryptophan CZ2,126,TRP,126,A,9,26,9,0,15,44,13,0,18,58,18,0,25,74,24,0,31,111,31,0,0,0,0.0
1QT8,2015,C,-5.523648,-11.253052,-12.750541,102,"['2013', '2016', '2023']",,"-0.042129, -0.049137, -0.102908",-3.915802257816512,2.8197086141501586,0.1157303225456019,Tryptophan CZ3,Tryptophan CZ3,126,TRP,126,A,10,38,9,0,19,56,17,0,22,78,22,0,30,109,28,1,43,138,37,2,0,0,0.0
1QT8,2016,C,-5.834705,-12.586858,-12.388812,104,"['2014', '2015', '2024']",,"0.043716, -0.025570, -0.115949",-5.213923884836023,2.3904454430070587,0.4862112852014213,Tryptophan CH2,Tryptophan CH2,126,TRP,126,A,11,36,11,0,15,52,17,0,20,67,21,0,26,90,27,0,39,128,34,1,0,0,0.0
1QT8,2017,H,-2.141057,-10.440988,-15.869244,90,['2007'],,"0.075090, -0.011431, -0.020110",-0.1784810977386159,0.7832215506351557,2.042600635295281,Tryptophan HB,Tryptophan HB,126,TRP,126,A,13,32,11,0,17,51,14,0,21,68,18,0,26,88,23,1,31,111,31,1,0,0,0.0
1QT8,2018,H,-2.274818,-11.326527,-17.374877,90,['2007'],,"0.195399, 0.058985, -0.116196",-0.1460378086828768,-0.9663603928111169,1.959459114422664,Tryptophan HB,Tryptophan HB,126,TRP,126,A,12,23,8,0,14,37,12,0,18,55,17,0,24,70,20,1,28,89,24,1,0,0,0.045128975
1QT8,2019,H,-2.752443,-13.929404,-16.910245,93,['2009'],,"-0.029630, -0.034540, -0.050211",-2.4988911898947337,-2.001264411615165,2.7417837603089867,Tryptophan HD1,Tryptophan HD1,126,TRP,126,A,8,17,7,0,9,24,9,0,14,36,14,0,19,58,18,0,25,76,22,0,0,0,0.22033559
1QT8,2020,HN,-4.000861,-15.225799,-15.061934,96,['2011'],,"-0.050974, -0.243417, 0.114861",-4.94788498143502,-1.201319835157075,2.60777206282546,Tryptophan HE1,Tryptophan HE1,126,TRP,126,A,7,13,6,0,10,23,9,0,12,37,14,0,19,58,18,0,24,76,22,0,0,0,0.16458803
1QT8,2021,H,-4.446449,-9.93639,-14.132986,99,['2013'],,"0.033072, -0.083717, 0.053908",-1.7629286271212758,2.4149190532959226,0.1956754759355949,Tryptophan HE3,Tryptophan HE3,126,TRP,126,A,13,41,8,0,18,58,15,0,21,86,24,1,33,105,31,1,39,146,35,2,0,0,0.0
1QT8,2022,H,-5.525708,-14.717187,-12.850174,101,['2014'],,"0.138778, -0.085854, -0.157034",-6.39207720297413,0.8662980802512421,1.551840331754984,Tryptophan HZ2,Tryptophan HZ2,126,TRP,126,A,8,22,7,0,12,39,13,0,17,51,17,0,22,66,21,0,28,91,27,0,0,0,0.021237165
1QT8,2023,H,-5.916739,-10.422243,-12.137629,103,['2015'],,"-0.028788, -0.043846, -0.027827",-3.799272968727559,3.766272075611293,-0.4418212775033425,Tryptophan HZ3,Tryptophan HZ3,126,TRP,126,A,12,40,10,0,20,62,17,0,26,87,23,0,31,119,31,2,44,146,38,2,0,0,0.0
1QT8,2024,H,-6.474436,-12.7794,-11.510515,105,['2016'],,"0.034041, 0.110986, -0.067659",-6.091184797810895,2.9970992542647803,0.2031596323410698,Tryptophan HH2,Tryptophan HH2,126,TRP,126,A,11,36,11,0,14,50,17,0,21,70,23,0,30,95,26,0,38,120,32,0,0,0,0.0
1QT8,2025,N,-2.935408,-8.879524,-19.171708,7,"['2003', '2026', '2029']",,"0.111540, -0.252104, -0.029920",-0.561918638681106,-0.8847867720563335,-1.0293461788775953,Alanine N,Aspartate N,127,ASP,127,A,9,31,8,0,11,40,12,1,18,57,13,1,26,79,19,1,31,97,22,1,0,0,0.0
1QT8,2026,CA,-2.320024,-7.829428,-19.994359,8,"['2025', '2027', '2030', '2031']",,"0.615587, -0.524590, -0.199720",0.0,0.0,0.0,Alanine CA,Aspartate CA,127,ASP,127,A,7,27,6,0,11,37,11,1,15,51,13,1,22,72,15,1,30,91,20,1,0,0,0.0
1QT8,2027,C,-3.196808,-6.587684,-20.106301,9,"['2026', '2028', '2037']",,"0.032061, -0.346670, -0.068439",1.5242077796534166,-1.2836953722228372e-16,-2.775557561562892e-17,Alanine C,Aspartate C,127,ASP,127,A,6,26,7,1,11,39,10,1,15,54,13,1,24,72,16,1,30,93,21,1,0,0,0.0
1QT8,2028,O,-2.744481,-5.453601,-19.898195,11,['2027'],,"-0.098392, -0.377461, -0.124509",2.172644230198721,1.0552640629994972,1.3877787807814457e-17,Alanine O,Aspartate O,127,ASP,127,A,7,27,6,1,9,38,10,1,14,58,13,1,22,76,18,1,30,91,19,1,0,0,0.0
1QT8,2029,HN,-3.114689,-9.779484,-19.63721,10,['2025'],,"-0.012710, -0.139190, -0.045494",-1.1577822769434147,-1.6544680856287104,-0.6957311451946009,Alanine HN,Aspartate HN,127,ASP,127,A,8,28,7,0,12,36,10,0,17,53,13,1,24,68,16,1,29,85,20,1,0,0,0.043359213
1QT8,2030,H,-1.397348,-7.478447,-19.469147,12,['2026'],,"0.332927, 0.120872, 0.154663",-0.2833946202021218,1.0504063024981694,-0.2582642003716725,Alanine HA,Aspartate HA,127,ASP,127,A,8,27,7,0,12,36,9,0,17,54,13,1,23,77,16,1,29,92,21,1,0,0,0.0017697638
1QT8,2031,C,-1.946242,-8.314741,-21.421265,137,"['2026', '2032', '2035', '2036']",,"-0.159791, 0.265610, -0.309203",-0.5055937135311244,-0.332064600290497,1.4301784931961172,Aspartate CB,Aspartate CB,127,ASP,127,A,6,23,5,0,7,29,7,0,14,35,10,1,16,51,13,1,23,70,15,1,0,0,0.008805623
1QT8,2032,C,-0.816081,-9.303879,-21.43781,139,"['2031', '2033', '2034']",,"-0.166867, 0.338092, -0.016692",-1.9603239728204351,-0.0200149742268386,1.6358882634346403,Aspartate CG,Aspartate CG,127,ASP,127,A,5,17,3,0,10,26,5,0,13,35,8,0,15,42,13,0,19,63,15,1,0,0,0.049059898
1QT8,2033,O,-0.968807,-10.384036,-22.09405,140,['2032'],,"-0.440549, 0.672283, -0.152477",-2.704257941456808,-0.9185989372920144,2.14561802022349,Aspartate OD,Aspartate OD,127,ASP,127,A,3,9,3,0,4,21,5,0,12,28,7,0,14,38,9,0,17,51,14,1,0,0,0.4631828
1QT8,2034,O,0.17429,-9.103515,-20.693588,140,['2032'],,"0.091698, 0.269547, -0.393784",-2.4214489982627128,1.0499430840501254,1.1696262128021138,Aspartate OD,Aspartate OD,127,ASP,127,A,7,15,3,0,10,26,4,0,13,37,10,0,18,50,13,0,21,61,16,1,0,0,0.13616459
1QT8,2035,H,-1.619539,-7.443843,-22.040571,138,['2031'],,"-0.001202, 0.130772, -0.126353",0.0614620165009915,0.2733443466603513,2.178954764346993,Aspartate HB,Aspartate HB,127,ASP,127,A,6,18,3,0,6,27,7,0,11,31,9,1,14,43,12,1,20,64,14,1,0,0,0.17166708
1QT8,2036,H,-2.838479,-8.725622,-21.952823,138,['2031'],,"-0.124710, 0.053385, -0.088444",-0.2880421569740522,-1.394589943688841,1.696965266799732,Aspartate HB,Aspartate HB,127,ASP,127,A,5,16,5,0,8,28,7,0,11,37,9,1,17,46,11,1,21,62,14,1,0,0,0.09556724
1QT8,2037,N,-4.486789,-6.814815,-20.443848,7,"['2027', '2038', '2041']",,"-0.019155, -0.238504, -0.140379",-0.551449050000161,-0.9861069327199686,-0.903429524379482,Alanine N,Glutamate N,128,GLU,128,A,8,27,7,1,9,39,10,1,16,52,13,1,23,68,19,1,31,91,20,1,0,0,0.0022783095
1QT8,2038,CA,-5.482445,-5.77827,-20.607956,8,"['2037', '2039', '2042', '2043']",,"-0.125015, -0.376408, -0.573345",0.0,0.0,0.0,Alanine CA,Glutamate CA,128,GLU,128,A,9,29,7,1,12,35,9,1,16,52,14,1,21,70,18,1,28,95,22,1,0,0,0.0
1QT8,2039,C,-5.643571,-4.920637,-19.352116,9,"['2038', '2040', '2052']",,"-0.001012, -0.453203, -0.030564",1.5292580083704013,2.220446049250313e-16,2.775557561562892e-17,Alanine C,Glutamate C,128,GLU,128,A,9,30,9,1,14,44,13,1,19,63,14,1,25,86,21,1,31,102,26,1,0,0,0.0
1QT8,2040,O,-5.7521,-3.689089,-19.456191,11,['2039'],,"0.009375, -0.482700, 0.199882",2.145897905873945,1.0766038559176816,2.775557561562892e-17,Alanine O,Glutamate O,128,GLU,128,A,7,30,9,1,15,42,11,1,18,58,14,1,24,79,19,1,30,96,26,1,0,0,0.029018681
1QT8,2041,HN,-4.81055,-7.782438,-20.587563,10,['2037'],,"-0.049342, -0.163181, 0.009804",-1.1780157521710084,-1.6875845867828936,-0.4825818974928337,Alanine HN,Glutamate HN,128,GLU,128,A,7,27,8,1,11,40,10,1,16,49,14,1,21,67,19,1,28,80,20,1,0,0,0.0017697638
1QT8,2042,H,-5.138702,-5.086485,-21.414176,12,['2038'],,"0.117327, 0.210795, -0.208848",-0.3103280230774868,1.0123764000890942,-0.3542696251578236,Alanine HA,Glutamate HA,128,GLU,128,A,7,25,8,1,11,32,8,1,15,39,13,1,19,59,14,1,24,82,19,1,0,0,0.071675435
1QT8,2043,C,-6.848318,-6.381632,-20.989796,153,"['2038', '2044', '2048', '2049']",,"-0.407133, -0.176342, -0.496179",-0.5080342561526877,-0.2246120916133944,1.4376742133214455,Glutamate CB,Glutamate CB,128,GLU,128,A,10,25,5,1,14,33,9,1,17,47,14,1,19,71,18,1,28,88,22,1,0,0,0.0
1QT8,2044,C,-6.887919,-7.103092,-22.35703,155,"['2043', '2045', '2050', '2051']",,"0.428980, 0.258921, 0.261089",-2.031252893729903,-0.0412972178412969,1.6315871338511052,Glutamate CG,Glutamate CG,128,GLU,128,A,7,20,4,1,10,26,8,1,14,35,8,1,16,49,15,1,21,69,19,1,0,0,0.0075476766
1QT8,2045,C,-8.276203,-7.630114,-22.61944,157,"['2044', '2046', '2047']",,"0.529339, 0.012594, -0.165575",-2.3960361954936453,-0.2699175742579094,3.076789381505836,Glutamate CD,Glutamate CD,128,GLU,128,A,7,13,2,1,8,21,6,1,14,31,9,1,17,45,13,1,25,64,17,1,0,0,0.044028115
1QT8,2046,O,-8.441652,-8.794954,-23.067197,158,['2045'],,"0.156640, 0.064804, -0.079846",-3.399567470547326,-0.9676511197067146,3.3781277424799656,Glutamate OE,Glutamate OE,128,GLU,128,A,7,11,1,1,8,19,5,1,10,28,8,1,16,36,11,1,20,55,14,1,0,0,0.2533554
1QT8,2047,O,-9.255295,-6.894671,-22.277648,158,['2045'],,"0.891268, 0.276097, -0.193882",-1.599745822890898,0.180941683415321,3.95938039338366,Glutamate OE,Glutamate OE,128,GLU,128,A,6,12,1,1,9,20,3,1,16,36,11,1,20,50,14,1,25,66,19,1,0,0,0.07812722
1QT8,2048,H,-7.614204,-5.570784,-20.994009,154,['2043'],,"-0.102317, 0.006465, 0.033887",0.0239383031193092,0.4758517176175468,2.1235526585347952,Glutamate HB,Glutamate HB,128,GLU,128,A,12,26,5,1,14,33,8,1,17,44,14,1,23,68,18,1,28,83,21,1,0,0,0.03274063
1QT8,2049,H,-7.179333,-7.092288,-20.193499,154,['2043'],,"0.002031, 0.018868, 0.066976",-0.2177793039520449,-1.247402077688919,1.7816865675714488,Glutamate HB,Glutamate HB,128,GLU,128,A,13,25,6,1,15,40,12,1,18,58,16,1,23,76,21,1,31,89,25,1,0,0,0.0
1QT8,2050,H,-6.134656,-7.91975,-22.432677,156,['2044'],,"0.143533, -0.054772, -0.117494",-2.630735537021021,-0.7007473262255419,0.9639015643749478,Glutamate HG,Glutamate HG,128,GLU,128,A,7,16,5,1,9,23,7,1,11,35,8,1,16,49,12,1,21,62,19,1,0,0,0.08229402
1QT8,2051,H,-6.632328,-6.395095,-23.178637,156,['2044'],,"0.122061, 0.041301, -0.154985",-2.335837010141592,0.996708279189692,1.3643836946850747,Glutamate HG,Glutamate HG,128,GLU,128,A,6,16,2,1,10,23,5,1,12,33,7,1,15,36,12,1,19,55,16,1,0,0,0.21237165
1QT8,2052,N,-5.646377,-5.60877,-18.172411,7,"['2039', '2053', '2056']",,"-0.086204, -0.318039, -0.013279",-0.5540173374982342,-0.944439430030928,-0.9521888419248674,Alanine N,Alanine N,129,ALA,129,A,12,42,12,1,14,61,16,1,21,77,22,1,29,98,24,1,36,117,29,1,0,0,0.0
1QT8,2053,CA,-5.693747,-5.048984,-16.834517,8,"['2052', '2054', '2057', '2058']",,"-0.574141, -0.446903, 0.036491",0.0,0.0,0.0,Alanine CA,Alanine CA,129,ALA,129,A,13,45,12,1,17,66,18,1,22,88,24,1,32,112,26,1,37,135,34,2,0,0,0.0
1QT8,2054,C,-4.470682,-4.195712,-16.516832,9,"['2053', '2055', '2062']",,"0.023139, -0.357345, -0.109506",1.5247573116512674,-5.551115123125783e-17,0.0,Alanine C,Alanine C,129,ALA,129,A,11,45,10,1,15,66,16,1,20,85,19,1,29,108,29,2,38,143,33,2,0,0,0.0
1QT8,2055,O,-4.615271,-3.100314,-15.972201,11,['2054'],,"-0.003426, -0.436362, -0.128071",2.1352490857145874,1.0699184442222789,-1.1102230246251563e-16,Alanine O,Alanine O,129,ALA,129,A,11,42,11,1,15,59,13,1,22,90,19,2,28,114,27,2,37,146,33,2,0,0,0.0
1QT8,2056,HN,-5.652551,-6.638537,-18.200809,10,['2052'],,"-0.027945, -0.352739, -0.013894",-1.141156131798867,-1.677331783647651,-0.5286307311462627,Alanine HN,Alanine HN,129,ALA,129,A,10,40,11,1,16,63,17,1,23,77,23,1,29,96,23,1,34,117,29,1,0,0,0.0
1QT8,2057,H,-6.568786,-4.360761,-16.77023,12,['2053'],,"-0.237673, 0.282125, 0.015058",-0.3033696836534963,1.0286919597808095,-0.3053467775190924,Alanine HA,Alanine HA,129,ALA,129,A,12,44,12,1,17,57,15,1,25,86,22,1,28,118,28,1,36,132,32,2,0,0,0.0
1QT8,2058,C,-5.824529,-6.152259,-15.752869,13,"['2053', '2059', '2060', '2061']",,"-0.073636, -0.213806, 0.217286",-0.4969480729555604,-0.277716352019706,1.442289254504666,Alanine CB,Alanine CB,129,ALA,129,A,14,52,11,1,19,72,17,1,25,96,23,1,31,119,30,2,39,145,34,2,0,0,0.0
1QT8,2059,H,-5.911202,-5.704893,-14.738038,14,['2058'],,"0.003536, -0.002439, -0.008605",-0.1046792505852254,0.4847785106054675,2.150990362809436,Alanine HB,Alanine HB,129,ALA,129,A,15,53,11,1,17,70,16,1,25,102,23,2,30,132,29,2,41,160,38,2,0,0,0.0
1QT8,2060,H,-4.936474,-6.82641,-15.745427,14,['2058'],,"0.067880, -0.026542, -0.034885",-0.1603180897111219,-1.2762254804807676,1.8067565533817824,Alanine HB,Alanine HB,129,ALA,129,A,11,53,12,1,19,78,17,1,27,95,25,1,34,118,29,2,39,141,33,2,0,0,0.0008848819
1QT8,2061,H,-6.716708,-6.79568,-15.911306,14,['2058'],,"-0.003038, -0.029066, -0.037146",-1.6056747388806412,-0.2639059532573469,1.5171937764220884,Alanine HB,Alanine HB,129,ALA,129,A,17,47,13,1,20,73,17,1,24,95,25,1,29,113,27,1,38,137,35,2,0,0,0.0
1QT8,2062,N,-3.258941,-4.701387,-16.857144,7,"['2054', '2063', '2066']",,"0.051241, -0.348505, -0.069534",-0.5399038467936861,-0.8275023642442273,-1.065526577139959,Alanine N,Alanine N,130,ALA,130,A,9,47,11,1,14,67,15,1,22,80,20,1,31,105,28,2,38,138,32,2,0,0,0.0022783095
1QT8,2063,CA,-1.986299,-4.027435,-16.662788,8,"['2062', '2064', '2067', '2068']",,"0.181022, -0.647573, 0.256817",0.0,0.0,0.0,Alanine CA,Alanine CA,130,ALA,130,A,9,42,9,0,15,59,14,1,21,81,20,1,27,109,24,2,33,142,29,2,0,0,0.0
1QT8,2064,C,-1.964308,-2.652035,-17.329609,9,"['2063', '2065', '2072']",,"0.019910, -0.275501, -0.041463",1.5286788446635875,1.1102230246251563e-16,2.775557561562892e-17,Alanine C,Alanine C,130,ALA,130,A,8,36,8,0,14,48,12,1,18,76,18,1,25,101,23,1,30,124,27,2,0,0,0.006289731
1QT8,2065,O,-1.637271,-1.645762,-16.696465,11,['2064'],,"0.039774, -0.299936, -0.138990",2.162576568195078,1.0576311033321573,8.326672684688674e-17,Alanine O,Alanine O,130,ALA,130,A,7,33,9,0,12,53,11,1,18,80,17,1,23,103,21,2,31,130,30,2,0,0,0.0022322063
1QT8,2066,HN,-3.193775,-5.652667,-17.246304,10,['2062'],,"0.042142, -0.298799, -0.102645",-1.22510819157188,-1.5347248813134002,-0.763935680719947,Alanine HN,Alanine HN,130,ALA,130,A,8,45,10,1,16,67,15,1,23,81,22,1,30,98,25,1,37,127,31,2,0,0,0.0
1QT8,2067,H,-1.856959,-3.83589,-15.572299,12,['2063'],,"0.047687, 0.136114, 0.293319",-0.3014797111491553,1.055745612862057,-0.1926026127391334,Alanine HA,Alanine HA,130,ALA,130,A,11,45,11,0,16,62,17,1,22,87,20,2,29,120,25,2,35,148,32,2,0,0,0.0
1QT8,2068,C,-0.809848,-4.895404,-17.178621,13,"['2063', '2069', '2070', '2071']",,"0.276310, -0.167467, -0.076575",-0.539004614764147,-0.4477870715393524,1.3829141651151622,Alanine CB,Alanine CB,130,ALA,130,A,11,39,10,0,17,54,13,0,18,73,18,1,26,102,23,1,31,128,28,2,0,0,0.0025158923
1QT8,2069,H,0.161662,-4.370066,-17.048513,14,['2068'],,"0.000140, 0.066825, -0.003815",-0.1091199354307198,0.1726819549652351,2.1995886018589887,Alanine HB,Alanine HB,130,ALA,130,A,13,40,7,0,16,51,15,0,19,72,18,0,23,102,20,1,29,123,26,2,0,0,0.049553387
1QT8,2070,H,-0.919326,-5.128755,-18.263733,14,['2068'],,"-0.082376, -0.021002, -0.083991",-0.2771988245871549,-1.510169229644891,1.5990346236511748,Alanine HB,Alanine HB,130,ALA,130,A,11,34,9,0,14,49,12,0,17,63,16,1,23,88,24,1,32,114,27,1,0,0,0.016812757
1QT8,2071,H,-0.747402,-5.865179,-16.635134,14,['2068'],,"-0.053368, -0.016761, 0.000510",-1.647716124547606,-0.3612928403545055,1.4378569422148346,Alanine HB,Alanine HB,130,ALA,130,A,15,41,10,0,17,59,15,0,20,75,18,1,27,106,23,1,34,123,28,2,0,0,0.0008848819
1QT8,2072,N,-2.375785,-2.608341,-18.621553,7,"['2064', '2073', '2076']",,"0.018798, -0.317347, -0.133145",-0.5265062984906234,-0.9533635688019056,-0.9597149298890792,Alanine N,Valine N,131,VAL,131,A,9,31,7,1,9,45,12,1,16,58,15,1,19,80,21,1,28,105,25,1,0,0,0.0011391548
1QT8,2073,CA,-2.464601,-1.396449,-19.415652,8,"['2072', '2074', '2077', '2078']",,"0.441448, -0.400036, -0.169019",0.0,0.0,0.0,Alanine CA,Valine CA,131,VAL,131,A,9,29,7,0,10,38,9,1,11,54,13,1,18,68,17,1,21,92,22,1,0,0,0.0
1QT8,2074,C,-3.431588,-0.389472,-18.786124,9,"['2073', '2075', '2088']",,"0.083577, -0.288286, -0.070370",1.5314607534906015,-9.714451465470121e-17,0.0,Alanine C,Valine C,131,VAL,131,A,9,29,9,1,10,37,10,1,12,55,11,1,12,71,17,1,25,93,21,1,0,0,0.0
1QT8,2075,O,-3.12239,0.79953,-18.69509,11,['2074'],,"0.008749, -0.264493, -0.029077",2.1554504119274247,1.0621926635633934,0.0,Alanine O,Valine O,131,VAL,131,A,9,24,9,0,10,40,9,1,11,50,11,1,14,65,17,1,24,88,21,1,0,0,0.0
1QT8,2076,HN,-2.669898,-3.477955,-19.090456,10,['2072'],,"-0.064300, -0.294561, -0.109438",-1.105342821144249,-1.7125573345894605,-0.5709037993827999,Alanine HN,Valine HN,131,VAL,131,A,7,30,8,1,11,45,12,1,15,59,16,1,21,76,21,1,28,101,26,1,0,0,0.0
1QT8,2077,H,-1.466734,-0.892881,-19.39738,12,['2073'],,"0.284311, 0.239580, 0.030544",-0.291447421136762,1.0269374165681384,-0.3318299104392018,Alanine HA,Valine HA,131,VAL,131,A,7,24,7,0,9,39,8,0,13,51,12,1,16,65,15,1,21,90,20,1,0,0,0.043359213
1QT8,2078,C,-2.826817,-1.715491,-20.910882,15,"['2073', '2079', '2080', '2081']",,"0.070263, -0.101957, -0.248586",-0.5957050758255681,-0.2407670554045957,1.433829721057369,Valine CB,Valine CB,131,VAL,131,A,9,22,5,1,10,32,8,1,10,43,13,1,15,53,16,1,19,71,18,1,0,0,0.0
1QT8,2079,C,-3.064798,-0.436558,-21.754831,17,"['2078', '2082', '2083', '2084']",,"0.088319, -0.091429, -0.005982",0.0485759613913976,0.6707605056722541,2.510200447122937,Valine CG,Valine CG,131,VAL,131,A,9,19,5,0,9,27,7,1,10,32,11,1,11,45,13,1,15,60,16,1,0,0,0.033964545
1QT8,2080,C,-1.68514,-2.537264,-21.570861,17,"['2078', '2085', '2086', '2087']",,"0.023978, -0.096079, -0.093724",-2.128208329325628,0.0154013095754392,1.422826853513588,Valine CG,Valine CG,131,VAL,131,A,6,17,6,0,10,25,8,0,12,39,10,1,13,51,15,1,17,64,17,1,0,0,0.037738383
1QT8,2081,H,-3.763913,-2.3288,-20.914098,16,['2078'],,"-0.008864, -0.014348, 0.004115",-0.4085980734698857,-1.310271181567542,1.7085278811220166,Valine HB,Valine HB,131,VAL,131,A,9,22,6,1,10,33,10,1,11,44,13,1,15,57,18,1,21,73,19,1,0,0,0.020352283
1QT8,2082,H,-3.301936,-0.69384,-22.811889,18,['2079'],,"0.040448, -0.056569, -0.020695",-0.4053797148134435,0.4898178338647548,3.5106923598801427,Valine HG,Valine HG,131,VAL,131,A,4,12,3,0,9,25,5,1,10,28,8,1,10,37,15,1,12,52,15,1,0,0,0.23183906
1QT8,2083,H,-2.171312,0.226412,-21.762957,18,['2079'],,"0.021799, 0.001913, -0.008099",-0.083003871170885,1.749568044049988,2.271928485335033,Valine HG,Valine HG,131,VAL,131,A,6,15,4,0,9,22,6,0,10,32,9,1,11,47,11,1,13,55,14,1,0,0,0.16016363
1QT8,2084,H,-3.913197,0.168231,-21.371497,18,['2079'],,"0.112522, -0.021196, -0.047032",1.13950754367974,0.4927687458310676,2.613557930995608,Valine HG,Valine HG,131,VAL,131,A,8,18,6,0,9,27,8,1,10,32,11,1,12,48,12,1,13,62,17,1,0,0,0.012388347
1QT8,2085,H,-1.909738,-2.768529,-22.63765,18,['2080'],,"0.038044, -0.011017, -0.095982",-2.5769751251475483,-0.1366502302793678,2.4315167089922225,Valine HG,Valine HG,131,VAL,131,A,4,13,4,0,7,21,7,0,11,30,11,1,13,42,12,1,16,54,15,1,0,0,0.20794724
1QT8,2086,H,-1.524084,-3.518751,-21.070658,18,['2080'],,"-0.020043, -0.086603, -0.023778",-2.6696404861713563,-0.6754415963672322,0.7379574452640538,Valine HG,Valine HG,131,VAL,131,A,5,18,7,0,8,26,8,1,13,44,12,1,16,53,16,1,20,72,18,1,0,0,0.043359213
1QT8,2087,H,-0.714885,-1.991786,-21.56181,18,['2080'],,"-0.026273, -0.017089, -0.064202",-2.378454581394113,1.056220361012361,1.1177113842210218,Valine HG,Valine HG,131,VAL,131,A,5,11,4,0,8,22,6,0,12,38,9,0,13,53,14,1,17,61,16,1,0,0,0.2052926
1QT8,2088,N,-4.632929,-0.86056,-18.368689,7,"['2074', '2089', '2092']",,"-0.028939, -0.312278, -0.066198",-0.5675121477688014,-1.0130315419154197,-0.8771657094502212,Alanine N,Asparagine N,132,ASN,132,A,9,33,7,1,10,43,12,1,13,55,13,1,17,79,18,1,26,101,23,1,0,0,0.0
1QT8,2089,CA,-5.641433,-0.01661,-17.745479,8,"['2088', '2090', '2093', '2094']",,"-0.058172, -0.352472, -0.385581",0.0,0.0,0.0,Alanine CA,Asparagine CA,132,ASN,132,A,9,34,9,1,11,45,10,1,14,56,15,1,18,76,17,1,25,103,23,2,0,0,0.0
1QT8,2090,C,-5.175464,0.590351,-16.418396,9,"['2089', '2091', '2102']",,"0.079623, -0.182646, 0.018948",1.53188708897588,-1.1102230246251563e-16,0.0,Alanine C,Asparagine C,132,ASN,132,A,9,37,7,1,12,50,11,1,14,67,13,1,22,89,19,2,25,118,24,2,0,0,0.0
1QT8,2091,O,-5.448582,1.758956,-16.152887,11,['2090'],,"0.026772, -0.125769, -0.007387",2.141844327361296,1.067088695644011,0.0,Alanine O,Asparagine O,132,ASN,132,A,8,32,7,0,12,51,10,1,17,66,12,1,19,87,17,2,25,111,24,2,0,0,0.03236699
1QT8,2092,HN,-4.870618,-1.855979,-18.485435,10,['2088'],,"-0.043947, -0.271742, -0.036147",-1.1353528557935268,-1.7467784581685974,-0.4297765410554877,Alanine HN,Asparagine HN,132,ASN,132,A,9,36,8,1,10,46,12,1,15,58,13,1,20,81,19,1,27,108,25,1,0,0,0.0
1QT8,2093,H,-5.788391,0.867795,-18.412868,12,['2089'],,"0.034107, 0.350636, -0.072402",-0.2724477073979505,0.995831602016516,-0.428098823017326,Alanine HA,Asparagine HA,132,ASN,132,A,9,27,7,1,10,41,9,1,13,50,12,1,15,66,16,1,21,87,18,1,0,0,0.0
1QT8,2094,C,-6.992985,-0.762534,-17.557632,147,"['2089', '2095', '2098', '2099']",,"-0.204883, -0.059927, -0.053854",-0.5439301346341743,-0.1133065559203219,1.4524749742805634,Asparagine CB,Asparagine CB,132,ASN,132,A,10,35,9,1,13,45,12,1,17,65,16,1,22,83,20,1,26,104,23,2,0,0,0.0
1QT8,2095,C,-8.204965,0.157563,-17.61199,149,"['2094', '2096', '2097']",,"0.112602, 0.063119, -0.172446",-0.5951216954752688,1.2202617210104354,2.1855533308261523,Asparagine CG,Asparagine CG,132,ASN,132,A,11,29,8,1,14,42,11,1,17,59,15,1,20,74,20,1,25,93,23,1,0,0,0.0037738383
1QT8,2096,O,-8.904153,0.376819,-16.62349,150,['2095'],,"0.225780, -0.008867, -0.084048",0.135416123791916,1.4677044151984098,3.1442795224957765,Asparagine OD1,Asparagine OD1,132,ASN,132,A,9,30,9,1,15,45,12,1,17,63,13,1,19,77,20,1,25,90,23,2,0,0,0.053572953
1QT8,2097,N,-8.471322,0.6844,-18.828387,151,"['2095', '2100', '2101']",,"-0.035909, 0.084145, -0.035433",-1.5211719133639685,2.0920710933195914,1.7267458004507137,Asparagine ND2,Asparagine ND2,132,ASN,132,A,8,22,6,1,10,34,9,1,15,47,14,1,19,62,16,1,23,80,21,1,0,0,0.007974084
1QT8,2098,H,-7.001123,-1.301857,-16.583522,148,['2094'],,"0.035370, -0.028693, -0.030022",0.0837824069264805,-0.8182861509269115,2.04307344470257,Asparagine HB,Asparagine HB,132,ASN,132,A,12,34,10,1,15,54,14,1,18,75,18,1,23,95,20,2,29,118,25,2,0,0,0.0
1QT8,2099,H,-7.13141,-1.557691,-18.326278,148,['2094'],,"0.010916, -0.050267, -0.008896",-1.5669742594904743,-0.5551511283817271,1.4726467608499236,Asparagine HB,Asparagine HB,132,ASN,132,A,9,34,8,1,14,44,13,1,18,61,17,1,23,80,20,1,28,101,23,1,0,0,0.0
1QT8,2100,HN,-7.907691,0.413785,-19.649524,152,['2097'],,"0.053511, -0.038916, -0.121212",-2.16830520280878,1.8170466793538385,0.9712602396554506,Asparagine HD2,Asparagine HD2,132,ASN,132,A,7,22,6,1,10,33,9,1,14,42,12,1,18,56,17,1,22,73,20,1,0,0,0.039819684
1QT8,2101,HN,-9.240704,1.366949,-18.914462,152,['2097'],,"-0.122410, 0.235379, -0.113842",-1.5593315187387229,3.0368700511511144,2.140423789650173,Asparagine HD2,Asparagine HD2,132,ASN,132,A,5,14,5,1,9,26,6,1,14,41,12,1,18,59,15,1,23,72,17,1,0,0,0.10884047
1QT8,2102,N,-4.428389,-0.192164,-15.595906,7,"['2090', '2103', '2106']",,"0.048735, -0.323187, -0.062510",-0.5633355242718443,-1.0203032049833871,-0.8708025585383821,Alanine N,Leucine N,133,LEU,133,A,9,37,9,1,11,57,13,1,16,77,17,2,26,105,20,2,31,132,30,2,0,0,0.0
1QT8,2103,CA,-3.81727,0.238817,-14.347927,8,"['2102', '2104', '2107', '2108']",,"-0.194074, -0.478415, 0.138591",0.0,0.0,0.0,Alanine CA,Leucine CA,133,LEU,133,A,8,41,8,0,12,63,12,2,17,90,16,2,27,110,21,3,34,138,33,3,0,0,0.0
1QT8,2104,C,-2.826856,1.394432,-14.539568,9,"['2103', '2105', '2121']",,"0.019951, -0.226572, -0.209887",1.5339792021086858,0.0,-1.3877787807814454e-16,Alanine C,Leucine C,133,LEU,133,A,7,40,8,0,13,62,10,0,17,76,16,1,22,101,24,3,33,126,28,3,0,0,0.0
1QT8,2105,O,-2.799835,2.316487,-13.717147,11,['2104'],,"-0.020781, -0.376263, -0.287565",2.1433049226746,1.075180926618319,-2.7755575615628914e-16,Alanine O,Leucine O,133,LEU,133,A,8,45,7,0,12,62,12,1,17,77,15,2,24,100,22,2,30,131,30,3,0,0,0.0
1QT8,2106,HN,-4.257879,-1.174022,-15.850005,10,['2102'],,"0.026137, -0.372248, -0.076308",-1.161178411457236,-1.7135958543275764,-0.4021723432596928,Alanine HN,Leucine HN,133,LEU,133,A,8,36,11,1,12,56,13,1,17,76,16,2,25,110,22,2,33,137,28,2,0,0,0.0
1QT8,2107,H,-4.617757,0.663525,-13.696591,12,['2103'],,"-0.160894, 0.245195, 0.197364",-0.2782549320011949,1.0000125936881814,-0.4098096053181863,Alanine HA,Leucine HA,133,LEU,133,A,8,40,8,1,12,61,12,2,19,88,16,2,26,112,24,3,34,135,30,3,0,0,0.0
1QT8,2108,C,-3.097033,-0.929862,-13.602041,19,"['2103', '2109', '2112', '2113']",,"0.094698, -0.208848, 0.136562",-0.508580893613526,-0.1253752355139535,1.471911815013756,Leucine CB,Leucine CB,133,LEU,133,A,6,42,9,1,13,69,14,1,18,95,18,2,32,125,26,3,39,154,37,3,0,0,0.0
1QT8,2109,C,-4.037405,-1.974409,-12.934501,21,"['2108', '2110', '2111', '2114']",,"0.001429, 0.015578, -0.016789",-1.986032351519552,0.3031187055772252,1.7054021085432938,Leucine CG,Leucine CG,133,LEU,133,A,8,43,8,1,11,62,15,2,20,100,21,2,29,142,24,3,41,169,37,3,0,0,0.0
1QT8,2110,C,-3.254741,-3.272563,-12.60597,23,"['2109', '2115', '2116', '2117']",,"-0.024835, -0.023948, -0.009490",-2.4997061093526587,-0.2480774528326077,3.0611385977036534,Leucine CD,Leucine CD,133,LEU,133,A,9,43,8,1,13,65,13,1,19,105,23,2,34,141,30,2,41,180,34,3,0,0,0.0
1QT8,2111,C,-4.635328,-1.405433,-11.62389,23,"['2109', '2118', '2119', '2120']",,"0.017372, -0.040682, 0.046175",-2.1071819161795764,1.847197662160185,1.714876001426553,Leucine CD,Leucine CD,133,LEU,133,A,6,47,6,1,10,66,12,1,21,98,18,3,32,127,29,3,42,169,41,3,0,0,0.0
1QT8,2112,H,-2.421195,-0.500487,-12.82864,20,['2108'],,"-0.001927, -0.009488, -0.041575",0.1546199275693944,0.4755702182237868,2.1339527745353264,Leucine HB,Leucine HB,133,LEU,133,A,7,48,8,1,12,72,10,1,20,90,19,1,27,119,28,3,37,161,37,3,0,0,0.0
1QT8,2113,H,-2.410354,-1.43425,-14.326795,20,['2108'],,"0.064921, -0.014914, -0.110807",-0.3546604640044219,-1.1822757831924573,1.8042872018383969,Leucine HB,Leucine HB,133,LEU,133,A,7,37,10,0,12,65,14,1,19,96,17,2,28,126,26,2,38,150,34,3,0,0,0.0
1QT8,2114,H,-4.865678,-2.230444,-13.638923,22,['2109'],,"0.058776, -0.058830, -0.073325",-2.6256856947305764,-0.1135863502543635,0.8899262138650066,Leucine HG,Leucine HG,133,LEU,133,A,8,42,10,2,12,68,13,2,22,95,21,2,28,127,25,2,36,164,35,3,0,0,0.0
1QT8,2115,H,-3.913957,-4.047171,-12.152641,24,['2110'],,"0.005993, -0.001291, 0.019275",-3.5655105218150647,0.021835702204235,3.2380518919319865,Leucine HD,Leucine HD,133,LEU,133,A,9,37,7,1,13,68,14,1,22,107,23,2,32,144,30,2,48,182,38,3,0,0,0.0
1QT8,2116,H,-2.423251,-3.09333,-11.888145,24,['2110'],,"-0.029189, 0.003056, 0.006746",-1.917508529292688,0.1456579259930872,3.924151487669557,Leucine HD,Leucine HD,133,LEU,133,A,7,43,5,1,12,66,12,1,21,99,22,1,31,142,29,2,46,176,41,3,0,0,0.0
1QT8,2117,H,-2.813171,-3.728658,-13.519892,24,['2110'],,"-0.024558, 0.009407, -0.013575",-2.444026206757116,-1.3587452712647976,3.1008485656592417,Leucine HD,Leucine HD,133,LEU,133,A,9,43,12,1,15,66,14,2,22,96,22,2,33,137,29,2,41,175,34,2,0,0,0.0008848819
1QT8,2118,H,-5.319468,-2.133763,-11.131479,24,['2111'],,"-0.040162, -0.016407, 0.068625",-3.1590977708031844,2.178195040576826,1.8726558851056625,Leucine HD,Leucine HD,133,LEU,133,A,4,47,6,1,10,70,12,1,21,98,20,3,30,129,29,3,43,174,40,3,0,0,0.011503465
1QT8,2119,H,-5.228287,-0.481117,-11.7956,24,['2111'],,"0.018774, -0.019781, 0.041371",-1.772245683199543,2.303813530868848,0.758442817185448,Leucine HD,Leucine HD,133,LEU,133,A,6,43,6,1,13,69,11,1,20,97,20,3,29,126,26,3,38,156,36,3,0,0,0.0
1QT8,2120,H,-3.847248,-1.153159,-10.878393,24,['2111'],,"0.006123, -0.004564, 0.017538",-1.5014440471291413,2.310306637707089,2.5267194255245338,Leucine HD,Leucine HD,133,LEU,133,A,3,46,6,1,8,75,11,2,22,99,18,2,32,127,33,3,42,174,43,3,0,0,0.0
1QT8,2121,N,-1.99583,1.332498,-15.611839,7,"['2104', '2122', '2125']",,"0.138787, -0.248790, -0.144440",-0.5889234758095241,-1.0821135927304226,-0.7717354830157073,Alanine N,Alanine N,134,ALA,134,A,7,43,7,0,10,59,10,0,17,72,15,0,21,97,22,2,30,125,25,3,0,0,0.0
1QT8,2122,CA,-1.015955,2.354572,-15.941363,8,"['2121', '2123', '2126', '2127']",,"0.550604, -0.534660, 0.023342",0.0,0.0,0.0,Alanine CA,Alanine CA,134,ALA,134,A,7,39,8,0,12,57,11,0,16,71,16,0,21,87,19,0,29,110,23,2,0,0,0.0
1QT8,2123,C,-1.632441,3.69624,-16.352251,9,"['2122', '2124', '2131']",,"0.029413, -0.280406, -0.042213",1.5326307314431609,0.0,1.1102230246251563e-16,Alanine C,Alanine C,134,ALA,134,A,9,33,8,0,12,51,11,0,14,66,13,0,19,81,18,0,24,95,20,2,0,0,0.0075476766
1QT8,2124,O,-1.078302,4.751227,-16.038173,11,['2123'],,"0.077663, -0.277036, -0.188921",2.149069161206592,1.0671064866660656,1.3877787807814457e-17,Alanine O,Alanine O,134,ALA,134,A,8,32,8,0,11,45,10,0,15,64,15,0,19,83,16,0,22,98,20,0,0,0,0.029018681
1QT8,2125,HN,-1.978904,0.489583,-16.204854,10,['2121'],,"0.014205, -0.244847, -0.136329",-1.1746379329969514,-1.7428546566194714,-0.2399283769533618,Alanine HN,Alanine HN,134,ALA,134,A,6,41,8,0,10,54,12,0,16,70,14,1,24,100,20,2,31,128,27,2,0,0,0.0
1QT8,2126,H,-0.433209,2.575354,-15.015595,12,['2122'],,"0.184143, 0.137519, 0.258804",-0.2893231611938639,0.9605018012914404,-0.4889911859908016,Alanine HA,Alanine HA,134,ALA,134,A,8,44,9,0,13,63,13,0,17,78,16,0,24,94,22,1,29,117,26,2,0,0,0.0
1QT8,2127,C,-0.027634,1.878434,-17.026481,13,"['2122', '2128', '2129', '2130']",,"0.375574, -0.060535, -0.190814",-0.5234419465480712,0.0254949727617221,1.4513185050039308,Alanine CB,Alanine CB,134,ALA,134,A,6,34,7,0,10,48,9,0,14,66,16,0,22,81,19,0,29,104,24,1,0,0,0.040254276
1QT8,2128,H,0.709479,2.680816,-17.263063,14,['2127'],,"0.085268, 0.075775, -0.020728",-0.0541057272510255,0.8607851405454711,2.0215266602216126,Alanine HB,Alanine HB,134,ALA,134,A,8,28,7,0,9,46,11,0,12,63,12,0,22,76,20,0,27,91,23,0,0,0,0.07786961
1QT8,2129,H,-0.538616,1.597555,-17.974291,14,['2127'],,"-0.007632, -0.023072, 0.025730",-0.3096848871085068,-0.9199899398780242,1.9978581765515344,Alanine HB,Alanine HB,134,ALA,134,A,6,31,6,0,8,40,9,0,13,54,13,0,19,77,18,0,26,95,20,1,0,0,0.06017197
1QT8,2130,H,0.562723,0.997062,-16.687372,14,['2127'],,"0.055169, -0.027052, 0.017952",-1.6233750342805735,0.1959105214253053,1.4892480053820485,Alanine HB,Alanine HB,134,ALA,134,A,7,36,6,0,10,50,13,0,15,69,16,0,25,92,21,0,35,113,26,2,0,0,0.06282661
1QT8,2131,N,-2.812573,3.692232,-17.024768,7,"['2123', '2132', '2135']",,"0.000969, -0.258270, -0.066844",-0.4912292084871,-0.4319613851356017,1.307881537385504,Alanine N,Lysine N,135,LYS,135,A,8,27,8,0,11,40,9,0,12,57,13,0,14,71,15,1,20,91,18,1,0,0,0.0
1QT8,2132,CA,-3.550927,4.901623,-17.386234,8,"['2131', '2133', '2136', '2137']",,"0.214127, -0.316304, -0.502703",0.0,0.0,0.0,Alanine CA,Lysine CA,135,LYS,135,A,6,19,7,0,11,33,8,0,11,46,11,0,14,63,13,0,16,80,16,1,0,0,0.0
1QT8,2133,C,-4.212201,5.505617,-16.121118,9,"['2132', '2134', '2153']",,"0.333719, -0.008249, -0.101604",1.5500356604181746,0.0,0.0,Alanine C,Lysine C,135,LYS,135,A,8,21,7,0,10,35,9,0,11,52,12,0,14,65,13,0,19,83,17,2,0,0,0.030190706
1QT8,2134,O,-5.435435,5.43634,-15.97076,11,['2133'],,"0.304546, 0.164860, -0.305648",2.1676151676197977,1.0687861347966672,0.0,Alanine O,Lysine O,135,LYS,135,A,6,18,6,0,8,30,7,0,12,50,10,0,16,65,15,0,20,82,18,2,0,0,0.20647909
1QT8,2135,HN,-3.276758,2.799101,-17.239022,10,['2131'],,"-0.068307, -0.209169, -0.001601",-0.8160917067164295,0.3147679213421555,1.937099443991352,Alanine HN,Lysine HN,135,LYS,135,A,6,26,8,0,9,40,10,0,14,56,11,1,15,76,15,1,22,90,21,1,0,0,0.0
1QT8,2136,H,-2.823879,5.661897,-17.77398,12,['2132'],,"0.288961, 0.273983, -0.151035",-0.3303928331518768,-0.7450285695075978,-0.7698930551156695,Alanine HA,Lysine HA,135,LYS,135,A,8,18,6,0,10,30,7,0,11,40,10,0,12,52,13,0,15,69,14,0,0,0,0.12830788
1QT8,2137,C,-4.642219,4.626865,-18.492359,182,"['2132', '2138', '2142', '2143']",,"-0.204640, 0.075931, 0.015531",-0.5443007631943052,1.4257053801852515,-0.4012773997497507,Lysine CB,Lysine CB,135,LYS,135,A,5,15,6,0,7,21,8,0,11,31,10,0,14,57,10,1,16,70,17,1,0,0,0.0
1QT8,2138,C,-4.173195,3.86614,-19.758483,184,"['2137', '2139', '2144', '2145']",,"0.156384, 0.025838, 0.256174",-2.074214237552843,1.6441269818248376,-0.2854638146641528,Lysine CG,Lysine CG,135,LYS,135,A,6,14,6,0,6,21,9,0,8,30,10,0,14,44,11,1,16,63,13,1,0,0,0.0
1QT8,2139,C,-5.172245,3.848439,-20.947689,186,"['2138', '2140', '2146', '2147']",,"0.520132, 0.190085, 0.234428",-2.6255106159596906,2.93995302665936,-0.9408509544685728,Lysine CD,Lysine CD,135,LYS,135,A,5,11,4,0,6,15,7,0,7,20,9,0,11,32,11,1,13,49,13,1,0,0,0.0037738383
1QT8,2140,C,-6.61255,3.413898,-20.585163,188,"['2139', '2141', '2148', '2149']",,"-0.066804, -0.088971, -0.274593",-1.8844866742768764,4.239372229052115,-0.5444638599664473,Lysine CE,Lysine CE,135,LYS,135,A,4,9,3,0,7,17,6,0,8,23,8,1,11,35,12,1,13,51,14,1,0,0,0.0
1QT8,2141,N,-7.401057,2.965578,-21.730788,190,"['2140', '2150', '2151', '2152']",,"-0.080821, -0.167248, -0.147504",-2.6578314174156303,5.456580027261529,-0.7801200423844954,Lysine NZ,Lysine NZ,135,LYS,135,A,2,9,3,0,4,13,4,1,7,19,8,1,11,31,11,1,12,38,13,1,0,0,0.009113238
1QT8,2142,H,-5.071,5.614819,-18.787448,183,['2137'],,"-0.002962, 0.016348, 0.049263",-0.2172513843372828,1.6219177145160857,-1.4508121507912213,Lysine HB,Lysine HB,135,LYS,135,A,5,12,6,0,6,17,7,0,10,25,8,0,13,43,10,0,15,64,13,1,0,0,0.13450205
1QT8,2143,H,-5.48201,4.065439,-18.01366,183,['2137'],,"-0.035451, 0.030888, 0.168353",-0.0140911664987817,2.184214898136133,0.2257328908419509,Lysine HB,Lysine HB,135,LYS,135,A,5,16,6,0,8,22,9,0,10,40,10,1,16,62,13,1,19,77,18,1,0,0,0.011503465
1QT8,2144,H,-3.927382,2.814019,-19.481034,185,['2138'],,"0.068033, -0.101530, 0.044604",-2.3626071819005907,1.6366635770588216,0.7920956428372576,Lysine HG,Lysine HG,135,LYS,135,A,6,16,8,0,7,25,9,0,8,37,11,1,15,55,11,1,17,69,15,1,0,0,0.0
1QT8,2145,H,-3.209879,4.309767,-20.108376,185,['2138'],,"0.056908, 0.035943, 0.032392",-2.597894454506699,0.766225367599739,-0.7351920976819427,Lysine HG,Lysine HG,135,LYS,135,A,5,13,4,0,6,22,8,0,8,28,10,0,11,38,11,0,15,56,12,1,0,0,0.17166708
1QT8,2146,H,-4.752562,3.173792,-21.73361,187,['2139'],,"0.094075, 0.003795, -0.019461",-3.708898225018281,3.018804612253501,-0.6781573509556647,Lysine HD,Lysine HD,135,LYS,135,A,4,12,3,0,6,14,6,0,6,18,8,1,9,30,10,1,13,46,11,1,0,0,0.10707071
1QT8,2147,H,-5.201176,4.861981,-21.415752,187,['2139'],,"0.027517, 0.069364, -0.005269",-2.60025273607102,2.826926175060481,-2.051604901486172,Lysine HD,Lysine HD,135,LYS,135,A,3,6,3,0,5,12,4,0,6,17,8,0,9,25,10,0,12,35,11,1,0,0,0.19467402
1QT8,2148,H,-7.153238,4.257459,-20.097054,189,['2140'],,"-0.068050, -0.016645, -0.000583",-0.926725996442218,4.318757891366047,-1.1088940775830058,Lysine HE,Lysine HE,135,LYS,135,A,5,7,3,0,6,17,5,0,8,21,9,1,10,32,11,1,13,48,14,1,0,0,0.15485433
1QT8,2149,H,-6.598893,2.582792,-19.84494,189,['2140'],,"-0.078175, 0.020213, -0.037079",-1.610006599172526,4.223144477309333,0.5340773469691455,Lysine HE,Lysine HE,135,LYS,135,A,6,14,4,0,8,23,8,1,11,32,11,1,12,44,12,1,15,59,17,1,0,0,0.0
1QT8,2150,HN,-8.383864,2.871391,-21.484719,191,['2141'],,"-0.044696, -0.004252, 0.036098",-2.0744111869416857,6.285013299442676,-0.6871152511317455,Lysine HN,Lysine HN,135,LYS,135,A,3,8,3,0,4,11,5,1,8,17,6,1,10,30,11,1,12,42,12,1,0,0,0.18759497
1QT8,2151,HN,-7.095073,2.037451,-22.018775,191,['2141'],,"0.020263, -0.279020, 0.019810",-3.385078791867574,5.546251613170471,-0.0722692730924574,Lysine HN,Lysine HN,135,LYS,135,A,2,9,4,0,5,12,4,1,8,24,9,1,11,34,12,1,13,40,13,1,0,0,0.14335087
1QT8,2152,HN,-7.347232,3.567954,-22.545566,191,['2141'],,"-0.029902, -0.096132, 0.000190",-3.111079226801168,5.50320937097398,-1.686767323788437,Lysine HN,Lysine HN,135,LYS,135,A,2,5,3,0,2,9,3,0,6,13,4,1,7,21,8,1,12,32,12,1,0,0,0.24245764
1QT8,2153,N,-3.43181,6.066027,-15.161301,7,"['2133', '2154', '2157']",,"0.352763, -0.101208, -0.107099",-0.5451614388843171,1.2709899564898923,0.4808703212607319,Alanine N,Serine N,136,SER,136,A,8,32,7,0,9,44,9,0,12,57,11,0,16,72,14,1,23,90,20,1,0,0,0.020504786
1QT8,2154,CA,-3.910227,6.601506,-13.885279,8,"['2153', '2155', '2158', '2159']",,"-0.117723, -0.425403, -0.560610",0.0,0.0,0.0,Alanine CA,Serine CA,136,SER,136,A,7,32,7,0,9,44,9,0,13,61,10,1,17,72,16,1,25,90,19,2,0,0,0.0025158923
1QT8,2155,C,-2.967707,7.68322,-13.328304,9,"['2154', '2156', '2164']",,"-0.258661, -0.209438, 0.022262",1.5390484978781542,0.0,1.1102230246251563e-16,Alanine C,Serine C,136,SER,136,A,8,28,7,0,9,40,10,0,13,55,11,1,16,72,15,1,22,85,21,1,0,0,0.04151222
1QT8,2156,O,-1.79264,7.760758,-13.697108,11,['2155'],,"-0.170371, 0.025798, 0.003626",2.179693339435356,1.0546967210222795,0.0,Alanine O,Serine O,136,SER,136,A,8,31,8,0,10,43,10,0,15,57,13,0,16,71,16,1,22,80,20,1,0,0,0.0022322063
1QT8,2157,HN,-2.409803,6.101345,-15.276088,10,['2153'],,"0.388337, -0.089139, -0.084192",0.0640022909523654,2.082352571979912,0.3090216058781153,Alanine HN,Serine HN,136,SER,136,A,8,30,9,0,10,44,10,0,12,57,12,0,17,79,17,0,22,91,18,1,0,0,0.0008848819
1QT8,2158,H,-4.909325,7.078046,-14.058812,12,['2154'],,"-0.360031, 0.121512, -0.131995",-0.3397185993786615,-0.8110563740180179,0.6943916176725817,Alanine HA,Serine HA,136,SER,136,A,6,23,6,0,8,37,7,0,11,50,11,0,17,67,15,1,22,80,17,1,0,0,0.12653811
1QT8,2159,C,-4.051887,5.449002,-12.849112,33,"['2154', '2160', '2161', '2162']",,"-0.133616, -0.323312, -0.023102",-0.5218016075115117,-0.2879271988037974,-1.4376355894636168,Serine CB,Serine CB,136,SER,136,A,7,34,7,0,9,50,10,1,13,66,13,1,19,82,20,2,30,108,23,2,0,0,0.008805623
1QT8,2160,OH,-2.776518,4.917372,-12.507138,35,"['2159', '2163']",,"-0.186259, -0.199438, -0.223441",0.0093448416335356,0.6517029964718979,-2.3656018094435067,Serine OG,Serine OG,136,SER,136,A,8,42,8,0,10,55,10,1,14,72,15,2,23,92,21,2,29,117,26,2,0,0,0.0
1QT8,2161,H,-4.699056,4.634377,-13.248593,34,['2159'],,"-0.057529, -0.045470, -0.069696",-1.6352570479785158,-0.2528191476911535,-1.4694330954743429,Serine HB,Serine HB,136,SER,136,A,6,34,7,0,10,51,10,1,14,65,15,2,20,85,17,2,30,106,24,3,0,0,0.026546456
1QT8,2162,H,-4.545294,5.798188,-11.913309,34,['2159'],,"-0.025766, -0.068242, -0.113646",-0.2398791757706039,-1.3104497106608284,-1.7783349294701405,Serine HB,Serine HB,136,SER,136,A,6,32,6,1,9,47,9,1,12,62,12,1,20,82,20,2,31,104,24,2,0,0,0.04247433
1QT8,2163,HO,-2.713963,4.065141,-12.933175,36,['2160'],,"-0.002617, -0.302480, -0.172177",-0.7055142579502809,1.2419399440564232,-2.59432685005629,Serine HG,Serine HG,136,SER,136,A,8,46,9,0,11,60,11,1,17,73,14,2,21,96,20,2,31,125,29,2,0,0,0.0
1QT8,2164,N,-3.472922,8.493299,-12.34526,7,"['2155', '2165', '2168']",,"-0.130155, 0.043358, -0.103654",-0.5200385376109282,-1.116455694995354,-0.7891769176065189,Alanine N,Arginine N,137,ARG,137,A,7,22,6,0,7,34,10,0,11,45,11,1,13,64,16,1,15,81,19,1,0,0,0.02392225
1QT8,2165,CA,-2.640481,9.430412,-11.591221,8,"['2164', '2166', '2169', '2170']",,"-0.293943, 0.386587, -0.365020",0.0,0.0,0.0,Alanine CA,Arginine CA,137,ARG,137,A,6,20,8,0,9,30,10,0,10,43,12,1,13,59,14,1,15,70,16,1,0,0,0.0
1QT8,2166,C,-1.602344,8.677282,-10.739501,9,"['2165', '2167', '2188']",,"-0.182947, -0.049265, -0.067928",1.5395974103865595,8.326672684688674e-17,0.0,Alanine C,Arginine C,137,ARG,137,A,8,25,8,0,10,40,12,1,13,52,13,1,14,67,16,1,17,84,19,1,0,0,0.0
1QT8,2167,O,-0.4818,9.153687,-10.56838,11,['2166'],,"-0.275448, -0.090023, -0.034152",2.156791529178574,1.063453993518548,0.0,Alanine O,Arginine O,137,ARG,137,A,9,27,8,0,10,36,12,1,12,53,14,1,15,65,15,1,18,81,18,1,0,0,0.0
1QT8,2168,HN,-4.459759,8.410452,-12.063355,10,['2164'],,"-0.110949, -0.011954, 0.014956",-0.9889749687119178,-1.875866385459856,-0.2757810218326085,Alanine HN,Arginine HN,137,ARG,137,A,4,19,6,0,7,32,8,1,9,42,11,1,13,57,13,1,17,79,19,1,0,0,0.10353118
1QT8,2169,H,-2.035208,10.006134,-12.336053,12,['2165'],,"0.284588, 0.181193, -0.260973",-0.2855457677008032,0.9415476793763352,-0.5334205808236067,Alanine HA,Arginine HA,137,ARG,137,A,7,18,8,0,9,27,10,0,10,39,12,0,12,55,14,1,14,65,15,1,0,0,0.050438266
1QT8,2170,C,-3.433216,10.459153,-10.702106,202,"['2165', '2171', '2177', '2178']",,"-0.053891, 0.259710, 0.067749",-0.5458999934365809,0.0854530822504011,1.4737548223605064,Arginine CB,Arginine CB,137,ARG,137,A,5,16,4,0,6,24,8,0,8,33,11,1,10,47,13,1,13,61,16,1,0,0,0.0
1QT8,2171,C,-2.509961,11.469191,-9.953524,204,"['2170', '2172', '2179', '2180']",,"0.138385, -0.072231, -0.161906",-0.0033182039379483,1.3163054022073597,2.263412428765988,Arginine CG,Arginine CG,137,ARG,137,A,5,15,6,0,7,21,7,0,8,28,9,1,11,43,12,1,13,57,17,1,0,0,0.0
1QT8,2172,C,-3.202117,12.63235,-9.200658,206,"['2171', '2173', '2181', '2182']",,"-0.005710, 0.103447, -0.210492",-0.6225266119870629,1.5885752726824194,3.656709262396846,Arginine CD,Arginine CD,137,ARG,137,A,3,7,4,0,5,14,6,0,7,21,7,0,9,31,9,1,11,45,13,1,0,0,0.020127138
1QT8,2173,N,-2.194041,13.537825,-8.650827,208,"['2172', '2174', '2183']",,"0.092388, -0.005682, -0.114162",-0.0815522888535353,2.8309118464003613,4.206584653076394,Arginine NE,Arginine NE,137,ARG,137,A,3,6,3,0,3,14,5,0,7,18,9,0,9,31,11,1,12,42,11,1,0,0,0.03075718
1QT8,2174,C,-1.579573,13.530494,-7.457311,210,"['2173', '2175', '2176']",,"0.315362, 0.173893, 0.045520",0.9966286683677544,3.041390731755708,4.978160683773274,Arginine CZ,Arginine CZ,137,ARG,137,A,3,8,3,0,4,13,6,0,7,23,9,0,9,35,12,1,15,51,15,1,0,0,0.05157579
1QT8,2175,N,-1.862286,12.626961,-6.518128,211,"['2174', '2184', '2185']",,"0.229832, 0.112907, 0.102173",1.7675470392105543,2.0424454538015024,5.409619172039616,Arginine NH,Arginine NH,137,ARG,137,A,3,9,3,0,5,17,6,0,9,29,10,1,11,46,14,1,16,63,18,1,0,0,0.08087999
1QT8,2176,N,-0.67662,14.475971,-7.203661,211,"['2174', '2186', '2187']",,"0.239655, 0.028454, 0.234109",1.2833014053920282,4.290810696376335,5.339211503038934,Arginine NH,Arginine NH,137,ARG,137,A,3,8,4,0,4,13,6,0,6,24,8,0,9,34,12,0,12,46,14,1,1,0,0.06721013
1QT8,2177,H,-4.07323,9.917463,-9.965041,203,['2170'],,"-0.018386, 0.037169, -0.011938",-0.3047241022087739,-0.8529539573991409,2.0283151959427324,Arginine HB,Arginine HB,137,ARG,137,A,5,12,3,0,6,25,7,1,9,36,12,1,11,46,13,1,17,67,19,1,0,0,0.14777528
1QT8,2178,H,-4.134926,11.037272,-11.350623,203,['2170'],,"0.019047, 0.053742, -0.014276",-1.6606230790964176,0.1476537109114316,1.4469905618404753,Arginine HB,Arginine HB,137,ARG,137,A,5,11,3,0,6,18,6,0,7,26,10,1,9,37,12,1,11,51,15,1,0,0,0.17786126
1QT8,2179,H,-1.819172,11.916286,-10.710748,205,['2171'],,"0.065858, 0.066730, -0.045037",-0.1751357588080768,2.222339537045804,1.630915438996074,Arginine HG,Arginine HG,137,ARG,137,A,5,16,7,0,8,18,9,0,8,24,10,0,10,40,11,1,13,53,14,1,0,0,0.055747557
1QT8,2180,H,-1.855598,10.911449,-9.243764,205,['2171'],,"0.063582, -0.000998, -0.022089",1.1033915436207922,1.2278498121636243,2.365370631876297,Arginine HG,Arginine HG,137,ARG,137,A,6,19,7,0,7,23,9,1,10,36,9,1,12,48,15,1,13,68,19,1,0,0,0.010618582
1QT8,2181,H,-3.891432,12.259825,-8.412787,207,['2172'],,"-0.136287, -0.015687, -0.069869",-0.4692385942086055,0.7331854248918077,4.349155469255766,Arginine HD,Arginine HD,137,ARG,137,A,2,6,3,0,3,11,5,0,5,21,6,1,8,33,8,1,11,53,15,1,0,0,0.14246598
1QT8,2182,H,-3.837351,13.207656,-9.911898,207,['2172'],,"-0.125928, 0.071021, -0.204988",-1.725748433600506,1.7027926514850036,3.5556272724709297,Arginine HD,Arginine HD,137,ARG,137,A,2,4,4,0,3,9,5,0,6,16,6,0,8,25,9,1,9,35,12,1,0,0,0.20617747
1QT8,2183,HN,-1.860374,14.229595,-9.34291,209,['2173'],,"0.231716, 0.265396, -0.278533",-0.5778259311228877,3.6690472856459424,3.860030564733277,Arginine HE,Arginine HE,137,ARG,137,A,3,5,3,0,3,12,5,0,6,17,8,0,8,26,11,0,10,36,11,1,0,0,0.13273229
1QT8,2184,HN,-2.599094,11.921691,-6.644487,212,['2175'],,"0.142102, 0.139491, -0.005050",1.5458201534850915,1.0584874331718823,5.212332070509564,Arginine HH,Arginine HH,137,ARG,137,A,2,8,3,0,4,17,4,1,8,29,8,1,11,51,15,1,16,64,18,1,0,0,0.17255197
1QT8,2185,HN,-1.269176,12.631232,-5.675798,212,['2175'],,"0.320504, 0.160032, 0.063351",2.631371644570262,2.3035131305616194,5.90657818621203,Arginine HH,Arginine HH,137,ARG,137,A,3,13,4,0,6,21,7,0,9,31,10,1,12,47,13,1,17,65,19,1,0,0,0.024776693
1QT8,2186,HN,-0.516925,15.248195,-7.865695,212,['2176'],,"0.000021, -0.054174, 0.025553",0.6469874152697481,5.067786462258528,5.1121992091792325,Arginine HH,Arginine HH,137,ARG,137,A,1,8,3,0,3,12,5,0,6,20,7,0,7,27,10,0,11,39,14,0,0,0,0.1999833
1QT8,2187,HN,-0.121557,14.410694,-6.330721,212,['2176'],,"0.163166, -0.253540, 0.521706",2.172426024728262,4.470875001994223,5.840624029239214,Arginine HH,Arginine HH,137,ARG,137,A,2,10,5,0,4,16,6,0,7,26,10,0,11,35,11,0,12,50,16,1,0,0,0.03274063
1QT8,2188,N,-1.981067,7.48741,-10.201403,7,"['2166', '2189', '2192']",,"-0.197448, -0.079187, 0.020597",-0.5534486404076268,-0.8671838523344113,-1.031766314590858,Alanine N,Tryptophan N,138,TRP,138,A,8,28,7,1,14,41,12,1,16,55,15,1,17,72,18,1,24,92,24,2,0,0,0.009113238
1QT8,2189,CA,-1.124278,6.619159,-9.404592,8,"['2188', '2190', '2193', '2194']",,"-0.399217, 0.042808, 0.353157",0.0,0.0,0.0,Alanine CA,Tryptophan CA,138,TRP,138,A,9,31,9,1,13,48,13,1,16,67,16,1,22,86,22,2,30,101,25,2,0,0,0.0
1QT8,2190,C,0.174533,6.264744,-10.126345,9,"['2189', '2191', '2212']",,"-0.096317, -0.098995, -0.146775",1.5275625679346172,0.0,2.775557561562892e-17,Alanine C,Tryptophan C,138,TRP,138,A,10,37,10,1,17,50,14,1,19,67,16,1,22,87,19,2,27,107,26,2,0,0,0.0
1QT8,2191,O,1.259504,6.399014,-9.555812,11,['2190'],,"-0.288981, -0.130853, -0.077113",2.1493381226774924,1.0649382927447906,2.0816681711721685e-17,Alanine O,Tryptophan O,138,TRP,138,A,8,37,10,0,16,52,15,1,20,68,17,1,22,88,20,1,30,105,26,2,0,0,0.0
1QT8,2192,HN,-2.921724,7.114523,-10.382732,10,['2188'],,"-0.089673, -0.077445, -0.049280",-1.181052499725313,-1.6032626930976572,-0.6838268822047284,Alanine HN,Tryptophan HN,138,TRP,138,A,7,26,7,1,11,41,10,1,15,56,15,1,19,74,18,2,23,94,26,2,0,0,0.013273228
1QT8,2193,H,-0.795558,7.184469,-8.498927,12,['2189'],,"0.237492, 0.174162, 0.266120",-0.2795797903403979,1.0546183728674938,-0.2397426853285356,Alanine HA,Tryptophan HA,138,TRP,138,A,9,33,9,1,13,42,13,1,16,61,16,1,23,84,21,2,30,98,26,2,0,0,0.06548126
1QT8,2194,C,-1.911176,5.350888,-8.96078,89,"['2189', '2195', '2204', '2205']",,"0.205086, -0.483164, 0.273406",-0.5844998908661508,-0.3825715764163845,1.391649291195428,Tryptophan CB,Tryptophan CB,138,TRP,138,A,7,29,6,1,11,51,9,2,17,77,19,2,29,97,25,2,35,116,31,2,0,0,0.0
1QT8,2195,C,-1.062832,4.234922,-8.365681,91,"['2194', '2196', '2197']",,"-0.125268, -0.050973, 0.070175",0.1145478226234512,0.251700592897125,2.5867399090116225,Tryptophan CG,Tryptophan CG,138,TRP,138,A,7,33,6,2,13,60,10,2,22,81,19,2,31,110,26,2,37,126,37,2,0,0,0.0
1QT8,2196,C,-0.357787,4.307161,-7.159794,92,"['2195', '2198', '2206']",,"0.070364, -0.077476, 0.054113",0.1274867730886499,1.6176070719885882,2.8877423273604146,Tryptophan CD1,Tryptophan CD1,138,TRP,138,A,7,33,5,1,16,54,14,2,22,76,18,2,30,108,29,2,38,134,39,2,0,0,0.0
1QT8,2197,C,-0.954062,2.930307,-8.80899,94,"['2195', '2199', '2200']",,"0.047055, 0.193133, 0.064173",0.7191753630984622,-0.3924901580059169,3.649668831544128,Tryptophan CD2,Tryptophan CD2,138,TRP,138,A,5,38,8,2,15,61,12,2,24,91,19,2,27,115,29,2,38,144,41,2,0,0,0.0
1QT8,2198,N,0.151146,3.06034,-6.909167,95,"['2196', '2199', '2207']",,"0.131992, -0.022694, 0.203254",0.731068631927746,1.7607753854864705,4.109045349279837,Tryptophan NE1,Tryptophan NE1,138,TRP,138,A,9,35,7,2,18,52,12,2,22,81,20,2,30,114,32,2,39,148,39,2,0,0,0.0
1QT8,2199,C,-0.204724,2.209482,-7.903863,97,"['2197', '2198', '2201']",,"0.080618, 0.149795, 0.189625",1.0958810470037967,0.5450320161481029,4.587483315160656,Tryptophan CE2,Tryptophan CE2,138,TRP,138,A,8,36,7,2,16,62,12,2,24,87,18,2,31,118,33,2,41,153,40,2,0,0,0.0
1QT8,2200,C,-1.488857,2.318921,-9.945944,98,"['2197', '2202', '2208']",,"0.030358, 0.042873, 0.034556",0.9435109863982272,-1.754525927735164,3.866452182458734,Tryptophan CE3,Tryptophan CE3,138,TRP,138,A,9,35,8,2,13,57,14,2,19,86,19,2,28,119,29,2,40,147,37,2,0,0,0.0
1QT8,2201,C,0.050961,0.850147,-8.031385,100,"['2199', '2203', '2209']",,"-0.037842, 0.116229, 0.041221",1.6889137709273994,0.219571036107697,5.800667415271141,Tryptophan CZ2,Tryptophan CZ2,138,TRP,138,A,8,40,10,2,15,65,14,2,25,90,21,2,37,124,28,2,39,160,39,3,0,0,0.0
1QT8,2202,C,-1.249041,0.937544,-10.112344,102,"['2200', '2203', '2210']",,"0.009400, 0.045320, 0.014057",1.5465344610284502,-2.125595344439746,5.087956692076449,Tryptophan CZ3,Tryptophan CZ3,138,TRP,138,A,7,39,5,2,12,58,15,2,19,95,23,2,33,126,28,2,42,161,35,2,0,0,0.0
1QT8,2203,C,-0.492899,0.208214,-9.162904,104,"['2201', '2202', '2211']",,"0.013496, 0.034327, 0.003999",1.91006122088014,-1.1507784854688208,6.048524062437211,Tryptophan CH2,Tryptophan CH2,138,TRP,138,A,7,39,8,2,13,62,15,2,25,95,22,2,35,127,29,2,43,165,37,3,0,0,0.0
1QT8,2204,H,-2.463858,4.935039,-9.834761,90,['2194'],,"0.004217, -0.030957, -0.101043",-0.5449911517854322,-1.4893780134787182,1.516745824719084,Tryptophan HB,Tryptophan HB,138,TRP,138,A,6,30,7,1,11,52,10,2,18,74,15,2,22,99,25,2,37,119,33,2,0,0,0.0
1QT8,2205,H,-2.683832,5.62452,-8.206524,90,['2194'],,"0.028142, -0.002781, -0.004750",-1.6613133468858496,-0.1024657335563161,1.4444449067952363,Tryptophan HB,Tryptophan HB,138,TRP,138,A,4,23,4,1,11,46,10,2,14,68,13,2,28,93,26,2,35,112,32,2,0,0,0.04247433
1QT8,2206,H,-0.222496,5.153194,-6.46804,93,['2196'],,"0.027472, -0.081324, 0.016561",-0.28061753932514,2.470991196485308,2.324017665373523,Tryptophan HD1,Tryptophan HD1,138,TRP,138,A,8,28,6,1,14,50,12,1,20,70,18,2,30,95,27,2,38,126,36,2,0,0,0.052208032
1QT8,2207,HN,0.701617,2.809134,-6.074472,96,['2198'],,"0.087168, 0.013475, 0.390770",0.8630078063790443,2.6600764410441906,4.595551448953705,Tryptophan HE1,Tryptophan HE1,138,TRP,138,A,11,32,8,2,16,48,14,2,23,75,21,2,28,120,31,2,37,151,36,3,0,0,0.0
1QT8,2208,H,-2.085625,2.877032,-10.690327,99,['2200'],,"0.007524, -0.018018, -0.040327",0.6583304650510682,-2.524443963944796,3.1264357822369107,Tryptophan HE3,Tryptophan HE3,138,TRP,138,A,8,36,8,2,10,51,11,2,16,82,18,2,28,115,27,2,39,143,38,2,0,0,0.0
1QT8,2209,H,0.633525,0.293172,-7.273265,101,['2201'],,"-0.003659, 0.026349, 0.034562",1.9552632155980103,0.993515331522372,6.545258645436886,Tryptophan HZ2,Tryptophan HZ2,138,TRP,138,A,12,34,9,2,16,60,16,2,25,93,22,2,32,128,27,3,41,168,40,3,0,0,0.0
1QT8,2210,H,-1.669129,0.415933,-10.991027,103,['2202'],,"-0.002769, 0.017844, 0.000666",1.7255411637559976,-3.194614698992093,5.301942667142795,Tryptophan HZ3,Tryptophan HZ3,138,TRP,138,A,7,41,7,1,11,60,15,2,18,91,22,2,31,124,30,2,42,161,36,2,0,0,0.0
1QT8,2211,H,-0.336326,-0.877392,-9.308335,105,['2203'],,"-0.007110, 0.000151, 0.001485",2.3637768723922714,-1.470956322248133,7.005516187657812,Tryptophan HH2,Tryptophan HH2,138,TRP,138,A,8,37,10,1,15,61,15,2,22,100,21,2,34,128,30,3,44,167,38,3,0,0,0.0
1QT8,2212,N,0.05759,5.83978,-11.408238,7,"['2190', '2213', '2216']",,"-0.240487, -0.163822, -0.148926",-0.5601902572311392,-0.9166244744834862,-0.97156173378699,Alanine N,Tyrosine N,139,TYR,139,A,12,44,9,0,15,56,14,1,20,71,17,1,23,90,20,2,27,104,25,2,0,0,0.0
1QT8,2213,CA,1.195989,5.461519,-12.219972,8,"['2212', '2214', '2217', '2218']",,"-0.396898, -0.553923, 0.016585",0.0,0.0,0.0,Alanine CA,Tyrosine CA,139,TYR,139,A,14,42,11,0,15,54,13,0,18,70,18,1,24,86,22,1,29,105,22,2,0,0,0.0
1QT8,2214,C,2.131802,6.630921,-12.504611,9,"['2213', '2215', '2233']",,"-0.175994, -0.105440, -0.042502",1.5245544821009185,1.3877787807814457e-17,0.0,Alanine C,Tyrosine C,139,TYR,139,A,11,37,11,0,15,50,12,0,18,62,17,0,23,72,20,1,27,88,23,1,0,0,0.0
1QT8,2215,O,3.342923,6.49236,-12.364763,11,['2214'],,"-0.228933, 0.032848, -0.003619",2.1355809045186227,1.064057048082208,5.551115123125783e-17,Alanine O,Tyrosine O,139,TYR,139,A,9,35,10,0,14,50,13,0,19,59,15,0,22,72,19,0,27,82,23,1,0,0,0.0
1QT8,2216,HN,-0.867524,5.752715,-11.854874,10,['2212'],,"-0.260503, -0.060552, -0.139587",-1.1114448553940457,-1.700408771766556,-0.5911665615598214,Alanine HN,Tyrosine HN,139,TYR,139,A,11,42,9,0,13,54,13,1,18,67,17,1,22,85,19,2,27,108,26,2,0,0,0.0
1QT8,2217,H,1.813564,4.743374,-11.628238,12,['2213'],,"0.274674, -0.171295, 0.191579",-0.2822438062351363,1.0362942311343253,-0.3061257074563011,Alanine HA,Tyrosine HA,139,TYR,139,A,14,44,11,0,16,62,14,0,21,74,19,1,23,89,22,2,32,109,26,2,0,0,0.0
1QT8,2218,C,0.753956,4.776143,-13.531594,70,"['2213', '2219', '2226', '2227']",,"-0.060177, -0.136599, -0.340791",-0.5521623060416649,-0.2691876535893437,1.417088741148843,Tyrosine CB,Tyrosine CB,139,TYR,139,A,13,38,11,0,15,54,14,0,17,71,17,0,23,86,22,1,28,107,25,2,0,0,0.0
1QT8,2219,C,1.902831,4.33245,-14.414924,72,"['2218', '2220', '2221']",,"-0.015064, 0.113199, -0.104316",-0.0223636952724809,0.6759236098343256,2.4768657292698144,Tyrosine CG,Tyrosine CG,139,TYR,139,A,12,35,10,0,16,53,14,0,19,66,19,0,23,83,20,0,27,102,24,1,0,0,0.0
1QT8,2220,C,2.555111,3.112478,-14.175022,73,"['2219', '2222', '2228']",,"0.024811, 0.042539, -0.052866",-0.6025404412442584,1.9419118244295703,2.655814416684794,Tyrosine CD,Tyrosine CD,139,TYR,139,A,9,38,8,0,18,53,15,0,22,74,19,0,23,89,23,0,27,106,25,1,0,0,0.0
1QT8,2221,C,2.339235,5.122773,-15.492749,73,"['2219', '2223', '2229']",,"-0.118393, 0.108615, -0.137916",1.052959543562404,0.3105743278690752,3.305699524646867,Tyrosine CD,Tyrosine CD,139,TYR,139,A,8,24,9,0,14,44,13,0,15,59,16,0,21,74,20,0,25,86,21,0,0,0,0.0037738383
1QT8,2222,C,3.609189,2.689511,-14.988819,75,"['2220', '2224', '2230']",,"-0.055491, 0.024156, -0.049711",-0.1280150553321322,2.8173040807447305,3.63599864737329,Tyrosine CE,Tyrosine CE,139,TYR,139,A,9,26,7,0,13,40,15,0,21,63,16,0,25,82,22,0,26,98,23,0,0,0,0.0075476766
1QT8,2223,C,3.393705,4.701139,-16.308664,75,"['2221', '2224', '2231']",,"-0.221270, -0.025818, -0.135949",1.529143457912633,1.185008416438578,4.287541366565777,Tyrosine CE,Tyrosine CE,139,TYR,139,A,7,17,5,0,10,29,10,0,14,47,14,0,19,67,19,0,24,82,20,0,0,0,0.028932761
1QT8,2224,C,4.036216,3.481037,-16.060097,77,"['2222', '2223', '2225']",,"-0.111062, 0.047847, -0.081584",0.9412527361334476,2.445462903148277,4.457523174984611,Tyrosine CZ,Tyrosine CZ,139,TYR,139,A,8,19,3,0,10,31,12,0,14,50,14,0,24,71,19,0,26,87,22,0,0,0,0.0012579461
1QT8,2225,OH,5.053813,3.030721,-16.846041,78,"['2224', '2232']",,"-0.100391, 0.030110, -0.044740",1.3672069359794945,3.3144457888138565,5.416391200030206,Tyrosine OH,Tyrosine OH,139,TYR,139,A,5,15,2,0,8,25,6,0,11,34,14,0,19,55,15,0,23,77,20,0,0,0,0.108262
1QT8,2226,H,0.100044,5.454257,-14.128849,71,['2218'],,"-0.067059, -0.009662, -0.140734",-0.3218979321288129,-1.3125050632612112,1.7374325198415272,Tyrosine HB,Tyrosine HB,139,TYR,139,A,10,30,10,0,14,50,14,0,16,65,16,0,20,82,18,1,28,99,24,2,0,0,0.0
1QT8,2227,H,0.123391,3.886829,-13.302582,71,['2218'],,"0.008617, 0.034645, 0.009883",-1.6641214135344091,-0.2024647373518771,1.4113353354002274,Tyrosine HB,Tyrosine HB,139,TYR,139,A,13,41,12,0,14,60,14,0,19,78,17,1,25,99,21,2,28,112,25,2,0,0,0.0
1QT8,2228,H,2.222317,2.455129,-13.356842,74,['2220'],,"-0.006282, 0.005760, -0.035058",-1.4637914750745364,2.2508211145398027,2.043360521402162,Tyrosine HD,Tyrosine HD,139,TYR,139,A,11,41,10,0,20,60,14,0,22,80,20,0,25,97,24,1,30,113,25,2,0,0,0.0
1QT8,2229,H,1.827758,6.068661,-15.735354,74,['2221'],,"-0.091348, 0.056515, -0.119174",1.5098348772731036,-0.6890097165110056,3.22045467867072,Tyrosine HD,Tyrosine HD,139,TYR,139,A,9,23,8,0,11,35,11,0,15,51,16,0,18,68,17,0,22,83,20,0,0,0,0.0061941734
1QT8,2230,H,4.070158,1.70583,-14.810387,76,['2222'],,"-0.060055, 0.012767, -0.035468",-0.6329012112878545,3.783456413536221,3.789616181241711,Tyrosine HE,Tyrosine HE,139,TYR,139,A,9,26,8,0,14,40,11,0,21,63,16,0,25,87,21,0,31,102,24,0,0,0,0.021237165
1QT8,2231,H,3.676401,5.319328,-17.176434,76,['2223'],,"-0.130404, -0.025154, -0.093926",2.338864097187421,0.8472498077299553,4.954902625265024,Tyrosine HE,Tyrosine HE,139,TYR,139,A,5,14,5,0,10,23,6,0,11,35,13,0,15,56,17,0,20,74,20,0,0,0,0.16281827
1QT8,2232,HO,5.051126,3.464454,-17.689689,79,['2225'],,"-0.026037, 0.003400, -0.042165",1.8557620122012288,2.8634781390185395,6.0930119205953295,Tyrosine HH,Tyrosine HH,139,TYR,139,A,2,12,2,0,8,18,3,0,9,31,11,0,15,45,14,0,21,66,19,0,0,0,0.22741464
1QT8,2233,N,1.598812,7.810123,-12.91033,7,"['2214', '2234', '2237']",,"-0.208716, -0.115732, -0.099248",-0.5935831017402438,-1.109750616660344,-0.7325995597462632,Alanine N,Asparagine N,140,ASN,140,A,7,38,9,0,13,48,10,0,16,56,12,0,20,72,16,0,21,85,21,1,0,0,0.0
1QT8,2234,CA,2.464989,8.939458,-13.218436,8,"['2233', '2235', '2238', '2239']",,"-0.084425, -0.098629, -0.303652",0.0,0.0,0.0,Alanine CA,Asparagine CA,140,ASN,140,A,8,29,8,0,10,38,9,0,15,48,11,0,19,59,14,0,21,76,17,0,0,0,0.0
1QT8,2235,C,3.175921,9.532536,-11.997667,9,"['2234', '2236', '2247']",,"-0.170489, -0.019870, -0.039249",1.5321366695138532,0.0,-1.1102230246251563e-16,Alanine C,Asparagine C,140,ASN,140,A,7,28,7,0,10,37,10,0,14,45,11,0,19,63,13,0,22,77,19,0,0,0,0.0
1QT8,2236,O,4.306459,10.00138,-12.126809,11,['2235'],,"-0.120827, 0.019004, -0.036721",2.13531011444108,1.0727489535201702,-8.326672684688674e-17,Alanine O,Asparagine O,140,ASN,140,A,5,24,7,0,8,30,9,0,11,41,11,0,19,54,13,0,21,70,15,0,0,0,0.1741121
1QT8,2237,HN,0.585337,7.913115,-13.066812,10,['2233'],,"-0.203455, -0.029325, -0.009194",-1.1486627567764036,-1.801866987116316,-0.2081121430003611,Alanine HN,Asparagine HN,140,ASN,140,A,8,39,9,0,12,46,11,0,16,57,12,0,20,69,15,1,21,86,21,1,0,0,0.0
1QT8,2238,H,3.324519,8.547549,-13.818072,12,['2234'],,"0.385542, -0.154411, -0.097050",-0.2306466982074967,0.936421607756916,-0.5673310240141403,Alanine HA,Asparagine HA,140,ASN,140,A,6,26,9,0,9,35,9,0,13,50,11,0,19,61,14,0,21,72,17,0,0,0,0.0044244095
1QT8,2239,C,1.757056,10.042825,-14.058366,147,"['2234', '2240', '2243', '2244']",,"0.138762, 0.090231, -0.123094",-0.5706214422616782,0.1581132103422078,1.4399519632350528,Asparagine CB,Asparagine CB,140,ASN,140,A,8,24,7,0,9,33,7,0,12,41,12,0,14,49,12,0,18,60,14,0,0,0,0.010063569
1QT8,2240,C,1.309644,9.583535,-15.444542,149,"['2239', '2241', '2242']",,"0.470085, -0.212547, 0.017539",-2.0604852627472847,0.4904446514318313,1.489654221647816,Asparagine CG,Asparagine CG,140,ASN,140,A,5,21,6,0,8,32,8,0,11,39,10,0,14,48,11,0,18,60,14,0,0,0,0.04151222
1QT8,2241,O,0.152002,9.795324,-15.840092,150,['2240'],,"0.437421, -0.318850, 0.105385",-2.8308294149608733,-0.1562388182032121,2.217541411008991,Asparagine OD1,Asparagine OD1,140,ASN,140,A,6,18,5,0,6,28,7,0,11,36,9,0,13,46,12,0,15,57,14,0,0,0,0.3158572
1QT8,2242,N,2.245719,8.953922,-16.183091,151,"['2240', '2245', '2246']",,"0.152420, -0.192718, -0.231419",-2.4583098714934497,1.5143682936464111,0.7077210298820558,Asparagine ND2,Asparagine ND2,140,ASN,140,A,4,20,5,0,8,30,6,0,10,39,11,0,13,48,11,0,16,61,14,0,0,0,0.060375202
1QT8,2243,H,2.4646,10.895469,-14.193662,148,['2239'],,"0.086117, 0.015644, 0.025635",-0.0200603053863019,0.9831440227830672,1.9519401499871187,Asparagine HB,Asparagine HB,140,ASN,140,A,7,20,6,0,9,28,7,0,11,36,9,0,13,43,11,0,17,51,14,0,0,0,0.14954504
1QT8,2244,H,0.88567,10.454106,-13.499797,148,['2239'],,"0.078930, -0.017659, 0.026943",-0.3706985197039979,-0.7601177224298141,2.037737651299444,Asparagine HB,Asparagine HB,140,ASN,140,A,8,21,7,0,11,32,7,0,12,41,11,0,15,48,13,0,17,58,13,0,0,0,0.040704567
1QT8,2245,HN,3.237693,8.934629,-15.910803,152,['2242'],,"0.057774, -0.003163, -0.063237",-1.7885363612023544,2.141975973981528,0.2429227553954575,Asparagine HD2,Asparagine HD2,140,ASN,140,A,3,16,5,0,7,28,7,0,11,37,9,0,13,48,12,0,16,61,14,0,0,0,0.14777528
1QT8,2246,HN,1.972701,8.528996,-17.081137,152,['2242'],,"0.032914, -0.243534, -0.260879",-3.465020462701614,1.715081910696521,0.6192033401473624,Asparagine HD2,Asparagine HD2,140,ASN,140,A,4,17,4,0,6,26,6,0,9,38,9,0,12,45,12,0,16,58,15,0,0,0,0.19909842
1QT8,2247,N,2.567742,9.495466,-10.783655,7,"['2235', '2248', '2251']",,"-0.287505, 0.002433, -0.053971",-0.5885154287831913,-0.947231153668222,-0.9378590912181346,Alanine N,Glutamine N,141,GLN,141,A,10,29,8,0,12,37,11,0,15,45,11,0,18,66,15,1,23,78,19,1,0,0,0.0
1QT8,2248,CA,3.198578,10.034658,-9.585951,8,"['2247', '2249', '2252', '2253']",,"-0.315835, 0.433226, -0.315017",0.0,0.0,0.0,Alanine CA,Glutamine CA,141,GLN,141,A,9,26,9,0,12,37,10,0,16,46,11,0,18,60,14,0,24,74,20,1,0,0,0.0
1QT8,2249,C,4.292054,9.137345,-9.006895,9,"['2248', '2250', '2264']",,"-0.406279, -0.012062, -0.129018",1.528452234674346,5.551115123125783e-17,0.0,Alanine C,Glutamine C,141,GLN,141,A,7,21,6,0,14,36,10,0,18,56,13,0,21,65,16,0,25,78,22,1,0,0,0.0
1QT8,2250,O,5.372765,9.620091,-8.639957,11,['2249'],,"-0.250330, -0.444597, -0.096636",2.157215704453798,1.0678389208826882,1.1102230246251563e-16,Alanine O,Glutamine O,141,GLN,141,A,4,19,6,0,11,28,9,0,17,47,12,0,20,61,15,0,24,69,20,0,0,0,0.14620951
1QT8,2251,HN,1.625611,9.097238,-10.673794,10,['2247'],,"-0.264026, -0.079310, -0.002666",-0.9871191868560154,-1.8082923433633429,-0.5404242259671805,Alanine HN,Glutamine HN,141,GLN,141,A,10,33,8,0,13,40,11,0,15,51,13,0,20,71,15,1,23,84,19,1,0,0,0.0
1QT8,2252,H,3.750228,10.96125,-9.885874,12,['2248'],,"0.245519, 0.292438, -0.134762",-0.2629452301266246,1.0289567019678638,-0.3534857484002315,Alanine HA,Glutamine HA,141,GLN,141,A,9,23,7,0,9,30,10,0,13,40,11,0,17,51,13,0,21,65,16,0,0,0,0.034510393
1QT8,2253,C,2.18568,10.402136,-8.464639,167,"['2248', '2254', '2258', '2259']",,"-0.422723, 0.374065, 0.097459",-0.5155673044358485,-0.1700908277832204,1.4572585580921358,Glutamine CB,Glutamine CB,141,GLN,141,A,9,25,7,0,13,35,10,0,15,44,11,0,19,56,16,1,21,77,19,1,0,0,0.0
1QT8,2254,C,1.196035,11.521984,-8.853666,169,"['2253', '2255', '2260', '2261']",,"-0.075918, -0.017921, 0.230235",-2.0283889618615105,0.0916903310608401,1.6235114785360572,Glutamine CG,Glutamine CG,141,GLN,141,A,8,22,7,0,11,31,10,0,13,39,10,0,16,46,12,1,18,65,18,1,0,0,0.0
1QT8,2255,C,1.855877,12.782038,-9.391001,171,"['2254', '2256', '2257']",,"-0.066304, 0.070966, 0.144007",-2.4996424845621825,1.4219685949593364,1.0577055859841948,Glutamine CD,Glutamine CD,141,GLN,141,A,6,17,5,0,11,26,9,0,11,32,10,0,14,39,11,0,17,51,15,1,0,0,0.0
1QT8,2256,O,1.797834,13.064685,-10.589269,172,['2255'],,"0.078835, 0.006281, 0.229678",-3.16106696813618,1.4687064399826426,0.0187456528522907,Glutamine OE1,Glutamine OE1,141,GLN,141,A,7,12,7,0,9,20,8,0,11,31,9,0,12,40,10,0,17,45,12,0,0,0,0.23438166
1QT8,2257,N,2.509688,13.5356,-8.480341,173,"['2255', '2262', '2263']",,"-0.050987, 0.030446, 0.158239",-2.129288225365717,2.519184933472763,1.7531048787356525,Glutamine NE2,Glutamine NE2,141,GLN,141,A,5,15,5,0,7,24,6,0,13,29,10,0,14,37,12,0,15,49,14,0,0,0,0.042148728
1QT8,2258,H,2.73508,10.729153,-7.547862,168,['2253'],,"0.006964, -0.006477, 0.044130",0.0328203471871572,0.525897072409603,2.138531170451233,Glutamine HB,Glutamine HB,141,GLN,141,A,10,25,8,0,11,32,8,0,15,43,14,0,18,53,16,1,23,75,17,1,0,0,0.0
1QT8,2259,H,1.61123,9.495405,-8.164192,168,['2253'],,"0.048471, 0.039568, -0.035686",-0.2803948499223546,-1.1966104676371032,1.822462137349452,Glutamine HB,Glutamine HB,141,GLN,141,A,11,25,8,0,12,39,11,0,16,52,12,1,20,67,16,1,23,85,21,1,0,0,0.02300693
1QT8,2260,H,0.58223,11.78709,-7.95857,170,['2254'],,"0.003282, 0.038881, 0.226461",-2.28404195389973,0.0484469588681689,2.710252559428977,Glutamine HG,Glutamine HG,141,GLN,141,A,9,21,5,0,10,32,8,0,14,33,11,0,15,51,15,1,17,68,17,1,0,0,0.0008848819
1QT8,2261,H,0.489308,11.161281,-9.632237,170,['2254'],,"-0.049707, -0.033058, -0.038138",-2.617194886294437,-0.7074594153769975,1.1231018714140262,Glutamine HG,Glutamine HG,141,GLN,141,A,8,21,8,0,10,30,9,0,14,39,10,0,14,51,12,1,18,65,17,1,0,0,0.0
1QT8,2262,HN,2.460786,13.296882,-7.477707,174,['2257'],,"-0.070842, -0.036597, 0.149874",-1.644279392201922,2.42072400550355,2.658491262828397,Glutamine HE2,Glutamine HE2,141,GLN,141,A,5,16,5,0,9,24,7,0,11,29,9,0,14,42,14,0,17,51,15,0,0,0,0.02831622
1QT8,2263,HN,2.979952,14.389678,-8.806118,174,['2257'],,"-0.022711, -0.002626, 0.001116",-2.4176819423966696,3.439093048862473,1.396276857517836,Glutamine HE2,Glutamine HE2,141,GLN,141,A,4,10,5,0,6,20,5,0,10,27,9,0,13,31,11,0,14,41,14,0,0,0,0.28139243
1QT8,2264,N,4.024518,7.815924,-8.858319,7,"['2249', '2265', '2268']",,"-0.318751, -0.026690, -0.025983",-0.4936578905559961,-0.5934598036420762,1.2384467534609285,Alanine N,Threonine N,142,THR,142,A,11,30,8,0,13,47,10,0,22,61,16,0,25,74,18,1,28,92,23,1,0,0,0.0
1QT8,2265,CA,4.970738,6.842193,-8.323381,8,"['2264', '2266', '2269', '2270']",,"-0.105346, 0.556635, 0.255386",0.0,0.0,0.0,Alanine CA,Threonine CA,142,THR,142,A,9,33,8,0,15,45,12,0,19,63,14,0,28,76,19,1,30,99,29,1,0,0,0.0
1QT8,2266,C,5.202276,5.72117,-9.352809,9,"['2265', '2267', '2278']",,"0.082222, 0.349494, 0.014690",1.5394883627871314,2.220446049250313e-16,-5.551115123125783e-17,Alanine C,Threonine C,142,THR,142,A,11,35,9,0,14,53,11,0,21,61,15,0,25,83,19,0,32,95,24,1,0,0,0.0
1QT8,2267,O,4.85512,4.561953,-9.088476,11,['2266'],,"0.080056, 0.398195, -0.137119",2.1546390481904907,1.0750641425337273,-5.551115123125783e-17,Alanine O,Threonine O,142,THR,142,A,12,43,10,0,18,56,11,0,23,71,15,0,26,86,23,1,33,107,27,1,0,0,0.0
1QT8,2268,HN,3.12179,7.419301,-9.163052,10,['2264'],,"-0.301149, -0.111974, -0.090756",-0.1368456107966883,-0.1533788442858454,2.101061147977427,Alanine HN,Threonine HN,142,THR,142,A,11,36,10,0,15,53,11,0,20,64,17,1,24,80,19,1,31,94,23,1,0,0,0.0
1QT8,2269,H,5.971497,7.32497,-8.177905,12,['2265'],,"0.337648, 0.203722, 0.104600",-0.2983117393791562,-0.6372661792508363,-0.8721567504282841,Alanine HA,Threonine HA,142,THR,142,A,9,28,6,0,12,35,12,0,20,56,13,0,25,68,19,0,29,88,26,1,0,0,0.059287086
1QT8,2270,C,4.564738,6.29066,-6.909072,37,"['2265', '2271', '2272', '2273']",,"-0.015722, 0.213357, 0.446161",-0.6051702354581701,1.419832669786881,-0.2951927734402691,Threonine CB,Threonine CB,142,THR,142,A,11,34,9,0,16,46,10,0,19,59,17,0,28,89,24,1,35,109,33,1,0,0,0.0
1QT8,2271,OH,3.321815,5.593677,-6.929613,39,"['2270', '2274']",,"0.129174, -0.036148, -0.295966",-0.2708412720022978,2.376380584874343,0.7069574394696287,Threonine OG1,Threonine OG1,142,THR,142,A,12,39,9,0,14,48,11,1,20,66,19,1,32,102,27,1,37,122,32,2,0,1,0.0
1QT8,2272,C,4.413941,7.399514,-5.851912,41,"['2270', '2275', '2276', '2277']",,"0.021738, 0.167861, 0.158645",-2.1421978838023925,1.4122922468275287,-0.3810609536470524,Threonine CG2,Threonine CG2,142,THR,142,A,12,27,6,0,15,45,12,0,19,56,20,0,26,77,24,1,34,97,31,1,0,0,0.008805623
1QT8,2273,H,5.359817,5.574661,-6.58595,38,['2270'],,"0.010673, -0.009437, -0.083678",-0.1802813372538477,1.7714608779823509,-1.2673244715707024,Threonine HB,Threonine HB,142,THR,142,A,10,28,7,0,15,43,13,0,22,59,18,0,27,86,23,1,36,111,31,1,0,0,0.04778362
1QT8,2274,HO,3.404827,4.922576,-7.597857,40,['2271'],,"0.148910, -0.047392, -0.161946",0.6771679552768055,2.366451974371816,0.7776505478194963,Threonine HG1,Threonine HG1,142,THR,142,A,13,39,10,0,14,51,12,1,20,74,18,1,32,106,27,1,38,125,32,2,0,0,0.0
1QT8,2275,H,4.20009,6.978943,-4.842276,42,['2272'],,"0.018195, -0.003280, 0.034223",-2.5432353010617583,2.41255932207021,-0.6649831910314966,Threonine HG2,Threonine HG2,142,THR,142,A,10,22,4,0,14,43,14,0,19,60,22,1,28,78,27,1,38,101,34,1,0,0,0.04247433
1QT8,2276,H,3.59467,8.111604,-6.096541,42,['2272'],,"0.006154, -0.014626, -0.025943",-2.620365639044974,1.1224767158198374,0.5809593387662635,Threonine HG2,Threonine HG2,142,THR,142,A,9,25,10,0,17,46,11,0,19,62,16,1,26,74,23,1,30,92,30,1,0,0,0.026546456
1QT8,2277,H,5.353835,7.990915,-5.761644,42,['2272'],,"0.023764, -0.000759, -0.016215",-2.4918447963522783,0.6933532042591714,-1.157062162071515,Threonine HG2,Threonine HG2,142,THR,142,A,9,22,6,0,12,40,11,0,20,49,18,0,25,67,22,0,32,88,29,1,0,0,0.06725103
1QT8,2278,N,5.741662,6.036085,-10.570733,50,"['2266', '2279', '2285']",,"-0.101531, 0.279572, -0.171528",-0.6413086973558115,-1.0340368659513643,-0.8022540610836897,Proline N,Proline N,143,PRO,143,A,10,34,8,0,14,47,10,0,18,56,15,0,23,69,19,0,29,88,19,0,0,0,0.0
1QT8,2279,CA,5.828476,5.058013,-11.647747,51,"['2278', '2280', '2282', '2283']",,"-0.726595, 0.345664, -0.514745",0.0,0.0,0.0,Proline CA,Proline CA,143,PRO,143,A,11,34,9,0,13,45,10,0,17,61,14,0,25,74,18,0,28,86,20,0,0,0,0.0
1QT8,2280,C,6.587996,3.779142,-11.330713,52,"['2279', '2281', '2292']",,"-0.124769, 0.395070, -0.022406",1.5208195889706977,5.551115123125783e-17,5.551115123125783e-17,Proline C,Proline C,143,PRO,143,A,10,34,9,0,16,44,10,0,20,61,12,0,23,71,18,0,27,88,24,0,0,0,0.0
1QT8,2281,O,6.180206,2.712046,-11.779942,53,['2280'],,"0.095265, 0.534406, 0.039192",2.1208464479406084,1.0708692825325148,-1.3877787807814457e-17,Proline O,Proline O,143,PRO,143,A,10,33,8,0,17,50,10,0,19,64,13,0,23,76,18,0,28,91,24,0,0,0,0.0
1QT8,2282,H,4.794324,4.72218,-11.918072,54,['2279'],,"-0.508112, -0.005685, -0.154367",-0.2904185754511022,1.004585421988493,-0.4022374293612595,Proline HA,Proline HA,143,PRO,143,A,10,41,9,0,14,54,14,0,19,64,17,0,26,78,17,0,28,92,22,0,0,0,0.0
1QT8,2283,C,6.44991,5.830008,-12.83222,55,"['2279', '2284', '2286', '2287']",,"0.351923, 0.268090, -0.465906",-0.5857425072029143,-0.1808311177279428,1.4175114130852364,Proline CB,Proline CB,143,PRO,143,A,11,31,7,0,11,36,8,0,13,46,14,0,19,63,16,0,26,75,18,0,0,0,0.015095353
1QT8,2284,C,7.28985,6.889399,-12.119947,57,"['2283', '2285', '2288', '2289']",,"0.129398, 0.206476, -0.312430",-0.9086331669762742,-1.674217543470257,1.4435868085706116,Proline CG,Proline CG,143,PRO,143,A,9,25,7,0,11,36,7,0,12,39,12,0,18,52,14,0,20,66,17,0,0,0,0.023900976
1QT8,2285,C,6.350132,7.298418,-10.979002,59,"['2278', '2284', '2290', '2291']",,"0.175605, 0.253154, -0.238409",-1.4840457945656331,-1.8801600324950445,0.0369560986346365,Proline CD,Proline CD,143,PRO,143,A,10,29,6,0,12,37,9,0,15,49,14,0,19,60,16,0,27,77,20,0,0,0,0.0037738383
1QT8,2286,H,5.636983,6.304208,-13.432083,56,['2283'],,"-0.173537, 0.006312, 0.004602",-1.5155384671162415,0.4288277768877829,1.5141916656851715,Proline HB,Proline HB,143,PRO,143,A,10,29,7,0,11,36,11,0,12,51,14,0,19,62,16,0,24,73,18,0,0,0,0.029201102
1QT8,2287,H,7.034561,5.197988,-13.532982,56,['2283'],,"-0.054527, 0.042909, 0.021222",0.0916296180004575,0.1407509204401872,2.23609888524084,Proline HB,Proline HB,143,PRO,143,A,10,26,6,0,11,34,8,0,12,40,13,0,15,58,15,0,24,69,16,0,0,0,0.02389181
1QT8,2288,H,7.557675,7.741527,-12.789128,58,['2284'],,"0.059182, 0.148767, -0.074639",-1.630938745237185,-1.9398900049828696,2.251886483553225,Proline HG,Proline HG,143,PRO,143,A,7,22,5,0,10,29,7,0,12,38,10,0,13,40,14,0,18,58,15,0,0,0,0.2291844
1QT8,2289,H,8.252141,6.469425,-11.746123,58,['2284'],,"0.094896, 0.065634, -0.016825",0.0030375911761671,-2.2898105063685192,1.6225511767920269,Proline HG,Proline HG,143,PRO,143,A,8,19,6,0,10,34,7,0,13,37,8,0,16,47,12,0,20,60,17,0,0,0,0.071675435
1QT8,2290,H,5.572186,8.001019,-11.358085,60,['2285'],,"-0.138866, 0.089693, -0.045105",-2.542411823571335,-1.5319952193312771,0.0023920055994996,Proline HD,Proline HD,143,PRO,143,A,9,27,8,0,13,37,10,0,15,50,13,0,19,64,16,0,28,73,19,0,0,0,0.0
1QT8,2291,H,6.908225,7.818051,-10.168919,60,['2285'],,"-0.024236, 0.061220, 0.046272",-1.4734179232808216,-2.9562697344600664,-0.2451709576993879,Proline HD,Proline HD,143,PRO,143,A,7,19,6,0,11,36,9,0,15,46,11,0,18,55,16,0,27,69,19,0,0,0,0.09379748
1QT8,2292,N,7.726137,3.856915,-10.604549,7,"['2280', '2293', '2296']",,"-0.031072, 0.203959, -0.169377",-0.5727320399553197,-0.938834721737006,-0.957250872302354,Alanine N,Asparagine N,144,ASN,144,A,9,31,6,0,13,42,9,0,17,49,10,0,20,66,13,0,22,86,21,0,0,0,0.0
1QT8,2293,CA,8.551204,2.689886,-10.316331,8,"['2292', '2294', '2297', '2298']",,"0.354443, 0.232069, -0.295040",0.0,0.0,0.0,Alanine CA,Asparagine CA,144,ASN,144,A,10,27,5,0,11,35,8,0,12,44,12,0,20,68,15,0,23,90,18,0,0,0,0.0
1QT8,2294,C,7.859767,1.676238,-9.409606,9,"['2293', '2295', '2306']",,"0.126955, 0.279428, 0.001052",1.525685950154225,-1.1102230246251563e-16,5.551115123125783e-17,Alanine C,Asparagine C,144,ASN,144,A,10,28,6,0,12,39,10,0,16,62,14,0,24,85,18,0,27,99,20,0,0,0,0.0
1QT8,2295,O,7.897323,0.472284,-9.681396,11,['2294'],,"0.025905, 0.260498, 0.050750",2.147032150775771,1.067105613482175,5.551115123125783e-17,Alanine O,Asparagine O,144,ASN,144,A,10,28,8,0,12,43,9,0,16,67,12,0,24,88,17,0,28,102,23,0,0,0,0.014509341
1QT8,2296,HN,8.09305,4.774842,-10.323765,10,['2292'],,"-0.017440, 0.089767, -0.015567",-1.1820043605027002,-1.678318546584483,-0.5857596964209391,Alanine HN,Asparagine HN,144,ASN,144,A,8,25,6,0,12,37,8,0,15,43,10,0,19,61,13,0,22,76,20,0,0,0,0.015927874
1QT8,2297,H,8.715623,2.135582,-11.272767,12,['2293'],,"0.030475, -0.208824, -0.293484",-0.2746572262585501,1.034703958520077,-0.3209477844756728,Alanine HA,Asparagine HA,144,ASN,144,A,9,27,5,0,11,32,6,0,12,43,11,0,18,66,13,0,24,89,16,0,0,0,0.005309291
1QT8,2298,C,9.926905,3.094675,-9.736976,147,"['2293', '2299', '2302', '2303']",,"0.374702, 0.028610, 0.098336",-0.5480868917679107,-0.2367082446181457,1.4267549046521568,Asparagine CB,Asparagine CB,144,ASN,144,A,9,23,3,0,10,27,5,0,11,36,9,0,14,52,15,0,21,77,16,0,0,0,0.0
1QT8,2299,C,10.773208,3.848882,-10.758544,149,"['2298', '2300', '2301']",,"0.281978, 0.095172, 0.184080",-2.0398400727662254,0.0709467380195134,1.5199160764010864,Asparagine CG,Asparagine CG,144,ASN,144,A,7,15,2,0,9,22,3,0,10,31,5,0,11,42,11,0,15,52,14,0,0,0,0.040254276
1QT8,2300,O,10.460439,3.858394,-11.957071,150,['2299'],,"0.143127, 0.080260, 0.334766",-2.6167059439561844,0.690363128767568,0.6155207000512842,Asparagine OD1,Asparagine OD1,144,ASN,144,A,5,12,2,0,8,22,3,0,10,33,8,0,12,41,10,0,15,48,12,0,0,1,0.09933318
1QT8,2301,N,11.830233,4.495315,-10.226086,151,"['2299', '2304', '2305']",,"0.252571, 0.210309, -0.043473",-2.6319204628148367,-0.4120493381616381,2.631151694076966,Asparagine ND2,Asparagine ND2,144,ASN,144,A,4,10,1,0,7,15,2,0,10,21,5,0,10,33,7,0,11,47,13,0,0,0,0.12644617
1QT8,2302,H,10.500303,2.185337,-9.443092,148,['2298'],,"0.053959, -0.036595, -0.005601",-0.0291386626661324,0.4324049208335491,2.151343738015839,Asparagine HB,Asparagine HB,144,ASN,144,A,9,21,3,0,9,27,6,0,11,38,9,0,13,53,13,0,22,74,16,0,0,0,0.06990567
1QT8,2303,H,9.803266,3.693205,-8.802004,148,['2298'],,"0.041164, -0.031250, 0.058340",-0.3340504916358985,-1.2791099560765953,1.7662906102444031,Asparagine HB,Asparagine HB,144,ASN,144,A,8,20,3,0,10,29,6,0,11,35,10,0,17,54,15,0,22,76,16,0,0,0,0.09822189
1QT8,2304,HN,12.07698,4.401495,-9.229099,152,['2301'],,"0.054759, 0.012005, 0.015459",-2.088896856015382,-0.8676321323184689,3.3803105775621507,Asparagine HD2,Asparagine HD2,144,ASN,144,A,5,7,1,0,6,15,2,0,10,20,5,0,10,33,8,0,13,46,12,0,0,0,0.23980299
1QT8,2305,HN,12.419607,5.071891,-10.845652,152,['2301'],,"0.303638, 0.289349, -0.102129",-3.650305721510401,-0.2910442556205414,2.7402977378842803,Asparagine HD2,Asparagine HD2,144,ASN,144,A,4,7,1,0,4,11,2,0,8,16,3,0,10,24,6,0,11,39,7,0,0,0,0.2990901
1QT8,2306,N,7.187747,2.157765,-8.332912,7,"['2294', '2307', '2310']",,"0.108496, 0.174695, 0.119401",-0.5095794918186694,-0.9851502341661084,-0.9411034147782528,Alanine N,Arginine N,145,ARG,145,A,11,30,7,0,14,46,14,0,18,65,17,0,22,84,19,0,25,102,24,0,0,0,0.0
1QT8,2307,CA,6.412244,1.318038,-7.433289,8,"['2306', '2308', '2311', '2312']",,"0.522145, 0.134376, 0.321641",0.0,0.0,0.0,Alanine CA,Arginine CA,145,ARG,145,A,12,34,10,0,16,48,14,0,19,72,19,0,24,97,23,1,31,124,28,2,0,0,0.0
1QT8,2308,C,5.215818,0.704177,-8.169308,9,"['2307', '2309', '2330']",,"0.037846, 0.280267, -0.038633",1.5329659060651024,0.0,-1.1102230246251563e-16,Alanine C,Arginine C,145,ARG,145,A,12,40,10,0,17,59,14,0,20,78,17,0,25,101,24,2,32,136,31,3,0,0,0.0
1QT8,2309,O,4.923645,-0.482067,-8.012326,11,['2308'],,"0.101849, 0.325153, 0.045758",2.1606449453164407,1.059812370881524,0.0,Alanine O,Arginine O,145,ARG,145,A,12,40,11,0,15,58,13,0,20,89,20,1,26,114,23,2,36,142,31,3,0,0,0.0
1QT8,2310,HN,7.189925,3.16633,-8.130488,10,['2306'],,"-0.009705, 0.123968, 0.001063",-1.0123385175084878,-1.786888663921674,-0.5378263003451312,Alanine HN,Arginine HN,145,ARG,145,A,11,28,9,0,14,43,13,0,19,60,16,0,21,79,18,0,23,99,24,0,0,0,0.01415811
1QT8,2311,H,7.051255,0.459177,-7.11083,12,['2307'],,"0.185094, -0.367480, 0.100835",-0.3096246636719675,1.0162950980136711,-0.3481866216878588,Alanine HA,Arginine HA,145,ARG,145,A,12,33,11,0,16,50,14,0,20,70,18,0,25,102,23,1,30,126,28,1,0,0,0.0
1QT8,2312,C,5.934979,2.119599,-6.187299,202,"['2307', '2313', '2319', '2320']",,"-0.035979, 0.002864, 0.280268",-0.5467225935195752,-0.2572518241081301,1.4344646742859406,Arginine CB,Arginine CB,145,ARG,145,A,12,31,9,0,16,47,14,0,18,68,20,0,26,100,24,0,33,126,31,3,0,0,0.0
1QT8,2313,C,5.208619,1.274335,-5.109891,204,"['2312', '2314', '2321', '2322']",,"0.204824, -0.182034, -0.051440",-0.1586397062497148,0.8188389338927118,2.480551874720715,Arginine CG,Arginine CG,145,ARG,145,A,13,34,10,0,15,52,17,0,21,75,19,1,26,104,28,2,35,135,32,3,0,0,0.0
1QT8,2314,C,4.10734,2.072311,-4.384947,206,"['2313', '2315', '2323', '2324']",,"-0.001976, -0.090543, -0.157270",0.0332627518663422,0.2229973851815856,3.8888385042644105,Arginine CD,Arginine CD,145,ARG,145,A,9,30,10,0,17,52,16,0,22,81,21,1,29,109,27,3,34,138,37,3,0,0,0.0
1QT8,2315,N,3.52516,1.295999,-3.293966,208,"['2314', '2316', '2325']",,"-0.016578, 0.060938, 0.027741",0.2746903030002052,1.2710301556819217,4.876347220993482,Arginine NE,Arginine NE,145,ARG,145,A,10,29,10,0,14,60,15,0,25,82,21,2,28,108,30,3,36,144,39,3,0,0,0.0
1QT8,2316,C,3.440297,1.66291,-2.001892,210,"['2315', '2317', '2318']",,"-0.049935, -0.021245, 0.287526",-0.4263631665434015,1.4903308925818206,6.004049243604967,Arginine CZ,Arginine CZ,145,ARG,145,A,8,34,12,0,15,47,16,0,20,77,23,2,29,106,30,3,37,143,38,3,0,0,0.0
1QT8,2317,N,3.882954,2.824423,-1.510289,211,"['2316', '2326', '2327']",,"-0.011509, -0.013049, 0.300706",-1.4729898512492396,0.760907630487774,6.403104961525091,Arginine NH,Arginine NH,145,ARG,145,A,6,24,12,0,12,44,17,0,21,70,21,0,29,104,27,2,37,137,38,3,0,0,0.0
1QT8,2318,N,2.902676,0.780663,-1.159456,211,"['2316', '2328', '2329']",,"-0.013071, -0.035922, 0.200389",-0.057958452717354,2.532634183591895,6.749016584584634,Arginine NH,Arginine NH,145,ARG,145,A,11,34,14,0,14,50,18,1,20,78,25,1,27,112,31,3,35,153,37,3,1,0,0.0
1QT8,2319,H,5.272913,2.948877,-6.536806,203,['2312'],,"-0.012639, -0.022097, -0.007214",-0.1942716066754781,-1.2634494081262346,1.768430625361424,Arginine HB,Arginine HB,145,ARG,145,A,12,32,11,0,16,53,14,0,20,73,19,0,24,95,27,1,31,122,31,3,0,0,0.0
1QT8,2320,H,6.81217,2.621155,-5.709145,203,['2312'],,"0.038326, -0.019943, 0.011082",-1.6617573175438995,-0.3292587455861793,1.4003137326846862,Arginine HB,Arginine HB,145,ARG,145,A,13,23,8,0,16,43,14,0,17,63,21,0,22,87,24,0,28,119,30,1,0,0,0.09025795
1QT8,2321,H,5.973057,0.897513,-4.393982,205,['2313'],,"0.063026, -0.122802, 0.038073",-0.9480896152978584,1.603469027603285,2.477322485209452,Arginine HG,Arginine HG,145,ARG,145,A,11,28,11,0,15,56,15,0,22,73,21,1,25,102,28,1,32,132,34,3,0,0,0.0
1QT8,2322,H,4.766893,0.354844,-5.561358,205,['2313'],,"0.021204, -0.108708, -0.020286",0.7710746600393119,1.352298152836609,2.1715850980511817,Arginine HG,Arginine HG,145,ARG,145,A,12,37,11,0,16,57,16,1,20,85,22,1,29,116,29,3,38,146,35,3,0,0,0.0
1QT8,2323,H,3.30665,2.349661,-5.107125,207,['2314'],,"-0.132729, 0.076932, -0.067285",0.8938485677363874,-0.4833591544217115,3.884249956896871,Arginine HD,Arginine HD,145,ARG,145,A,8,31,10,0,18,52,15,1,23,78,21,2,27,110,29,3,35,143,36,3,0,0,0.0
1QT8,2324,H,4.539848,3.027759,-4.021178,207,['2314'],,"0.082711, 0.095560, -0.119637",-0.8615496972037068,-0.381827988919688,4.145292952386328,Arginine HD,Arginine HD,145,ARG,145,A,9,24,9,0,14,43,15,0,19,71,20,1,30,104,28,1,35,139,38,3,0,0,0.020352283
1QT8,2325,HN,3.113042,0.383021,-3.550105,209,['2315'],,"-0.118293, -0.174881, 0.131411",1.0849062667427498,1.8887429271373573,4.7003975526033885,Arginine HE,Arginine HE,145,ARG,145,A,12,34,10,0,17,66,17,1,22,88,24,3,30,117,30,3,36,148,37,3,0,0,0.0
1QT8,2326,HN,4.239526,3.580875,-2.106174,212,['2317'],,"-0.056670, -0.089385, 0.113850",-1.7680947255580284,-0.0975739812834679,5.923141850314609,Arginine HH,Arginine HH,145,ARG,145,A,7,21,10,0,11,37,15,0,18,66,21,0,29,107,29,1,39,132,36,2,0,0,0.10530094
1QT8,2327,HN,3.833196,2.966337,-0.487066,212,['2317'],,"-0.080769, -0.196735, 0.485779",-1.9822609780200413,1.068961892396782,7.248886399513826,Arginine HH,Arginine HH,145,ARG,145,A,7,30,13,0,13,43,17,0,21,71,23,0,27,99,26,1,35,138,39,2,0,0,0.008848819
1QT8,2328,HN,2.500728,-0.099054,-1.509878,212,['2318'],,"-0.024964, -0.009740, -0.101088",0.7762690014897653,3.0821279888866893,6.503291361079279,Arginine HH,Arginine HH,145,ARG,145,A,12,38,15,0,15,57,18,1,22,88,23,3,28,120,31,3,36,154,39,3,0,0,0.0
1QT8,2329,HN,2.900916,1.008315,-0.153682,212,['2318'],,"0.145430, 0.288629, 0.264390",-0.6306455195624765,2.7664637690711498,7.574100288340157,Arginine HH,Arginine HH,145,ARG,145,A,10,36,15,0,15,45,18,0,19,75,24,1,27,108,30,2,35,159,39,3,0,0,0.0
1QT8,2330,N,4.523521,1.529202,-8.995986,7,"['2308', '2331', '2334']",,"-0.008137, 0.288982, 0.023305",-0.5562047033063344,-0.9747724566350726,-0.9156422967619696,Alanine N,Alanine N,146,ALA,146,A,14,53,10,0,19,65,14,0,24,80,16,0,28,104,24,2,32,135,30,3,0,0,0.0
1QT8,2331,CA,3.38511,1.118484,-9.791773,8,"['2330', '2332', '2335', '2336']",,"-0.370513, 0.538218, 0.365865",0.0,0.0,0.0,Alanine CA,Alanine CA,146,ALA,146,A,11,51,10,0,17,68,14,0,25,93,20,1,31,113,25,2,36,143,31,3,0,0,0.0
1QT8,2332,C,3.750214,0.066068,-10.839987,9,"['2331', '2333', '2340']",,"0.149064, 0.307569, 0.079313",1.529585877833606,0.0,0.0,Alanine C,Alanine C,146,ALA,146,A,10,48,9,0,15,68,14,0,22,88,18,1,32,112,23,1,38,145,30,3,0,0,0.0
1QT8,2333,O,3.005759,-0.895423,-11.010414,11,['2332'],,"0.203409, 0.436084, -0.014031",2.1302249100239536,1.0709604593281878,-1.1102230246251563e-16,Alanine O,Alanine O,146,ALA,146,A,9,45,8,0,14,71,12,0,22,94,20,1,31,123,24,1,43,145,31,3,0,0,0.0
1QT8,2334,HN,4.788747,2.519363,-9.083306,10,['2330'],,"0.063259, 0.305336, -0.032594",-1.114327114975768,-1.721175289801828,-0.4800156175629834,Alanine HN,Alanine HN,146,ALA,146,A,14,51,10,0,20,66,14,0,24,76,18,0,27,94,22,1,32,128,31,2,0,0,0.0
1QT8,2335,H,2.658262,0.612444,-9.110357,12,['2331'],,"-0.258039, -0.214394, 0.160269",-0.2922884664764371,1.0150577465341124,-0.3646059315561671,Alanine HA,Alanine HA,146,ALA,146,A,11,49,11,0,18,75,15,1,24,99,19,2,29,123,25,3,42,149,35,3,0,0,0.0
1QT8,2336,C,2.681347,2.326858,-10.448289,13,"['2331', '2337', '2338', '2339']",,"-0.223918, 0.229303, -0.084681",-0.5494883077126766,-0.183002707602752,1.432143830415829,Alanine CB,Alanine CB,146,ALA,146,A,13,53,9,0,16,72,15,0,24,89,21,2,32,108,24,2,34,138,32,2,0,0,0.0
1QT8,2337,H,1.768684,2.006241,-10.999765,14,['2336'],,"-0.034242, -0.026578, 0.014474",-0.1688163748567815,0.6135223789224047,2.1107537750127583,Alanine HB,Alanine HB,146,ALA,146,A,13,53,10,0,19,78,14,1,23,93,21,2,30,115,27,2,37,144,30,2,0,0,0.0
1QT8,2338,H,3.350563,2.852973,-11.166857,14,['2336'],,"0.056939, -0.000028, -0.016454",-0.2593086985725584,-1.1689269185364124,1.8619533966647968,Alanine HB,Alanine HB,146,ALA,146,A,12,51,9,0,17,69,15,0,25,80,19,0,28,97,22,2,33,122,28,2,0,0,0.0
1QT8,2339,H,2.350596,3.071745,-9.688777,14,['2336'],,"-0.022613, 0.009766, 0.023679",-1.6614367418031644,-0.1190737658147133,1.4565388143177604,Alanine HB,Alanine HB,146,ALA,146,A,15,53,9,0,16,73,14,1,24,92,19,2,31,113,26,2,36,131,33,2,0,0,0.0
1QT8,2340,N,4.939605,0.163093,-11.490208,7,"['2332', '2341', '2344']",,"0.143391, 0.357258, -0.012113",-0.5073503254404004,-1.0352571092480658,-0.891961863037235,Alanine N,Lysine N,147,LYS,147,A,9,45,9,0,14,60,11,0,20,72,17,0,24,96,22,0,38,120,26,1,0,0,0.0
1QT8,2341,CA,5.461306,-0.842886,-12.407046,8,"['2340', '2342', '2345', '2346']",,"-0.117132, 0.469199, -0.303263",0.0,0.0,0.0,Alanine CA,Lysine CA,147,LYS,147,A,7,35,9,0,12,51,10,0,17,68,16,0,26,89,18,0,35,116,25,1,0,0,0.0
1QT8,2342,C,5.635569,-2.185139,-11.684236,9,"['2341', '2343', '2362']",,"0.053208, 0.270877, 0.076999",1.5344266047217765,0.0,5.551115123125783e-17,Alanine C,Lysine C,147,LYS,147,A,9,35,8,0,14,50,12,0,19,72,14,0,26,100,21,0,32,127,26,2,0,0,0.0025158923
1QT8,2343,O,5.330556,-3.234884,-12.250144,11,['2342'],,"0.159205, 0.323142, 0.090585",2.1514824682426514,1.0651250729151518,3.4694469519536136e-17,Alanine O,Lysine O,147,LYS,147,A,8,32,9,0,14,44,9,0,19,74,16,0,25,101,21,0,33,127,30,2,0,0,0.0033483095
1QT8,2344,HN,5.533325,0.985905,-11.34586,10,['2340'],,"0.176481, 0.337761, -0.013934",-1.0916873451693931,-1.7543784823761666,-0.4540417002991015,Alanine HN,Lysine HN,147,LYS,147,A,9,46,8,0,15,58,11,0,19,70,16,0,23,86,21,0,33,111,24,1,0,0,0.0
1QT8,2345,H,4.694242,-1.029093,-13.198459,12,['2341'],,"-0.256541, -0.143642, -0.241079",-0.297032910266595,0.995739592428278,-0.4119088221965204,Alanine HA,Lysine HA,147,LYS,147,A,8,35,8,0,11,51,11,0,19,74,16,0,28,94,19,0,35,118,28,1,0,0,0.029201102
1QT8,2346,C,6.828202,-0.470513,-13.074667,182,"['2341', '2347', '2351', '2352']",,"0.146798, 0.006402, -0.112967",-0.4849906221913663,-0.1227455590087259,1.4840827974597868,Lysine CB,Lysine CB,147,LYS,147,A,7,29,7,0,12,40,8,0,14,59,11,0,23,75,16,0,28,96,20,0,0,0,0.0
1QT8,2347,C,6.816576,0.702678,-14.091518,184,"['2346', '2348', '2353', '2354']",,"-0.249202, -0.036235, 0.088016",-1.991569812852731,0.137395095880545,1.7543497478957033,Lysine CG,Lysine CG,147,LYS,147,A,5,27,7,0,9,37,8,0,15,49,9,0,19,66,16,0,26,87,20,0,0,0,0.0
1QT8,2348,C,8.241656,1.26309,-14.358832,186,"['2347', '2349', '2355', '2356']",,"-0.326951, -0.433932, 0.206916",-2.445871897025989,-0.4178004769742549,3.133385237989509,Lysine CD,Lysine CD,147,LYS,147,A,6,17,4,0,6,26,7,0,11,40,8,0,17,51,11,0,22,69,17,0,0,0,0.0012579461
1QT8,2349,C,8.275237,2.601693,-15.133887,188,"['2348', '2350', '2357', '2358']",,"0.159660, -0.005701, 0.052589",-3.978111669245205,-0.447230905266069,3.345684692805498,Lysine CE,Lysine CE,147,LYS,147,A,4,16,4,0,6,22,6,0,8,31,8,0,16,46,11,0,19,58,14,0,0,0,0.0025158923
1QT8,2350,N,9.625295,3.164643,-15.212475,190,"['2349', '2359', '2360', '2361']",,"0.095770, 0.077563, 0.020883",-4.354252411070163,-1.128996623502677,4.586434074181403,Lysine NZ,Lysine NZ,147,LYS,147,A,3,12,3,0,5,17,5,0,6,22,6,0,10,34,8,0,16,47,11,0,1,0,0.009113238
1QT8,2351,H,7.232431,-1.374038,-13.595446,183,['2346'],,"0.023004, -0.026960, -0.010294",0.1059643496995293,0.5863134446732498,2.1157289225978704,Lysine HB,Lysine HB,147,LYS,147,A,8,29,6,0,11,36,9,0,16,49,12,0,19,67,15,0,27,93,19,0,0,0,0.1221137
1QT8,2352,H,7.55548,-0.260521,-12.252573,183,['2346'],,"0.001142, -0.008213, 0.070873",-0.1988296439296423,-1.1405360562188356,1.846136484767471,Lysine HB,Lysine HB,147,LYS,147,A,11,25,7,0,12,42,9,0,15,57,12,0,20,73,16,0,25,95,23,0,0,0,0.03274063
1QT8,2353,H,6.172046,1.522724,-13.700638,185,['2347'],,"-0.064210, 0.107414, 0.099391",-2.597981979693854,-0.3426058994589132,0.9527607847754612,Lysine HG,Lysine HG,147,LYS,147,A,5,29,7,0,11,37,7,0,17,57,12,0,22,74,16,0,28,89,24,0,0,0,0.0
1QT8,2354,H,6.336952,0.378142,-15.046295,185,['2347'],,"-0.043393, 0.008156, -0.037604",-2.2119085764231805,1.2295192947658256,1.6790006942956075,Lysine HG,Lysine HG,147,LYS,147,A,5,22,4,0,9,37,7,0,11,44,11,0,22,67,14,0,27,84,18,0,0,0,0.11061023
1QT8,2355,H,8.840483,0.490936,-14.901238,187,['2348'],,"0.023097, -0.114441, -0.007362",-1.957922242543324,0.1772230525075002,3.943861627858037,Lysine HD,Lysine HD,147,LYS,147,A,4,11,3,0,6,22,5,0,12,35,8,0,13,48,9,0,22,57,16,0,0,0,0.1805159
1QT8,2356,H,8.755682,1.413098,-13.379888,187,['2348'],,"-0.004550, -0.043380, 0.065681",-2.0575721011149075,-1.4579127562663072,3.244947771293948,Lysine HD,Lysine HD,147,LYS,147,A,6,21,6,0,8,28,7,0,12,38,9,0,16,53,12,0,22,72,16,0,0,0,0.035395276
1QT8,2357,H,7.616093,3.353883,-14.645406,189,['2349'],,"0.005008, 0.040430, -0.047827",-4.480849787157252,-0.9680880506476373,2.5002046427154827,Lysine HE,Lysine HE,147,LYS,147,A,5,20,5,0,8,27,7,0,11,39,11,0,17,48,12,0,21,69,17,0,0,0,0.0017697638
1QT8,2358,H,7.870954,2.469809,-16.16417,189,['2349'],,"-0.027073, 0.070117, -0.013546",-4.393986059746082,0.5868441450519657,3.353331605207025,Lysine HE,Lysine HE,147,LYS,147,A,2,14,3,0,6,21,6,0,8,31,6,0,13,42,9,0,19,54,15,0,0,0,0.104416065
1QT8,2359,HN,9.642866,4.019223,-15.76307,191,['2350'],,"0.007271, 0.010784, -0.002867",-5.359172529616069,-1.1015561829393432,4.738595659443165,Lysine HN,Lysine HN,147,LYS,147,A,3,11,2,0,3,16,4,0,7,19,6,0,9,29,7,0,12,41,11,0,0,0,0.26192504
1QT8,2360,HN,10.292411,2.53327,-15.648362,191,['2350'],,"0.028119, 0.037776, 0.012076",-3.931519610158767,-0.711089097347315,5.411251252694504,Lysine HN,Lysine HN,147,LYS,147,A,2,10,3,0,4,13,3,0,6,17,5,0,7,25,7,0,14,40,8,0,0,0,0.24068788
1QT8,2361,HN,9.991972,3.400213,-14.288888,191,['2350'],,"0.051362, 0.043799, 0.126730",-4.083609544846986,-2.113666637982427,4.574789532758382,Lysine HN,Lysine HN,147,LYS,147,A,4,11,3,0,6,16,5,0,7,25,8,0,12,35,9,0,15,47,11,0,0,0,0.035395276
1QT8,2362,N,6.139316,-2.164037,-10.421645,7,"['2342', '2363', '2366']",,"0.161180, 0.275439, 0.085571",-0.5593287798133308,-0.9015343793404,-0.9887870079126504,Alanine N,Arginine N,148,ARG,148,A,8,38,10,0,11,52,13,0,18,69,15,0,21,101,22,1,34,134,28,2,0,0,0.0
1QT8,2363,CA,6.315791,-3.364313,-9.626971,8,"['2362', '2364', '2367', '2368']",,"0.548714, 0.219766, -0.079259",0.0,0.0,0.0,Alanine CA,Arginine CA,148,ARG,148,A,9,40,10,0,12,53,12,0,15,72,18,1,26,100,22,1,34,143,32,2,0,0,0.0
1QT8,2364,C,4.991271,-4.077564,-9.330993,9,"['2363', '2365', '2386']",,"0.100860, 0.363226, 0.041271",1.5331937894098706,5.551115123125783e-17,0.0,Alanine C,Arginine C,148,ARG,148,A,10,41,10,0,12,59,14,1,18,82,18,1,28,114,25,2,38,157,33,3,0,0,0.0
1QT8,2365,O,4.890411,-5.294447,-9.50125,11,['2364'],,"0.173356, 0.424226, -0.078052",2.15356010191176,1.065415439934493,-6.938893903907227e-17,Alanine O,Arginine O,148,ARG,148,A,9,37,10,0,15,62,14,1,20,88,19,1,28,118,27,2,37,152,34,3,0,0,0.0
1QT8,2366,HN,6.436273,-1.280804,-9.984064,10,['2362'],,"0.073407, 0.226217, 0.096301",-1.142280499992824,-1.668934488646011,-0.6268125780470779,Alanine HN,Arginine HN,148,ARG,148,A,7,39,10,0,12,55,12,0,16,71,16,0,24,92,19,1,31,123,28,2,0,0,0.0
1QT8,2367,H,6.883505,-4.093312,-10.252783,12,['2363'],,"0.125658, -0.301464, -0.214913",-0.2721220686835605,1.0373522408578584,-0.3085924420065438,Alanine HA,Arginine HA,148,ARG,148,A,9,35,10,0,12,52,14,0,17,71,18,1,24,99,22,1,29,131,28,1,0,0,0.0044244095
1QT8,2368,C,7.090446,-3.139365,-8.295955,202,"['2363', '2369', '2375', '2376']",,"0.138322, -0.003452, 0.262119",-0.5169202865118896,-0.2419731776282983,1.4479426655382217,Arginine CB,Arginine CB,148,ARG,148,A,10,37,9,0,13,54,12,1,16,77,20,1,26,100,25,1,36,137,29,2,0,0,0.0
1QT8,2369,C,8.562186,-2.696448,-8.439032,204,"['2368', '2370', '2377', '2378']",,"-0.102504, -0.058539, -0.187954",-2.0220188058329227,0.0120633276788556,1.6777448098427596,Arginine CG,Arginine CG,148,ARG,148,A,7,34,8,0,13,50,12,0,16,68,18,1,22,90,22,1,30,111,29,2,0,0,0.0037738383
1QT8,2370,C,9.359157,-2.812906,-7.117978,206,"['2369', '2371', '2379', '2380']",,"-0.119813, -0.223403, -0.003282",-2.4013167961892714,0.0793781678853701,3.1762476154192463,Arginine CD,Arginine CD,148,ARG,148,A,7,34,8,0,10,48,13,0,19,66,20,1,24,90,26,2,30,112,29,2,0,0,0.0
1QT8,2371,N,9.096085,-1.700395,-6.213106,208,"['2370', '2372', '2381']",,"-0.016150, -0.133172, 0.039195",-2.516914220486965,-1.2436834968089157,3.7777673620619687,Arginine NE,Arginine NE,148,ARG,148,A,7,33,8,0,13,51,13,0,19,63,19,1,25,85,27,2,31,115,31,2,0,0,0.0
1QT8,2372,C,9.84414,-0.597834,-6.047585,210,"['2371', '2373', '2374']",,"-0.050164, 0.058515, 0.147942",-3.644120697456974,-1.943914336395529,3.981989233456016,Arginine CZ,Arginine CZ,148,ARG,148,A,5,28,7,0,12,43,11,0,17,60,18,0,25,78,25,1,31,100,29,2,0,0,0.0025158923
1QT8,2373,N,9.461062,0.29801,-5.135941,211,"['2372', '2382', '2383']",,"-0.103669, -0.044238, 0.127617",-3.5539433092474804,-3.1290453436505112,4.588382293652538,Arginine NH,Arginine NH,148,ARG,148,A,6,23,8,0,14,40,13,0,18,64,21,0,24,81,23,1,28,95,30,1,0,0,0.004556619
1QT8,2374,N,10.934365,-0.350998,-6.786307,211,"['2372', '2384', '2385']",,"0.014922, 0.105426, 0.153520",-4.843399166788453,-1.5126891914170315,3.568461988717268,Arginine NH,Arginine NH,148,ARG,148,A,4,22,8,0,8,38,9,0,12,49,16,0,20,68,22,0,29,82,26,1,0,0,0.0022783095
1QT8,2375,H,7.084511,-4.116036,-7.759767,203,['2368'],,"0.006236, -0.025991, 0.037977",0.0460695008503696,0.4606102971905729,2.1043251744819305,Arginine HB,Arginine HB,148,ARG,148,A,10,40,8,1,14,60,16,1,18,80,20,1,26,103,27,2,39,144,35,2,0,0,0.0
1QT8,2376,H,6.526972,-2.433309,-7.637443,203,['2368'],,"-0.068019, 0.059485, 0.045328",-0.2314752878542512,-1.2665052556489254,1.7921972977569849,Arginine HB,Arginine HB,148,ARG,148,A,10,39,10,0,13,57,12,1,19,80,21,1,29,105,27,1,37,140,33,3,0,0,0.0
1QT8,2377,H,8.624057,-1.668384,-8.862861,205,['2369'],,"-0.050272, 0.064493, -0.005875",-2.635549280090885,-0.743041574541744,1.135737823008438,Arginine HG,Arginine HG,148,ARG,148,A,6,32,9,0,10,44,10,0,17,63,17,0,22,87,21,1,30,105,27,1,0,0,0.015042992
1QT8,2378,H,9.057067,-3.363254,-9.18562,205,['2369'],,"0.053117, -0.052681, 0.016163",-2.2834687031954006,0.9983619023919914,1.2241038061526308,Arginine HG,Arginine HG,148,ARG,148,A,6,32,7,0,11,45,14,0,17,66,17,0,22,89,22,1,29,109,28,2,0,0,0.07079055
1QT8,2379,H,10.441312,-2.896361,-7.348938,207,['2370'],,"0.070993, -0.255372, -0.029018",-3.341948481000684,0.656868938951843,3.2906291939705845,Arginine HD,Arginine HD,148,ARG,148,A,6,29,6,0,10,43,12,0,15,64,19,0,23,79,24,2,30,100,27,2,0,0,0.005309291
1QT8,2380,H,9.126521,-3.772577,-6.60489,207,['2370'],,"0.016007, -0.232643, 0.047397",-1.6548488003558737,0.680862384127403,3.741357782810683,Arginine HD,Arginine HD,148,ARG,148,A,6,35,9,0,11,53,12,1,21,74,21,2,26,92,27,2,29,118,35,2,0,0,0.0
1QT8,2381,HN,8.303747,-1.796777,-5.554573,209,['2371'],,"-0.203953, 0.157508, 0.357682",-1.6604514726033952,-1.662524490630258,4.180009194346325,Arginine HE,Arginine HE,148,ARG,148,A,8,40,9,0,14,51,14,1,21,64,20,1,27,96,28,2,34,127,36,2,0,0,0.0
1QT8,2382,HN,8.647037,0.057018,-4.543306,212,['2373'],,"-0.280609, -0.318077, 0.092462",-2.624193195551367,-3.412807213442316,4.944716427925871,Arginine HH,Arginine HH,148,ARG,148,A,9,25,7,0,15,44,13,0,19,69,20,1,24,87,24,1,29,105,31,2,0,0,0.0
1QT8,2383,HN,9.964415,1.184968,-5.009877,212,['2373'],,"-0.015477, -0.030221, -0.029254",-4.377069931689482,-3.7306093180706,4.716967738303671,Arginine HH,Arginine HH,148,ARG,148,A,7,19,6,0,10,31,11,0,16,54,17,0,22,75,23,0,27,96,27,1,0,0,0.14512064
1QT8,2384,HN,11.240349,-1.0192,-7.500927,212,['2374'],,"-0.057780, 0.060420, 0.158206",-4.934840954712708,-0.6110140943223092,3.089481525482661,Arginine HH,Arginine HH,148,ARG,148,A,4,23,6,0,9,38,11,0,13,49,18,0,18,65,20,0,26,85,24,1,0,0,0.10087653
1QT8,2385,HN,11.538218,0.457222,-6.575005,212,['2374'],,"0.158163, 0.237904, 0.161673",-5.7002630312903175,-2.0278121565493974,3.819338846392841,Arginine HH,Arginine HH,148,ARG,148,A,4,19,7,0,5,27,9,0,13,47,14,0,19,62,19,0,26,78,24,0,0,0,0.19555889
1QT8,2386,N,3.979317,-3.316743,-8.844935,7,"['2364', '2387', '2390']",,"0.044512, 0.338714, 0.109667",-0.5255827300951481,-0.9040011704701204,-1.0122472661377668,Alanine N,Valine N,149,VAL,149,A,10,49,11,0,16,65,15,1,23,86,18,2,31,117,26,2,44,168,34,2,0,0,0.0
1QT8,2387,CA,2.659575,-3.811396,-8.482031,8,"['2386', '2388', '2391', '2392']",,"0.279145, 0.159664, 0.427026",0.0,0.0,0.0,Alanine CA,Valine CA,149,VAL,149,A,9,48,11,1,16,70,13,2,21,91,22,2,35,127,27,2,46,176,34,2,0,0,0.0
1QT8,2388,C,1.915605,-4.355119,-9.707778,9,"['2387', '2389', '2402']",,"0.067988, 0.345572, 0.014285",1.5334868012597958,-1.1102230246251563e-16,5.551115123125783e-17,Alanine C,Valine C,149,VAL,149,A,8,45,8,1,11,63,12,2,22,93,20,2,35,133,28,2,44,175,37,2,0,0,0.0
1QT8,2389,O,1.364274,-5.456119,-9.66316,11,['2388'],,"0.057287, 0.314165, 0.072843",2.155678245385801,1.0635015018049556,1.1102230246251563e-16,Alanine O,Valine O,149,VAL,149,A,9,43,9,1,13,64,14,2,22,102,19,2,36,137,31,2,43,175,38,2,0,0,0.0
1QT8,2390,HN,4.121021,-2.304082,-8.728202,10,['2386'],,"0.086942, 0.306028, 0.055184",-1.046693003543545,-1.7160609757252256,-0.6542083388944051,Alanine HN,Valine HN,149,VAL,149,A,12,43,11,0,15,66,15,1,24,87,17,2,30,119,25,2,39,153,35,2,0,0,0.0
1QT8,2391,H,2.782573,-4.687274,-7.799343,12,['2387'],,"-0.058543, -0.311592, 0.153890",-0.2948017392980547,1.044109819183276,-0.2669837152784931,Alanine HA,Valine HA,149,VAL,149,A,10,47,12,1,15,71,17,2,24,100,22,2,35,134,27,2,46,177,37,3,0,0,0.0
1QT8,2392,C,1.82588,-2.71516,-7.727032,15,"['2387', '2393', '2394', '2395']",,"-0.156479, 0.119652, 0.231457",-0.587707971135198,-0.3271838551214777,1.4192794919725975,Valine CB,Valine CB,149,VAL,149,A,13,52,10,2,17,75,14,2,23,92,21,2,33,133,30,3,44,175,33,3,0,0,0.0
1QT8,2393,C,0.374097,-3.169579,-7.435114,17,"['2392', '2396', '2397', '2398']",,"-0.026345, -0.036595, 0.032889",0.0444092710247346,0.5383110672442959,2.5376412209749737,Valine CG,Valine CG,149,VAL,149,A,14,51,11,2,17,71,15,2,22,96,22,2,31,134,30,3,42,181,33,3,0,0,0.0
1QT8,2394,C,2.499815,-2.350851,-6.376699,17,"['2392', '2399', '2400', '2401']",,"0.055766, 0.022806, 0.040322",-2.12318726327753,-0.0987443380166213,1.4399524942215025,Valine CG,Valine CG,149,VAL,149,A,14,46,12,2,20,70,15,2,26,98,21,2,34,136,31,3,43,175,38,3,0,0,0.0
1QT8,2395,H,1.795347,-1.803216,-8.375951,16,['2392'],,"-0.008488, -0.008563, -0.015848",-0.3775455975652148,-1.4056320296514673,1.634805136326963,Valine HB,Valine HB,149,VAL,149,A,11,47,10,1,16,71,14,2,24,98,21,2,31,129,28,3,43,172,35,3,0,0,0.0
1QT8,2396,H,-0.210929,-2.360473,-6.945963,18,['2393'],,"-0.016856, -0.005603, 0.012214",-0.349635932832634,0.2550145771822505,3.537965226859333,Valine HG,Valine HG,149,VAL,149,A,10,48,10,1,17,71,15,2,22,98,21,3,30,137,28,3,39,183,37,3,0,0,0.0
1QT8,2397,H,0.330164,-4.058271,-6.766836,18,['2393'],,"-0.047857, -0.006746, 0.035376",-0.1533443966891772,1.624843980232185,2.401117301690665,Valine HG,Valine HG,149,VAL,149,A,10,47,11,2,18,72,18,2,21,102,21,2,28,136,25,3,44,182,35,3,0,0,0.0
1QT8,2398,H,-0.173446,-3.433349,-8.365884,18,['2393'],,"-0.023341, -0.033861, 0.012197",1.1475566311586851,0.4107985578755941,2.587812970326499,Valine HG,Valine HG,149,VAL,149,A,12,50,7,1,16,68,14,2,21,98,23,2,30,138,28,3,41,183,36,3,0,0,0.0
1QT8,2399,H,1.933244,-1.561041,-5.833133,18,['2394'],,"0.006443, -0.010940, 0.055357",-2.5628391918158973,-0.3426670381168664,2.4336699734907867,Valine HG,Valine HG,149,VAL,149,A,13,48,11,2,21,68,16,2,27,99,21,3,33,138,34,3,41,175,38,3,0,0,0.0
1QT8,2400,H,3.533921,-1.960536,-6.506005,18,['2394'],,"0.072773, 0.040092, 0.020646",-2.659918744309404,-0.7303289185394577,0.6973480941455771,Valine HG,Valine HG,149,VAL,149,A,13,45,11,1,20,66,15,2,26,94,20,2,33,129,29,2,40,172,39,3,0,0,0.0
1QT8,2401,H,2.569898,-3.226139,-5.692531,18,['2394'],,"0.013407, 0.043244, 0.042826",-2.393709517164031,0.9580440118422242,1.2182710655636515,Valine HG,Valine HG,149,VAL,149,A,13,45,10,2,21,74,15,2,27,103,25,2,35,140,30,2,43,182,40,4,0,0,0.0
1QT8,2402,N,1.933913,-3.584592,-10.820595,7,"['2388', '2403', '2406']",,"0.078892, 0.363382, -0.014903",-0.5338356972338621,-0.8637361222789023,-1.0375763040357262,Alanine N,Isoleucine N,150,ILE,150,A,8,43,7,0,11,63,12,1,22,89,19,2,31,125,26,2,45,168,35,2,0,0,0.0
1QT8,2403,CA,1.334866,-3.913249,-12.101498,8,"['2402', '2404', '2407', '2408']",,"-0.237012, 0.489669, 0.256694",0.0,0.0,0.0,Alanine CA,Isoleucine CA,150,ILE,150,A,9,43,9,0,15,64,13,1,18,85,17,1,31,122,24,1,41,164,37,2,0,0,0.0
1QT8,2404,C,1.894464,-5.218257,-12.665047,9,"['2403', '2405', '2421']",,"0.151211, 0.363465, 0.046771",1.527672503211667,-1.8041124150158799e-16,0.0,Alanine C,Isoleucine C,150,ILE,150,A,11,40,8,0,14,56,13,0,22,86,17,1,28,113,24,1,41,154,36,2,0,0,0.0
1QT8,2405,O,1.112151,-6.088005,-13.051653,11,['2404'],,"0.159363, 0.396713, 0.079070",2.126700587162986,1.07661727988483,1.1102230246251563e-16,Alanine O,Isoleucine O,150,ILE,150,A,12,44,10,0,17,60,13,0,22,85,17,1,32,116,24,1,36,152,34,2,0,0,0.0
1QT8,2406,HN,2.390214,-2.66615,-10.783072,10,['2402'],,"0.158423, 0.367451, -0.013860",-1.165106521077041,-1.5995045113861135,-0.7009811316863104,Alanine HN,Isoleucine HN,150,ILE,150,A,7,42,8,0,12,69,14,1,21,89,20,1,30,122,26,2,43,155,36,2,0,0,0.0
1QT8,2407,H,0.251515,-4.124565,-11.925974,12,['2403'],,"-0.295635, -0.100590, -0.024430",-0.2810735652721936,1.0512775413213165,-0.254805215118501,Alanine HA,Isoleucine HA,150,ILE,150,A,9,44,9,1,14,66,13,1,22,85,16,1,30,129,26,1,43,169,36,2,0,0,0.0
1QT8,2408,C,1.428885,-2.721777,-13.125342,25,"['2403', '2409', '2410', '2412']",,"-0.209245, 0.356246, -0.127917",-0.6056804603818923,-0.3261965439633748,1.4154323120866394,Isoleucine CB,Isoleucine CB,150,ILE,150,A,13,46,9,0,14,63,12,1,21,86,18,1,24,120,25,1,38,149,33,1,0,0,0.0
1QT8,2409,C,0.48007,-1.564568,-12.669384,27,"['2408', '2411', '2413', '2414']",,"0.119507, 0.042541, 0.023506",-2.109979745178006,0.1016542105081046,1.45159396760855,Isoleucine CG1,Isoleucine CG1,150,ILE,150,A,11,45,8,1,17,63,13,1,19,96,21,1,27,124,27,1,40,152,31,2,0,0,0.0
1QT8,2410,C,1.060238,-3.179862,-14.559631,29,"['2408', '2415', '2416', '2417']",,"0.002488, 0.050694, -0.111304",0.179698994254244,0.3898018435249302,2.5439059868813114,Isoleucine CG2,Isoleucine CG2,150,ILE,150,A,13,41,10,0,17,63,12,0,21,84,20,1,24,107,22,1,31,138,31,2,0,0,0.0075476766
1QT8,2411,C,0.646752,-0.258128,-13.464683,31,"['2409', '2418', '2419', '2420']",,"0.005963, 0.027015, -0.052208",-2.8715629896803776,-0.3655442685299818,2.704105606278123,Isoleucine CD,Isoleucine CD,150,ILE,150,A,11,41,11,0,14,65,15,1,23,89,19,1,29,122,24,1,39,143,33,2,0,0,0.0
1QT8,2412,H,2.486223,-2.35352,-13.131381,26,['2408'],,"0.056551, -0.014323, 0.006191",-0.5307238376513896,-1.4315349801224304,1.5773637175405844,Isoleucine HB,Isoleucine HB,150,ILE,150,A,10,42,8,0,14,68,11,0,22,83,18,1,26,109,24,1,37,141,33,1,0,0,0.0
1QT8,2413,H,0.67102,-1.324741,-11.597585,28,['2409'],,"0.056587, 0.068556, 0.024855",-2.6402846164536475,-0.3206575456605678,0.5666298367348419,Isoleucine HG1,Isoleucine HG1,150,ILE,150,A,10,45,8,1,14,67,13,1,21,97,20,1,28,128,25,2,39,161,37,3,0,0,0.0
1QT8,2414,H,-0.579813,-1.898768,-12.711003,28,['2409'],,"0.010272, 0.018546, -0.021429",-2.1973809305251906,1.2053667115871431,1.346934985138052,Isoleucine HG1,Isoleucine HG1,150,ILE,150,A,9,44,7,1,16,69,12,1,19,96,19,1,30,122,28,1,41,160,34,3,0,0,0.0
1QT8,2415,H,0.972239,-2.336186,-15.279445,30,['2410'],,"-0.018062, 0.057481, -0.070382",-0.3077075227568377,0.3018521603314806,3.5400811481728884,Isoleucine HG2,Isoleucine HG2,150,ILE,150,A,9,42,9,0,16,63,13,0,21,78,18,0,24,105,23,1,31,131,30,2,0,0,0.05309291
1QT8,2416,H,0.097951,-3.7357,-14.571179,30,['2410'],,"0.032538, 0.000180, -0.001539",0.3062883120062089,1.4717857667310932,2.323970897658394,Isoleucine HG2,Isoleucine HG2,150,ILE,150,A,13,39,11,0,18,65,16,0,21,88,20,1,25,112,22,2,33,147,31,2,0,0,0.0
1QT8,2417,H,1.836995,-3.857186,-14.980372,30,['2410'],,"0.011171, 0.027446, -0.009029",1.1980409941373502,-0.0429613818525901,2.665716450885522,Isoleucine HG2,Isoleucine HG2,150,ILE,150,A,13,36,9,0,16,58,14,0,20,81,18,0,23,101,22,1,32,127,28,1,0,0,0.03274063
1QT8,2418,H,0.112243,0.587671,-12.977017,32,['2411'],,"-0.003139, -0.014317, -0.001565",-3.969775016067517,-0.2245038098219182,2.590387177058978,Isoleucine HD,Isoleucine HD,150,ILE,150,A,11,47,12,0,16,65,16,1,20,88,19,1,28,118,26,2,35,146,32,2,0,0,0.0
1QT8,2419,H,0.243084,-0.344447,-14.497601,32,['2411'],,"-0.020807, -0.011195, -0.043831",-2.564654876138821,0.197660716313798,3.612910301247553,Isoleucine HD,Isoleucine HD,150,ILE,150,A,9,38,8,0,13,59,12,0,20,88,20,1,29,117,23,1,36,138,31,2,0,0,0.0
1QT8,2420,H,1.717436,0.031326,-13.549165,32,['2411'],,"-0.002604, -0.021399, -0.020181",-2.6954633443359555,-1.4450266959822882,2.906569573509937,Isoleucine HD,Isoleucine HD,150,ILE,150,A,9,43,9,0,16,61,16,0,24,84,17,1,29,116,24,1,34,141,31,2,0,0,0.0035395275
1QT8,2421,N,3.237907,-5.391052,-12.672131,7,"['2404', '2422', '2425']",,"0.246720, 0.322511, -0.038020",-0.5475930198358838,-1.0404761925759691,-0.8557635108198003,Alanine N,Threonine N,151,THR,151,A,11,38,8,0,15,53,12,0,18,74,16,0,28,116,25,1,39,149,33,2,0,0,0.0
1QT8,2422,CA,3.894501,-6.628164,-13.063562,8,"['2421', '2423', '2426', '2427']",,"-0.159070, 0.410128, -0.353128",0.0,0.0,0.0,Alanine CA,Threonine CA,151,THR,151,A,12,36,9,0,15,50,10,0,20,71,19,0,24,103,25,0,33,136,28,2,0,0,0.0
1QT8,2423,C,3.467532,-7.806702,-12.191346,9,"['2422', '2424', '2435']",,"0.104942, 0.191070, 0.061989",1.527093675928559,-1.1102230246251563e-16,8.326672684688674e-17,Alanine C,Threonine C,151,THR,151,A,14,38,8,0,17,60,12,0,23,81,19,0,25,107,24,1,36,139,30,2,0,0,0.0
1QT8,2424,O,3.286424,-8.906811,-12.708898,11,['2423'],,"0.216511, 0.217916, 0.209986",2.1311369259283404,1.0705287218840516,6.245004513516506e-17,Alanine O,Threonine O,151,THR,151,A,16,33,9,0,17,52,12,0,22,79,18,0,26,101,25,0,33,127,30,1,0,0,0.0
1QT8,2425,HN,3.863534,-4.612105,-12.427085,10,['2421'],,"0.224058, 0.244834, 0.033374",-1.1837091582399857,-1.7063294603496484,-0.3972759992003808,Alanine HN,Threonine HN,151,THR,151,A,11,40,7,0,13,59,13,0,20,78,15,0,28,108,22,1,37,146,33,2,0,0,0.0
1QT8,2426,H,3.552234,-6.893002,-14.093251,12,['2422'],,"-0.100526, -0.144268, -0.303364",-0.2880322158295533,0.9903886318849804,-0.4286176649781448,Alanine HA,Threonine HA,151,THR,151,A,11,30,8,0,15,44,13,0,21,69,17,0,25,98,24,0,33,128,29,0,0,0,0.0
1QT8,2427,C,5.447536,-6.502276,-13.099901,37,"['2422', '2428', '2429', '2430']",,"0.461158, -0.394793, -0.026342",-0.5521318457234216,-0.0629957389710752,1.4561140012030434,Threonine CB,Threonine CB,151,THR,151,A,13,33,7,0,16,48,13,0,17,67,17,0,22,83,22,0,31,114,26,1,0,0,0.0
1QT8,2428,OH,5.755064,-5.638189,-14.192977,39,"['2427', '2431']",,"-0.003507, 0.082345, 0.255966",-1.9292986148643,0.3025304598775507,1.3797121422050231,Threonine OG1,Threonine OG1,151,THR,151,A,12,27,5,0,12,39,10,0,16,59,16,0,23,78,21,0,30,108,24,0,0,1,0.050224643
1QT8,2429,C,6.210853,-7.813816,-13.35776,41,"['2427', '2432', '2433', '2434']",,"0.161119, -0.195544, -0.029846",0.0993529338190356,0.9127133465296828,2.452527891343978,Threonine CG2,Threonine CG2,151,THR,151,A,14,31,8,0,16,44,14,0,17,57,15,0,22,74,20,0,26,105,25,0,0,0,0.0037738383
1QT8,2430,H,5.793031,-6.033591,-12.14429,38,['2427'],,"-0.057028, 0.058756, 0.053123",-0.4646319962398914,-1.1144468115518595,1.8289668218710329,Threonine HB,Threonine HB,151,THR,151,A,14,34,10,0,17,54,13,0,19,70,17,0,22,95,20,1,32,121,30,1,0,0,0.0
1QT8,2431,HO,6.404413,-5.01322,-13.888508,40,['2428'],,"0.004513, 0.066080, 0.049762",-2.419274368803578,-0.3202910485421373,1.905980966974704,Threonine HG1,Threonine HG1,151,THR,151,A,9,25,5,0,12,39,9,0,17,58,13,0,23,80,19,0,28,103,26,0,0,0,0.09733701
1QT8,2432,H,7.304209,-7.636649,-13.470862,42,['2429'],,"0.016360, 0.007195, -0.077329",-0.407673286017279,0.8864491304398183,3.443407376640087,Threonine HG2,Threonine HG2,151,THR,151,A,9,22,7,0,16,41,11,0,18,55,15,0,20,70,19,0,24,91,23,0,0,0,0.11591953
1QT8,2433,H,5.862627,-8.332278,-14.276799,42,['2429'],,"-0.005394, -0.021068, 0.041879",0.0719206645782331,1.964204963102117,2.0943244199437294,Threonine HG2,Threonine HG2,151,THR,151,A,11,27,8,0,15,40,12,0,18,49,16,0,20,69,18,0,26,96,24,0,0,0,0.0
1QT8,2434,H,6.084232,-8.535918,-12.519058,42,['2429'],,"-0.033692, -0.040570, -0.004335",1.1710731681798032,0.6659994748019035,2.6298220694993626,Threonine HG2,Threonine HG2,151,THR,151,A,16,37,11,0,16,49,14,0,20,64,16,0,22,83,20,0,28,108,23,1,0,0,0.0
1QT8,2435,N,3.24515,-7.590305,-10.87437,7,"['2423', '2436', '2439']",,"0.129454, 0.221967, 0.199064",-0.5222604588827556,-0.9972826902178192,-0.9186435393227802,Alanine N,Threonine N,152,THR,152,A,13,47,9,0,21,69,15,0,22,95,21,1,29,118,26,2,38,148,34,2,0,0,0.0
1QT8,2436,CA,2.793598,-8.629985,-9.965304,8,"['2435', '2437', '2440', '2441']",,"0.613311, -0.059059, -0.080330",0.0,0.0,0.0,Alanine CA,Threonine CA,152,THR,152,A,14,50,11,0,18,75,15,1,26,96,22,1,29,122,27,2,39,152,32,3,0,0,0.0
1QT8,2437,C,1.407698,-9.152361,-10.369187,9,"['2436', '2438', '2449']",,"0.152087, 0.268146, 0.042574",1.5351602434485467,1.3877787807814457e-17,-5.551115123125783e-17,Alanine C,Threonine C,152,THR,152,A,14,46,11,0,18,69,15,0,25,101,20,1,32,129,26,2,37,156,33,2,0,0,0.0
1QT8,2438,O,1.161561,-10.359456,-10.348224,11,['2437'],,"0.008361, 0.321086, 0.106390",2.162594500427,1.0603902405873478,-1.1102230246251563e-16,Alanine O,Threonine O,152,THR,152,A,13,44,13,0,18,66,13,0,26,101,21,1,32,120,24,1,36,149,33,2,0,0,0.0
1QT8,2439,HN,3.336227,-6.647904,-10.471216,10,['2435'],,"0.019717, 0.209374, 0.055636",-1.0312225228708265,-1.7820818811576318,-0.4896963866719911,Alanine HN,Threonine HN,152,THR,152,A,11,43,9,0,17,71,13,1,25,96,20,1,30,120,28,2,42,155,33,2,0,0,0.0
1QT8,2440,H,3.492307,-9.497127,-10.06601,12,['2436'],,"0.241129, -0.391261, 0.007086",-0.3092140995285669,1.005898596042487,-0.3779230985445221,Alanine HA,Threonine HA,152,THR,152,A,13,51,12,0,20,73,17,1,24,90,21,1,30,111,25,1,34,138,31,2,0,0,0.0
1QT8,2441,C,2.792311,-8.185073,-8.469711,37,"['2436', '2442', '2443', '2444']",,"-0.030019, -0.263404, 0.480233",-0.5437036874769596,-0.1548899931429719,1.4543528306467195,Threonine CB,Threonine CB,152,THR,152,A,13,54,11,1,20,79,14,1,25,97,24,1,34,124,29,3,42,165,37,3,0,0,0.0
1QT8,2442,OH,4.084349,-7.69041,-8.129506,39,"['2441', '2445']",,"-0.090678, 0.016735, -0.166629",-1.967944947523817,-0.1684454904214828,1.4204972445246575,Threonine OG1,Threonine OG1,152,THR,152,A,13,49,9,1,16,80,18,1,26,98,23,2,33,122,31,3,44,162,38,3,0,0,0.0
1QT8,2443,C,2.541098,-9.364872,-7.514069,41,"['2441', '2446', '2447', '2448']",,"-0.006870, -0.186868, 0.145558",-0.1668783862051507,1.042369524932782,2.3447783596116225,Threonine CG2,Threonine CG2,152,THR,152,A,16,54,11,1,21,78,16,1,25,96,22,2,33,130,30,3,40,163,35,3,0,0,0.0
1QT8,2444,H,2.037169,-7.373644,-8.326412,38,['2441'],,"-0.008494, 0.097033, -0.132673",-0.175791454933576,-1.118158254700497,1.8855672912424724,Threonine HB,Threonine HB,152,THR,152,A,12,46,11,1,19,74,15,1,26,102,23,2,31,142,30,2,43,179,39,3,0,0,0.0
1QT8,2445,HO,4.213423,-6.878802,-8.602705,40,['2442'],,"0.057114, 0.153140, -0.121316",-2.2361457215134424,-0.9729598385667876,0.9961036239308712,Threonine HG1,Threonine HG1,152,THR,152,A,12,44,11,1,17,74,16,1,23,100,22,1,38,127,27,3,45,160,36,3,0,0,0.0
1QT8,2446,H,2.577561,-9.053253,-6.447466,42,['2443'],,"0.028539, -0.015752, -0.013148",-0.5864431714722006,0.9485171784668992,3.370075896507943,Threonine HG2,Threonine HG2,152,THR,152,A,12,53,10,1,19,76,15,1,27,101,22,2,34,129,34,3,39,165,38,3,0,0,0.0
1QT8,2447,H,3.309226,-10.159728,-7.655363,42,['2443'],,"0.087749, -0.043977, -0.051108",-0.5526808815925646,1.9943829432538245,1.9127973815054944,Threonine HG2,Threonine HG2,152,THR,152,A,14,51,9,1,20,80,16,1,24,91,24,2,32,117,29,2,40,152,34,2,0,0,0.0
1QT8,2448,H,1.547638,-9.834938,-7.68924,42,['2443'],,"0.035194, -0.011243, -0.011293",0.9360266734032068,1.152016946771982,2.4457118405349565,Threonine HG2,Threonine HG2,152,THR,152,A,14,53,13,1,20,72,17,1,27,101,20,1,30,135,29,3,39,165,35,3,0,0,0.0
1QT8,2449,N,0.492574,-8.246928,-10.799704,7,"['2437', '2450', '2453']",,"0.065216, 0.294715, 0.121757",-0.5741637180286591,-1.0361074062898363,-0.844076995109365,Alanine N,Phenylalanine N,153,PHE,153,A,12,43,10,0,17,66,16,0,26,99,19,2,30,125,29,2,43,163,37,2,0,0,0.0
1QT8,2450,CA,-0.791095,-8.614298,-11.376663,8,"['2449', '2451', '2454', '2455']",,"-0.098600, 0.285391, 0.425596",0.0,0.0,0.0,Alanine CA,Phenylalanine CA,153,PHE,153,A,11,46,11,0,18,68,15,0,26,88,22,1,33,120,30,2,46,156,37,2,0,0,0.0
1QT8,2451,C,-0.668387,-9.275101,-12.75461,9,"['2450', '2452', '2469']",,"0.198793, 0.333248, 0.129142",1.5331196277140269,5.551115123125783e-17,-1.1102230246251563e-16,Alanine C,Phenylalanine C,153,PHE,153,A,14,46,7,0,18,62,16,0,26,86,22,0,32,104,28,1,40,141,33,1,0,0,0.0
1QT8,2452,O,-1.399956,-10.223211,-13.059832,11,['2451'],,"0.253385, 0.457897, -0.135720",2.1575485929471103,1.066468335452554,0.0,Alanine O,Phenylalanine O,153,PHE,153,A,14,41,8,0,17,61,16,0,25,85,21,0,33,105,27,0,40,130,36,1,0,0,0.0
1QT8,2453,HN,0.690376,-7.239231,-10.725494,10,['2449'],,"0.102718, 0.269176, 0.055930",-1.059367055262142,-1.80480244727648,-0.3605776108149948,Alanine HN,Phenylalanine HN,153,PHE,153,A,11,39,12,0,16,67,14,1,24,95,20,2,36,129,24,2,42,160,38,2,0,0,0.0
1QT8,2454,H,-1.259957,-9.390515,-10.726945,12,['2450'],,"-0.104173, -0.298034, 0.151079",-0.2869205749109688,0.9937447361697946,-0.4178826015576456,Alanine HA,Phenylalanine HA,153,PHE,153,A,13,45,13,0,17,66,17,0,23,91,22,1,35,121,29,2,44,157,37,2,0,0,0.0
1QT8,2455,C,-1.7588,-7.407941,-11.529036,61,"['2450', '2456', '2462', '2463']",,"-0.189984, 0.179352, 0.013292",-0.460464753577391,-0.0954374652606745,1.4811588741726962,Phenylalanine CB,Phenylalanine CB,153,PHE,153,A,9,50,8,0,20,67,12,1,25,91,23,1,38,125,32,1,46,168,38,3,0,0,0.0
1QT8,2456,C,-2.299311,-6.847838,-10.2325,63,"['2455', '2457', '2458']",,"0.047863, -0.017309, -0.025534",-1.910449880572096,0.2553120370496133,1.7289310056750795,Phenylalanine CG,Phenylalanine CG,153,PHE,153,A,8,43,6,1,15,70,12,1,26,95,23,1,34,134,33,2,51,180,42,3,0,0,0.0
1QT8,2457,C,-2.044724,-5.517325,-9.859654,64,"['2456', '2459', '2464']",,"0.023066, 0.045568, 0.026316",-2.7986578996263023,-0.6888309735986871,2.270940243406106,Phenylalanine CD,Phenylalanine CD,153,PHE,153,A,7,43,8,1,12,64,15,1,23,99,21,1,36,135,27,2,47,179,43,2,0,0,0.0
1QT8,2458,C,-3.18522,-7.608449,-9.446253,64,"['2456', '2460', '2465']",,"-0.004384, 0.056254, 0.011985",-2.3601869874383654,1.5775223680915134,1.552736312779333,Phenylalanine CD,Phenylalanine CD,153,PHE,153,A,8,43,6,1,17,67,16,1,26,100,22,1,36,133,32,2,50,184,44,2,0,0,0.0
1QT8,2459,C,-2.683725,-4.954239,-8.752252,66,"['2457', '2461', '2466']",,"-0.001757, 0.080328, -0.007394",-4.087820650355018,-0.3132052273831877,2.656546275405894,Phenylalanine CE,Phenylalanine CE,153,PHE,153,A,7,41,6,1,12,66,13,1,21,97,22,2,31,138,29,2,44,182,40,3,0,0,0.0
1QT8,2460,C,-3.809704,-7.049577,-8.326273,66,"['2458', '2461', '2467']",,"-0.006431, -0.016770, 0.034684",-3.657676447483975,1.9482117319584256,1.9212249498178409,Phenylalanine CE,Phenylalanine CE,153,PHE,153,A,8,42,9,1,13,56,13,1,25,105,22,1,30,139,32,2,46,191,44,2,0,0,0.0
1QT8,2461,C,-3.570215,-5.7158,-7.987416,68,"['2459', '2460', '2468']",,"0.031428, 0.012173, -0.014826",-4.517950877121645,1.0048959807008238,2.487990714874174,Phenylalanine CZ,Phenylalanine CZ,153,PHE,153,A,6,40,7,1,14,65,10,1,19,100,21,2,30,144,33,2,44,190,40,3,0,0,0.0
1QT8,2462,H,-2.638604,-7.718953,-12.138402,62,['2455'],,"0.002464, -0.012829, -0.011241",0.150859182313684,0.6010430880246938,2.10027788439444,Phenylalanine HB,Phenylalanine HB,153,PHE,153,A,11,48,9,0,17,64,13,1,30,95,24,1,38,128,30,2,46,169,41,2,0,0,0.0026546456
1QT8,2463,H,-1.268917,-6.599373,-12.123404,62,['2455'],,"0.070906, 0.015610, -0.061742",-0.2355534033325687,-1.1118967063627998,1.885221220161709,Phenylalanine HB,Phenylalanine HB,153,PHE,153,A,8,46,9,0,18,65,14,1,27,93,20,1,34,129,30,1,43,158,38,3,0,0,0.0017697638
1QT8,2464,H,-1.374322,-4.884544,-10.462102,65,['2457'],,"0.016762, -0.036336, 0.018132",-2.4762684977855782,-1.727605567234807,2.4435862554246084,Phenylalanine HD,Phenylalanine HD,153,PHE,153,A,8,40,9,1,12,66,12,1,24,93,20,1,35,137,27,2,45,176,43,4,0,0,0.0
1QT8,2465,H,-3.424306,-8.648137,-9.722427,65,['2458'],,"0.002718, 0.035538, 0.002186",-1.6829767420108237,2.348357428183188,1.150760039054835,Phenylalanine HD,Phenylalanine HD,153,PHE,153,A,10,41,9,0,19,65,16,1,28,102,28,1,37,138,31,1,46,171,38,2,0,0,0.0
1QT8,2466,H,-2.509722,-3.898031,-8.500326,67,['2459'],,"-0.072354, 0.111289, 0.028890",-4.755566671158658,-1.052683317949675,3.1219563075517938,Phenylalanine HE,Phenylalanine HE,153,PHE,153,A,5,39,6,1,12,65,13,1,22,103,24,2,28,135,28,3,44,187,35,3,0,0,0.0
1QT8,2467,H,-4.50192,-7.655947,-7.721073,67,['2460'],,"0.037822, -0.048652, 0.041427",-3.995668891681329,2.9868184196297745,1.779197263975081,Phenylalanine HE,Phenylalanine HE,153,PHE,153,A,7,39,9,1,15,60,15,1,21,102,20,1,35,142,29,2,47,187,45,2,0,0,0.0
1QT8,2468,H,-4.083563,-5.262556,-7.126946,69,['2461'],,"0.020819, -0.000569, -0.016663",-5.527773547459788,1.299093618370971,2.809037188146264,Phenylalanine HZ,Phenylalanine HZ,153,PHE,153,A,7,40,6,1,10,64,11,1,18,105,17,1,27,137,27,3,44,182,41,3,0,0,0.0
1QT8,2469,N,0.234133,-8.764385,-13.626097,7,"['2451', '2470', '2473']",,"0.178639, 0.364078, 0.032210",-0.4896138341470684,-0.8636323488040778,-1.059454014090257,Alanine N,Arginine N,154,ARG,154,A,13,46,7,0,14,61,15,0,19,80,23,0,29,102,28,0,36,134,31,1,0,0,0.0
1QT8,2470,CA,0.384431,-9.231926,-14.992421,8,"['2469', '2471', '2474', '2475']",,"-0.234705, 0.479850, 0.038917",0.0,0.0,0.0,Alanine CA,Arginine CA,154,ARG,154,A,12,41,9,0,16,52,13,0,18,72,18,0,22,93,26,0,30,116,28,0,0,0,0.0
1QT8,2471,C,0.816573,-10.704533,-14.990927,9,"['2470', '2472', '2493']",,"0.137571, 0.132768, 0.101759",1.534705286577524,3.079134169858833e-17,5.702903427273752e-17,Alanine C,Arginine C,154,ARG,154,A,12,32,7,0,13,50,12,0,17,62,18,0,21,84,22,0,25,110,28,0,0,0,0.0
1QT8,2472,O,0.215058,-11.540233,-15.665157,11,['2471'],,"0.114096, 0.173745, 0.025424",2.1665598085049926,1.0562010893976643,0.0,Alanine O,Arginine O,154,ARG,154,A,11,31,8,0,13,41,12,0,16,57,15,0,20,75,21,0,24,98,27,0,0,0,0.061385673
1QT8,2473,HN,0.817498,-7.965654,-13.35425,10,['2469'],,"0.144224, 0.331646, 0.097386",-1.0914976046323672,-1.641312587609299,-0.7676731065701535,Alanine HN,Arginine HN,154,ARG,154,A,11,43,9,0,14,62,15,0,20,83,19,0,28,105,26,1,33,139,34,1,0,0,0.0
1QT8,2474,H,-0.622987,-9.199998,-15.467098,12,['2470'],,"-0.345495, -0.057236, -0.186842",-0.314766748583554,1.039785971486951,-0.2469730870400136,Alanine HA,Arginine HA,154,ARG,154,A,14,44,10,0,17,55,14,0,19,72,18,0,24,91,25,0,28,119,31,1,0,0,0.0
1QT8,2475,C,1.365868,-8.343409,-15.833601,202,"['2470', '2476', '2482', '2483']",,"0.030547, 0.069580, -0.165171",-0.5770312622431091,-0.3797895440932912,1.4082115115455969,Arginine CB,Arginine CB,154,ARG,154,A,11,32,10,0,16,47,15,0,18,63,16,0,21,86,21,0,29,107,24,0,0,0,0.0
1QT8,2476,C,1.216317,-8.565297,-17.358574,204,"['2475', '2477', '2484', '2485']",,"-0.260051, -0.240096, 0.103683",-0.4077165108151825,0.7531284559427045,2.449831287191845,Arginine CG,Arginine CG,154,ARG,154,A,10,25,7,0,14,38,11,0,16,52,15,0,19,72,19,0,24,97,23,0,0,0,0.0
1QT8,2477,C,2.105956,-7.677519,-18.25957,206,"['2476', '2478', '2486', '2487']",,"-0.429077, -0.059801, -0.119056",-1.0099453664889084,0.4794611384083229,3.8476251648177446,Arginine CD,Arginine CD,154,ARG,154,A,6,20,7,0,9,29,8,0,13,43,15,0,16,61,18,0,24,87,21,0,0,0,0.017611247
1QT8,2478,N,3.448306,-8.238185,-18.340035,208,"['2477', '2479', '2488']",,"-0.247319, 0.108385, 0.006498",-0.0940651075588193,-0.3379459433637954,4.632312055400186,Arginine NE,Arginine NE,154,ARG,154,A,3,14,6,0,5,23,7,0,12,30,11,0,15,52,16,0,23,77,19,0,0,0,0.03075718
1QT8,2479,C,4.529643,-7.827051,-17.656441,210,"['2478', '2480', '2481']",,"-0.013593, 0.084737, 0.021196",-0.1834154109996826,-1.6620009104987234,4.8433016230127794,Arginine CZ,Arginine CZ,154,ARG,154,A,3,11,3,0,5,20,8,0,9,33,14,0,17,51,17,0,22,76,20,0,0,0,0.056607574
1QT8,2480,N,5.56692,-8.676945,-17.59937,211,"['2479', '2489', '2490']",,"-0.050397, 0.057382, 0.011892",0.924221403659932,-2.279331810576525,5.283260407020819,Arginine NH,Arginine NH,154,ARG,154,A,2,7,3,0,3,14,5,0,7,32,11,0,13,47,16,0,20,63,19,0,0,0,0.07176675
1QT8,2481,N,4.630214,-6.655608,-17.020261,211,"['2479', '2491', '2492']",,"-0.007157, 0.071791, -0.010948",-1.2785206214905978,-2.3971396545543504,4.6255085431549405,Arginine NH,Arginine NH,154,ARG,154,A,3,12,4,0,5,24,6,0,13,39,14,0,17,59,18,0,21,87,24,0,1,0,0.05695774
1QT8,2482,H,2.413961,-8.540224,-15.506505,203,['2475'],,"-0.039622, -0.049525, 0.035056",-0.0927396918449399,-1.3194828753399463,1.764111767434573,Arginine HB,Arginine HB,154,ARG,154,A,9,25,9,0,12,39,13,0,20,62,17,0,23,83,19,0,28,106,26,0,0,0,0.0
1QT8,2483,H,1.166754,-7.268488,-15.603559,203,['2475'],,"-0.031528, -0.011229, 0.027196",-1.664300618177989,-0.6133119131054638,1.3017525343905731,Arginine HB,Arginine HB,154,ARG,154,A,9,34,10,0,14,49,15,0,18,68,18,0,23,92,20,0,29,121,27,1,0,0,0.0
1QT8,2484,H,0.149988,-8.382191,-17.635862,205,['2476'],,"-0.079448, -0.049388, -0.049970",-0.8839401862818008,1.6774327243886349,2.041975174477205,Arginine HG,Arginine HG,154,ARG,154,A,10,31,8,0,14,44,13,0,18,59,15,0,20,73,19,0,24,100,26,1,0,0,0.0
1QT8,2485,H,1.381767,-9.64423,-17.594918,205,['2476'],,"-0.068069, -0.130258, -0.034141",0.6739172717834733,1.016391458278842,2.5397732644176583,Arginine HG,Arginine HG,154,ARG,154,A,8,23,8,0,12,34,10,0,16,47,13,0,18,65,19,0,19,84,21,0,0,0,0.03716504
1QT8,2486,H,2.092676,-6.622985,-17.911884,207,['2477'],,"-0.158855, 0.096341, -0.025446",-2.0252110117182425,0.0380621546692441,3.7609852379758295,Arginine HD,Arginine HD,154,ARG,154,A,5,22,8,0,10,31,10,0,14,50,15,0,20,67,18,0,22,88,21,0,0,0,0.02831622
1QT8,2487,H,1.664703,-7.657247,-19.287002,207,['2477'],,"-0.204021, -0.032581, -0.272847",-1.154645217580992,1.4571478032447147,4.371001145458835,Arginine HD,Arginine HD,154,ARG,154,A,5,15,6,0,8,28,8,0,11,40,11,0,16,52,16,0,21,70,20,0,0,0,0.07609984
1QT8,2488,HN,3.486325,-9.076219,-18.943426,209,['2478'],,"-0.003823, -0.070360, -0.050168",0.7201777872244043,0.2015510138433467,4.9696229948274,Arginine HE,Arginine HE,154,ARG,154,A,2,12,4,0,3,20,8,0,11,28,9,0,16,40,13,0,18,65,19,0,0,0,0.13538693
1QT8,2489,HN,5.479878,-9.614019,-18.013218,212,['2480'],,"-0.034434, 0.040038, 0.033992",1.7984667397362055,-1.7471389504870076,5.380317144873596,Arginine HH,Arginine HH,154,ARG,154,A,1,7,2,0,4,11,6,0,8,24,10,0,10,41,15,0,20,54,18,0,0,0,0.1566241
1QT8,2490,HN,6.441927,-8.413478,-17.123969,212,['2480'],,"0.018633, 0.018898, 0.020540",0.9182620677138132,-3.2860277901992427,5.501402360495025,Arginine HH,Arginine HH,154,ARG,154,A,2,7,1,0,4,14,5,0,7,28,11,0,12,46,15,0,18,61,20,0,0,0,0.17432173
1QT8,2491,HN,3.969751,-5.892596,-17.227794,212,['2481'],,"-0.023719, 0.134637, -0.074594",-2.1968341769712763,-1.9428750026532848,4.516823344274704,Arginine HH,Arginine HH,154,ARG,154,A,3,13,4,0,8,29,8,0,11,46,13,0,17,64,17,0,24,91,24,0,0,0,0.11591953
1QT8,2492,HN,5.402984,-6.462807,-16.365153,212,['2481'],,"0.020838, 0.046298, 0.087583",-1.2452862259808617,-3.427861288061844,4.6300449888724975,Arginine HH,Arginine HH,154,ARG,154,A,3,16,4,0,7,26,6,0,12,42,15,0,15,62,19,0,23,84,24,0,0,0,0.048668504
1QT8,2493,N,1.874725,-11.023815,-14.210147,7,"['2471', '2494', '2497']",,"0.201994, 0.246429, 0.043902",-0.6174311822292902,-0.9561596494489578,-0.8940376499055203,Alanine N,Threonine N,155,THR,155,A,13,35,9,0,16,46,11,0,21,64,17,0,23,86,22,0,30,109,28,0,0,0,0.0
1QT8,2494,CA,2.504389,-12.326195,-14.164371,8,"['2493', '2495', '2498', '2499']",,"0.006342, 0.279975, -0.543805",0.0,0.0,0.0,Alanine CA,Threonine CA,155,THR,155,A,12,27,8,0,15,38,11,0,19,54,16,0,21,71,20,0,26,96,24,0,0,0,0.0
1QT8,2495,C,1.930801,-13.295239,-13.118834,9,"['2494', '2496', '2507']",,"0.208073, 0.480129, 0.033088",1.5366187185014373,0.0,-5.551115123125783e-17,Alanine C,Threonine C,155,THR,155,A,10,28,9,0,14,44,11,0,19,54,15,0,22,74,21,0,30,104,25,0,0,0,0.0
1QT8,2496,O,1.732216,-14.485323,-13.411013,11,['2495'],,"0.064037, 0.334520, 0.464573",2.16245111659356,1.0721186066943622,0.0,Alanine O,Threonine O,155,THR,155,A,8,22,9,0,11,34,9,0,15,49,12,0,20,63,17,0,27,87,22,0,0,0,0.17299598
1QT8,2497,HN,2.317812,-10.31116,-13.614417,10,['2493'],,"0.182267, 0.285591, 0.186219",-0.8269077928486872,-1.8693723153830044,-0.46829166005354,Alanine HN,Threonine HN,155,THR,155,A,12,33,10,0,17,49,13,0,22,71,17,0,23,92,25,0,32,117,28,0,0,0,0.0
1QT8,2498,H,2.337995,-12.824844,-15.145833,12,['2494'],,"-0.040735, -0.182933, -0.381988",-0.2912241055493693,1.021806363793944,-0.3327246927088059,Alanine HA,Threonine HA,155,THR,155,A,12,24,7,0,14,35,10,0,17,46,14,0,19,64,17,0,24,81,23,0,0,0,0.084063776
1QT8,2499,C,4.045508,-12.190179,-13.977839,37,"['2494', '2500', '2501', '2502']",,"0.521144, 0.139550, -0.232306",-0.5341251776448619,-0.1754856908604793,1.4533607185933104,Threonine CB,Threonine CB,155,THR,155,A,14,24,9,0,15,37,9,0,16,47,15,0,21,71,20,0,27,86,21,0,0,0,0.0
1QT8,2500,OH,4.312576,-11.649281,-12.688553,39,"['2499', '2503']",,"0.183665, -0.080801, -0.090248",-0.0976764691844813,-1.4314995141984554,1.9613923645477551,Threonine OG1,Threonine OG1,155,THR,155,A,14,30,9,0,15,38,13,0,20,59,16,0,24,80,20,0,28,105,23,0,0,0,0.0
1QT8,2501,C,4.720413,-11.255926,-15.008444,41,"['2499', '2504', '2505', '2506']",,"0.049602, 0.051306, -0.083421",-2.076463107426357,-0.1563640873796815,1.5596629654964551,Threonine CG2,Threonine CG2,155,THR,155,A,11,21,8,0,14,30,10,0,15,44,16,0,19,61,17,0,25,82,22,0,0,0,0.011321515
1QT8,2502,H,4.495888,-13.213402,-14.041471,38,['2499'],,"0.009631, -0.074716, 0.009180",-0.1002596214331202,0.6409794050726743,2.085042529166436,Threonine HB,Threonine HB,155,THR,155,A,10,22,8,0,14,30,9,0,17,42,12,0,18,59,17,0,24,81,20,0,0,0,0.0681359
1QT8,2503,HO,5.095742,-12.09774,-12.381212,40,['2500'],,"0.281311, -0.228530, 0.127539",0.1019164857966363,-1.279027077167546,2.881086746821433,Threonine HG1,Threonine HG1,155,THR,155,A,11,29,9,0,16,38,12,0,19,52,16,0,24,77,18,0,27,98,21,0,0,0,0.0
1QT8,2504,H,5.827036,-11.26473,-14.886562,42,['2501'],,"-0.019357, -0.021203, 0.028283",-2.4010602656598765,-0.1953049019361544,2.623931490962374,Threonine HG2,Threonine HG2,155,THR,155,A,11,22,6,0,13,30,10,0,15,34,15,0,18,54,18,0,23,75,18,0,0,0,0.08229402
1QT8,2505,H,4.381945,-10.201469,-14.900837,42,['2501'],,"-0.017123, -0.048499, 0.088607",-2.541879112941671,-1.0217961595640266,1.0377102008070804,Threonine HG2,Threonine HG2,155,THR,155,A,10,24,7,0,14,35,14,0,17,52,16,0,23,67,18,0,28,91,24,0,0,0,0.0
1QT8,2506,H,4.492766,-11.588746,-16.047104,42,['2501'],,"-0.061472, -0.073585, 0.009728",-2.488318463139575,0.7787172508121141,1.1153601841133325,Threonine HG2,Threonine HG2,155,THR,155,A,8,20,6,0,11,28,10,0,17,39,13,0,19,53,17,0,22,68,19,0,0,0,0.11238
1QT8,2507,N,1.629231,-12.795671,-11.89472,1,"['2495', '2508', '2511']",,"-0.083338, 0.327589, 0.010434",-0.597348923214825,-1.2171086099750754,0.5147897187139894,Glycine N,Glycine N,156,GLY,156,A,11,38,9,0,14,50,13,0,19,71,17,0,26,91,21,0,33,123,26,0,0,0,0.0
1QT8,2508,CA,1.314276,-13.581792,-10.717433,2,"['2507', '2509', '2512', '2513']",,"-0.529472, 0.110725, -0.386794",0.0,0.0,0.0,Glycine CA,Glycine CA,156,GLY,156,A,12,32,9,0,15,51,13,0,19,72,16,0,26,93,19,0,32,112,26,1,0,0,0.0
1QT8,2509,C,2.539711,-14.106959,-9.963005,3,"['2508', '2510', '2514']",,"-0.201598, 0.235110, -0.212247",1.53187888695484,-1.1102230246251563e-16,0.0,Glycine C,Glycine C,156,GLY,156,A,13,35,11,0,13,46,11,0,20,65,17,0,23,87,18,0,29,110,22,1,0,0,0.0
1QT8,2510,O,2.47025,-15.097461,-9.223805,5,['2509'],,"-0.169466, 0.240637, -0.241844",2.179927638950118,1.0546888155102256,-2.220446049250313e-16,Glycine O,Glycine O,156,GLY,156,A,9,30,6,0,13,45,13,0,18,53,15,0,21,81,17,0,25,98,21,1,0,0,0.13281627
1QT8,2511,HN,1.712174,-11.789774,-11.703853,4,['2507'],,"-0.003015, 0.272239, 0.108143",-0.7818460449682455,-1.9201143375548115,-0.2110768575944882,Glycine HN,Glycine HN,156,GLY,156,A,11,41,11,0,17,57,13,0,21,78,18,0,28,103,21,0,34,128,29,1,0,0,0.0
1QT8,2512,H,0.7161,-12.974846,-10.00295,6,['2508'],,"-0.098080, 0.091525, 0.128317",-0.3347182601604179,0.1758132426210328,-1.045818971531527,Glycine HA,Glycine HA,156,GLY,156,A,12,41,11,0,16,58,14,0,20,86,17,0,28,100,22,1,33,125,26,1,0,0,0.0
1QT8,2513,H,0.681216,-14.457478,-10.981037,6,['2508'],,"-0.096373, -0.210795, -0.008235",-0.3360335692551236,0.8858079840017443,0.5826694249953641,Glycine HA,Glycine HA,156,GLY,156,A,11,33,9,0,14,44,10,0,17,64,15,0,22,86,19,0,31,106,23,0,0,0,0.021237165
1QT8,2514,N,3.707151,-13.453999,-10.170409,7,"['2509', '2515', '2518']",,"-0.035434, 0.219654, -0.217965",-0.474104793263368,1.35030453662252,0.2550460520265683,Alanine N,Threonine N,157,THR,157,A,12,34,11,0,15,45,12,0,16,58,17,0,26,87,19,1,29,108,22,2,0,0,0.0
1QT8,2515,CA,5.002102,-13.814405,-9.616915,8,"['2514', '2516', '2519', '2520']",,"-0.540640, -0.320996, -0.283856",0.0,0.0,0.0,Alanine CA,Threonine CA,157,THR,157,A,8,30,7,0,14,41,10,0,16,57,14,0,22,73,20,2,31,103,23,2,0,0,0.0
1QT8,2516,C,5.576792,-12.608509,-8.861884,9,"['2515', '2517', '2528']",,"0.003203, -0.228071, -0.114421",1.534446339849329,5.551115123125783e-17,-1.1102230246251563e-16,Alanine C,Threonine C,157,THR,157,A,10,36,9,0,13,51,11,0,18,68,16,2,25,86,23,2,31,108,26,2,0,0,0.0
1QT8,2517,O,5.085475,-11.483419,-8.932057,11,['2516'],,"0.031734, -0.092230, 0.019445",2.200096057940673,1.0339509685294148,0.0,Alanine O,Threonine O,157,THR,157,A,11,43,10,0,15,57,15,1,21,79,17,2,27,98,23,2,35,118,28,2,0,0,0.0
1QT8,2518,HN,3.724647,-12.554879,-10.673715,10,['2514'],,"-0.009723, 0.259184, -0.166750",-0.0086024575191687,2.054836815346613,-0.335700643016689,Alanine HN,Threonine HN,157,THR,157,A,12,36,11,0,16,48,15,0,21,68,16,0,27,90,21,1,31,115,23,2,0,0,0.0
1QT8,2519,H,4.887015,-14.651175,-8.886454,12,['2515'],,"-0.072529, -0.263141, 0.154940",-0.3412802592434876,-0.6857026229462464,0.812614312281869,Alanine HA,Threonine HA,157,THR,157,A,6,28,7,0,14,36,9,0,16,51,14,0,20,70,18,2,27,90,21,2,0,0,0.03716504
1QT8,2520,C,5.974507,-14.270522,-10.743323,37,"['2515', '2521', '2522', '2523']",,"0.042787, -0.487254, -0.595451",-0.548517842020233,-0.5288138645489391,-1.3571636812942944,Threonine CB,Threonine CB,157,THR,157,A,7,24,7,0,9,32,8,0,17,47,12,0,20,63,15,0,22,81,21,1,0,0,0.0
1QT8,2521,OH,6.265846,-13.130975,-11.544569,39,"['2520', '2524']",,"0.379614, -0.365743, 0.009279",0.0618907373296139,0.234143656233919,-2.391928446051471,Threonine OG1,Threonine OG1,157,THR,157,A,7,26,8,0,13,35,9,0,19,50,12,0,21,68,18,0,24,83,20,1,0,0,0.0
1QT8,2522,C,5.403584,-15.381526,-11.650338,41,"['2520', '2525', '2526', '2527']",,"-0.125418, -0.157337, -0.189803",-2.081763677876582,-0.4178054021343684,-1.4978530493059377,Threonine CG2,Threonine CG2,157,THR,157,A,5,14,6,0,9,27,8,0,14,40,12,0,18,54,13,0,22,70,16,0,0,0,0.050317846
1QT8,2523,H,6.938477,-14.622417,-10.297861,38,['2520'],,"0.062718, 0.039631, -0.094652",-0.2448429896642002,-1.595526805876241,-1.5034843231067134,Threonine HB,Threonine HB,157,THR,157,A,6,21,6,0,8,31,8,0,11,45,8,0,18,57,14,0,22,74,20,1,0,0,0.039819684
1QT8,2524,HO,7.019587,-13.373457,-12.082356,40,['2521'],,"0.525511, -0.072334, -0.291451",-0.1109967127489932,-0.2400753789462733,-3.205171404245445,Threonine HG1,Threonine HG1,157,THR,157,A,6,18,8,0,9,30,9,0,17,43,10,0,19,59,15,0,22,74,20,0,0,0,0.0
1QT8,2525,H,6.131083,-15.655268,-12.447958,42,['2522'],,"0.016083, -0.001966, -0.036997",-2.416898113918508,-0.7914821949309503,-2.4920550942993698,Threonine HG2,Threonine HG2,157,THR,157,A,5,11,4,0,6,19,8,0,12,29,9,0,15,46,12,0,22,60,15,0,0,0,0.17520662
1QT8,2526,H,4.460651,-15.084773,-12.158715,42,['2522'],,"-0.021335, 0.027462, -0.005118",-2.45185241283017,0.6259352390466606,-1.401562022546084,Threonine HG2,Threonine HG2,157,THR,157,A,6,15,7,0,10,27,9,0,16,43,11,0,20,59,14,0,22,75,17,0,0,0,0.019467402
1QT8,2527,H,5.187925,-16.308928,-11.071533,42,['2522'],,"-0.028130, -0.010000, -0.009443",-2.606559947406656,-1.0258997865017188,-0.7255781001471457,Threonine HG2,Threonine HG2,157,THR,157,A,5,16,4,0,8,20,8,0,13,35,10,0,15,47,13,0,20,65,14,0,0,0,0.21060188
1QT8,2528,N,6.69455,-12.86852,-8.143568,7,"['2516', '2529', '2532']",,"-0.178419, -0.171667, 0.003539",-0.589239347443184,-1.258707991450242,0.4201264016936219,Alanine N,Tryptophan N,158,TRP,158,A,8,31,7,0,9,42,10,1,13,52,14,2,21,73,19,2,30,90,26,2,0,0,0.0
1QT8,2529,CA,7.449474,-11.897006,-7.372656,8,"['2528', '2530', '2533', '2534']",,"-0.390291, -0.220925, 0.462392",0.0,0.0,0.0,Alanine CA,Tryptophan CA,158,TRP,158,A,7,33,6,1,8,47,13,2,14,59,15,2,20,74,19,2,31,102,26,2,0,0,0.0
1QT8,2530,C,8.646943,-11.288708,-8.132414,9,"['2529', '2531', '2552']",,"-0.270893, -0.115281, -0.121379",1.543110715836359,0.0,5.551115123125783e-17,Alanine C,Tryptophan C,158,TRP,158,A,6,33,7,1,8,41,11,1,9,59,11,2,20,69,17,2,27,94,24,2,0,0,0.0
1QT8,2531,O,9.549454,-10.729099,-7.50052,11,['2530'],,"-0.196968, -0.303425, -0.068154",2.152951246934579,1.0747431748412468,9.540979117872439e-17,Alanine O,Tryptophan O,158,TRP,158,A,7,28,7,1,8,40,8,1,10,62,12,2,19,77,21,2,24,89,26,2,0,0,0.0
1QT8,2532,HN,7.129606,-13.797075,-8.221365,10,['2528'],,"0.011457, -0.093611, -0.054438",-0.579366551639453,-1.4282044834472991,1.4343817696723713,Alanine HN,Tryptophan HN,158,TRP,158,A,6,21,5,0,8,39,8,1,12,46,14,1,16,62,15,2,23,83,23,2,0,0,0.015927874
1QT8,2533,H,6.789083,-11.028523,-7.128917,12,['2529'],,"-0.306714, 0.342246, 0.027462",-0.2901178308287223,0.2055780303776169,-1.0598853767989709,Alanine HA,Tryptophan HA,158,TRP,158,A,7,38,9,2,9,51,11,2,18,68,16,2,26,86,24,2,34,118,32,2,0,0,0.0
1QT8,2534,C,7.957647,-12.561323,-6.055886,89,"['2529', '2535', '2544', '2545']",,"-0.247620, -0.040837, 0.435342",-0.5158462201188001,1.1477318250980888,0.9219839706655188,Tryptophan CB,Tryptophan CB,158,TRP,158,A,7,31,7,1,8,43,8,2,13,53,15,2,17,72,18,2,26,95,25,2,0,0,0.0
1QT8,2535,C,6.848764,-13.106735,-5.15642,91,"['2534', '2536', '2537']",,"0.166262, -0.021676, 0.000015",-2.0342094270395066,1.3229644094030215,0.9207366309827814,Tryptophan CG,Tryptophan CG,158,TRP,158,A,8,23,4,1,10,43,8,2,14,55,13,2,20,74,22,2,27,97,28,2,0,0,0.0
1QT8,2536,C,6.69041,-14.452861,-4.804256,92,"['2535', '2538', '2546']",,"-0.039146, 0.081865, -0.005088",-2.8611294677019146,1.1653446354847572,2.0398925331290534,Tryptophan CD1,Tryptophan CD1,158,TRP,158,A,5,17,4,1,7,29,6,1,12,45,12,2,18,66,16,2,23,84,25,2,0,0,0.012579462
1QT8,2537,C,5.917533,-12.392027,-4.426683,94,"['2535', '2539', '2540']",,"0.055888, -0.092077, -0.109649",-2.8344036829207195,1.7962106154768338,-0.1021230715597793,Tryptophan CD2,Tryptophan CD2,158,TRP,158,A,6,27,5,2,13,44,9,2,17,69,18,2,24,82,25,2,29,109,32,2,0,0,0.0
1QT8,2538,N,5.701975,-14.515826,-3.856963,95,"['2536', '2539', '2547']",,"-0.029673, -0.128932, 0.055587",-4.119389921571321,1.5734586441960894,1.68134552864997,Tryptophan NE1,Tryptophan NE1,158,TRP,158,A,4,17,5,1,8,28,8,2,14,45,11,2,20,69,17,2,23,87,27,2,0,0,0.0
1QT8,2539,C,5.217896,-13.267393,-3.620111,97,"['2537', '2538', '2541']",,"0.029314, -0.113088, -0.078486",-4.119519854460091,1.9563336658668964,0.3765761986410125,Tryptophan CE2,Tryptophan CE2,158,TRP,158,A,5,22,6,2,10,39,7,2,19,62,13,2,23,81,22,2,25,98,29,2,0,0,0.0
1QT8,2540,C,5.681771,-11.013857,-4.364893,98,"['2537', '2542', '2548']",,"-0.085881, -0.004878, 0.013828",-2.5045019356011275,2.1649645837641227,-1.4112982399890688,Tryptophan CE3,Tryptophan CE3,158,TRP,158,A,7,32,4,2,14,56,12,2,22,74,22,2,26,105,28,2,39,129,35,2,0,0,0.0
1QT8,2541,C,4.26184,-12.859099,-2.699203,100,"['2539', '2543', '2549']",,"0.042253, -0.023409, -0.076884",-5.153891661055248,2.4944641193628643,-0.3779496066017867,Tryptophan CZ2,Tryptophan CZ2,158,TRP,158,A,6,26,5,2,11,42,11,2,15,60,16,2,24,80,20,2,28,108,28,2,0,0,0.0
1QT8,2542,C,4.71883,-10.560364,-3.434834,102,"['2540', '2543', '2550']",,"-0.037125, 0.106939, -0.040180",-3.53090455265415,2.7217064661441643,-2.2078264304014588,Tryptophan CZ3,Tryptophan CZ3,158,TRP,158,A,7,37,7,2,15,51,12,2,22,79,22,2,29,110,29,2,35,139,33,2,0,0,0.0
1QT8,2543,C,4.020208,-11.472978,-2.607782,104,"['2541', '2542', '2551']",,"0.002199, 0.058658, -0.094365",-4.839999753260756,2.88893475409548,-1.694741176236398,Tryptophan CH2,Tryptophan CH2,158,TRP,158,A,8,34,7,2,14,52,10,2,19,67,17,2,26,94,24,2,30,129,31,2,0,0,0.0
1QT8,2544,H,8.552604,-11.820101,-5.474634,90,['2534'],,"0.096904, 0.109449, -0.099493",-0.0481444800127222,2.1096508557389275,0.610207394525268,Tryptophan HB,Tryptophan HB,158,TRP,158,A,8,29,6,1,10,45,11,2,12,56,14,2,19,77,18,2,27,99,28,2,0,0,0.0
1QT8,2545,H,8.666865,-13.389273,-6.289677,90,['2534'],,"0.013841, 0.051017, 0.006128",-0.1767578984902374,0.9823228589202616,1.9711782280593089,Tryptophan HB,Tryptophan HB,158,TRP,158,A,7,25,6,1,8,34,8,1,9,45,11,2,14,59,15,2,21,81,21,2,0,0,0.0008848819
1QT8,2546,H,7.247019,-15.344303,-5.135608,93,['2536'],,"-0.051899, -0.043596, 0.072264",-2.61746129414691,0.8355064952315006,3.0626873261250096,Tryptophan HD1,Tryptophan HD1,158,TRP,158,A,5,16,4,1,6,24,5,1,9,35,8,1,14,54,15,2,19,73,19,2,0,0,0.21591118
1QT8,2547,HN,5.404947,-15.385306,-3.387446,96,['2538'],,"0.057775, -0.143810, 0.041469",-4.923806643792848,1.603801731211909,2.3268378605592828,Tryptophan HE1,Tryptophan HE1,158,TRP,158,A,3,15,4,1,7,24,6,1,11,35,10,2,18,57,13,2,20,79,20,2,0,0,0.16193338
1QT8,2548,H,6.250422,-10.289465,-4.977633,99,['2540'],,"-0.042473, 0.037361, 0.062240",-1.4759806183897526,2.0757984901816435,-1.8084774751739128,Tryptophan HE3,Tryptophan HE3,158,TRP,158,A,7,37,6,2,14,56,13,2,21,81,21,2,29,103,27,2,38,130,36,2,0,0,0.0
1QT8,2549,H,3.740211,-13.578076,-2.040479,101,['2541'],,"0.047701, 0.015882, -0.062368",-6.166429284509022,2.643902904970135,0.0408315519915823,Tryptophan HZ2,Tryptophan HZ2,158,TRP,158,A,6,21,4,2,12,35,10,2,14,53,15,2,16,78,17,2,28,91,23,2,0,0,0.0929126
1QT8,2550,H,4.514412,-9.47768,-3.338896,103,['2542'],,"-0.073341, 0.138638, 0.038640",-3.309973787747095,3.0448351322782328,-3.242221386239896,Tryptophan HZ3,Tryptophan HZ3,158,TRP,158,A,7,39,8,2,16,58,14,2,25,87,24,2,33,113,30,2,38,151,37,2,0,0,0.0
1QT8,2551,H,3.288623,-11.089968,-1.872173,105,['2543'],,"0.002216, 0.019992, -0.049827",-5.618914027960448,3.3484982601738524,-2.331237688211134,Tryptophan HH2,Tryptophan HH2,158,TRP,158,A,8,30,7,2,14,57,10,2,19,76,19,2,24,94,24,2,31,131,31,2,0,0,0.0
1QT8,2552,N,8.734199,-11.441139,-9.480307,7,"['2530', '2553', '2556']",,"-0.144908, -0.326715, -0.200504",-0.6505527925471345,-1.2781298278717843,-0.310759167613072,Alanine N,Aspartate N,159,ASP,159,A,7,34,5,0,9,46,9,0,13,59,10,1,19,74,14,2,28,89,17,2,0,0,0.0
1QT8,2553,CA,9.925147,-11.123412,-10.27661,8,"['2552', '2554', '2557', '2558']",,"-0.089916, -0.840911, -0.363481",0.0,0.0,0.0,Alanine CA,Aspartate CA,159,ASP,159,A,6,23,5,0,8,34,7,0,13,58,9,0,19,67,11,1,23,80,15,2,0,0,0.0
1QT8,2554,C,10.313656,-9.637211,-10.359355,9,"['2553', '2555', '2564']",,"-0.322897, -0.193047, 0.117516",1.53836906836656,2.0816681711721685e-17,-2.775557561562892e-17,Alanine C,Aspartate C,159,ASP,159,A,5,23,5,0,8,43,7,0,13,57,8,0,21,70,13,1,24,86,18,2,0,0,0.0025158923
1QT8,2555,O,11.435696,-9.319917,-10.79301,11,['2554'],,"-0.382510, -0.123894, 0.231329",2.151595179595297,1.0824322794375094,-1.1102230246251563e-16,Alanine O,Aspartate O,159,ASP,159,A,6,20,5,0,7,34,6,0,11,48,10,0,17,57,10,0,21,76,15,1,0,0,0.21429181
1QT8,2556,HN,7.958326,-11.865577,-10.009263,10,['2552'],,"-0.177122, -0.149102, -0.123945",-1.2280899892085129,-1.6677032693923288,0.4485854827554927,Alanine HN,Aspartate HN,159,ASP,159,A,8,36,6,0,10,44,9,0,13,58,10,1,20,72,16,2,29,89,18,2,0,0,0.0
1QT8,2557,H,10.795754,-11.56527,-9.740978,12,['2553'],,"0.255926, -0.102808, 0.152435",-0.2358159844699635,0.6919472233212647,-0.8400574632984655,Alanine HA,Aspartate HA,159,ASP,159,A,6,23,5,0,8,30,5,0,11,48,7,1,14,66,11,1,21,76,14,1,0,0,0.0
1QT8,2558,C,9.890367,-11.767536,-11.691815,137,"['2553', '2559', '2562', '2563']",,"0.262808, 0.248020, -0.405752",-0.5549441650731228,0.6564990331636656,1.2961313825795082,Aspartate CB,Aspartate CB,159,ASP,159,A,6,18,3,0,8,29,5,0,11,41,10,0,16,55,11,0,21,74,15,1,0,0,0.0050317845
1QT8,2559,C,9.334016,-13.17579,-11.794332,139,"['2558', '2560', '2561']",,"0.334653, 0.246517, -0.250436",-2.0504325701999813,0.5552926352222455,1.5338017302311386,Aspartate CG,Aspartate CG,159,ASP,159,A,5,16,2,0,7,25,6,0,11,38,8,0,14,48,10,0,19,65,13,1,0,0,0.05157579
1QT8,2560,O,8.609049,-13.466959,-12.787856,140,['2559'],,"0.575289, -0.023371, -0.552801",-2.4613760380527574,0.3492933882895284,2.7111446083759403,Aspartate OD,Aspartate OD,159,ASP,159,A,4,16,3,0,8,23,5,0,11,34,6,0,17,47,10,0,20,58,14,0,0,0,0.216524
1QT8,2561,O,9.439619,-13.920678,-10.782434,140,['2559'],,"-0.414400, 0.283786, -0.716472",-2.7978182907096976,0.4644270050721072,0.5223148491532904,Aspartate OD,Aspartate OD,159,ASP,159,A,5,17,2,0,8,26,4,0,10,37,7,0,12,49,10,0,17,60,11,1,0,0,0.058037363
1QT8,2562,H,10.918759,-11.787078,-12.125211,138,['2558'],,"0.168874, 0.046430, -0.089677",-0.2907958745478389,1.7407775936065963,1.3153608448802878,Aspartate HB,Aspartate HB,159,ASP,159,A,5,17,3,0,6,22,4,0,10,34,6,0,13,45,10,0,18,65,12,0,0,0,0.17432173
1QT8,2563,H,9.301674,-11.115001,-12.377882,138,['2558'],,"-0.032033, 0.102289, -0.069197",-0.036307726575199,0.218580944548526,2.180604839099743,Aspartate HB,Aspartate HB,159,ASP,159,A,7,18,4,0,11,30,6,0,13,44,11,0,19,58,13,0,22,78,15,0,0,0,0.07079055
1QT8,2564,N,9.418614,-8.716883,-9.908326,7,"['2554', '2565', '2568']",,"-0.163221, 0.045049, -0.052872",-0.6061618547449856,-1.3196673303751274,-0.0283982796433408,Alanine N,Alanine N,160,ALA,160,A,6,38,9,0,12,46,10,0,17,66,12,1,23,81,18,2,26,105,25,2,0,0,0.0
1QT8,2565,CA,9.667776,-7.292688,-9.769231,8,"['2564', '2566', '2569', '2570']",,"-0.323632, 0.209816, -0.548321",0.0,0.0,0.0,Alanine CA,Alanine CA,160,ALA,160,A,7,34,9,0,12,45,11,0,19,65,14,0,24,88,19,2,31,111,25,2,0,0,0.0
1QT8,2566,C,10.185589,-6.862624,-8.382437,9,"['2565', '2567', '2574']",,"0.001917, -0.126261, -0.014265",1.541519687029978,-5.551115123125783e-17,1.1102230246251563e-16,Alanine C,Alanine C,160,ALA,160,A,8,33,6,0,13,52,10,0,15,69,17,2,23,88,24,2,31,107,27,2,0,0,0.006289731
1QT8,2567,O,10.446364,-5.678023,-8.178602,11,['2566'],,"0.025761, -0.157538, -0.011112",2.142980759716861,1.0728822932145654,2.220446049250313e-16,Alanine O,Alanine O,160,ALA,160,A,10,30,8,0,11,46,12,0,17,74,16,2,23,89,23,2,31,106,29,2,0,0,0.04241192
1QT8,2568,HN,8.486073,-9.010905,-9.589445,10,['2564'],,"-0.107633, -0.075176, 0.006702",-0.7145664856640777,-1.7496137123618103,0.8995894842511292,Alanine HN,Alanine HN,160,ALA,160,A,7,41,9,0,10,54,12,0,19,67,14,2,23,90,21,2,30,112,25,2,0,0,0.0
1QT8,2569,H,10.475771,-6.994682,-10.481888,12,['2565'],,"0.289009, 0.136537, -0.188797",-0.2865720678469735,0.5506853913071171,-0.9296050480934565,Alanine HA,Alanine HA,160,ALA,160,A,5,28,6,0,12,42,11,0,16,57,13,0,21,78,19,1,27,98,25,2,0,0,0.13361716
1QT8,2570,C,8.387111,-6.492151,-10.111227,13,"['2565', '2571', '2572', '2573']",,"-0.163536, 0.231695, -0.093396",-0.5145187886825708,0.796083399513952,1.2245183672452318,Alanine CB,Alanine CB,160,ALA,160,A,9,33,7,0,13,48,15,0,22,69,18,1,27,101,20,2,33,124,27,2,0,0,0.011321515
1QT8,2571,H,8.63399,-5.409615,-10.164075,14,['2570'],,"0.092242, -0.009480, 0.033469",-0.1771195112065355,1.8521622472052963,1.143985528858817,Alanine HB,Alanine HB,160,ALA,160,A,11,32,7,0,14,49,13,0,18,67,19,0,27,92,21,1,33,127,25,2,0,0,0.039819684
1QT8,2572,H,7.584956,-6.618221,-9.347692,14,['2570'],,"-0.039954, 0.029134, 0.021328",-0.1322458237291634,0.3926730983398269,2.1906754426332524,Alanine HB,Alanine HB,160,ALA,160,A,10,37,8,0,14,54,17,1,24,78,18,2,28,109,22,2,35,135,30,2,0,0,0.0
1QT8,2573,H,7.966872,-6.777597,-11.101286,14,['2570'],,"0.009942, -0.019954, -0.009291",-1.6260019316569765,0.8137719428246196,1.2754044934220776,Alanine HB,Alanine HB,160,ALA,160,A,10,34,8,0,15,44,15,0,21,69,16,0,25,90,19,1,31,116,26,2,0,0,0.008848819
1QT8,2574,N,10.302995,-7.807867,-7.411515,7,"['2566', '2575', '2578']",,"-0.115230, -0.055804, -0.006714",-0.6202932055002592,-1.2809681513040525,-0.3130372525130056,Alanine N,Tyrosine N,161,TYR,161,A,7,34,6,1,12,51,9,1,16,65,17,2,23,82,24,2,29,99,29,2,0,0,0.0
1QT8,2575,CA,10.790654,-7.580548,-6.057207,8,"['2574', '2576', '2579', '2580']",,"-0.409952, 0.295168, 0.069382",0.0,0.0,0.0,Alanine CA,Tyrosine CA,161,TYR,161,A,6,35,4,1,10,48,13,2,18,63,16,2,22,79,22,2,29,97,29,2,0,0,0.0
1QT8,2576,C,12.06918,-8.343507,-5.686806,9,"['2575', '2577', '2595']",,"-0.125891, 0.096138, -0.035451",1.5342529351961494,0.0,2.775557561562892e-17,Alanine C,Tyrosine C,161,TYR,161,A,5,31,6,1,9,41,9,1,13,55,15,1,19,68,19,2,25,80,25,2,0,0,0.0
1QT8,2577,O,12.693681,-8.030595,-4.675299,11,['2576'],,"-0.008632, -0.009133, -0.060367",2.1432561326419104,1.067790679531733,1.1102230246251563e-16,Alanine O,Tyrosine O,161,TYR,161,A,4,29,7,1,8,41,11,1,15,53,13,1,19,65,18,2,23,80,25,2,0,0,0.014509341
1QT8,2578,HN,10.026146,-8.78163,-7.588637,10,['2574'],,"-0.106514, -0.247941, -0.053045",-0.4095219390404304,-2.0162387790707528,0.3733915704777554,Alanine HN,Tyrosine HN,161,TYR,161,A,6,32,7,1,9,50,8,1,16,65,14,2,20,78,25,2,29,100,29,2,0,0,0.0
1QT8,2579,H,11.092256,-6.510525,-5.960156,12,['2575'],,"0.155602, 0.414217, 0.013752",-0.2573434163927616,0.7286676422396016,-0.8050774600783966,Alanine HA,Tyrosine HA,161,TYR,161,A,7,33,9,1,12,48,13,1,17,57,18,2,22,79,22,2,31,100,30,2,0,0,0.0
1QT8,2580,C,9.685868,-7.893536,-5.003581,70,"['2575', '2581', '2588', '2589']",,"-0.121769, 0.071717, 0.191005",-0.5106305954812073,0.5514639602959639,1.3652051996931456,Tyrosine CB,Tyrosine CB,161,TYR,161,A,8,39,6,2,13,59,12,2,22,73,18,2,26,91,27,2,34,120,36,2,0,0,0.0
1QT8,2581,C,8.535756,-6.91525,-5.12064,72,"['2580', '2582', '2583']",,"0.104066, 0.032081, -0.016870",-1.9837898914456893,0.8948122076857008,1.2916009229911325,Tyrosine CG,Tyrosine CG,161,TYR,161,A,8,40,9,2,17,57,12,2,21,84,21,2,33,108,31,2,37,132,39,2,0,0,0.0
1QT8,2582,C,8.508108,-5.748434,-4.33603,73,"['2581', '2584', '2590']",,"0.007559, 0.099536, 0.042645",-2.3976467674638684,2.1998649856375554,0.9700475451630926,Tyrosine CD,Tyrosine CD,161,TYR,161,A,11,34,8,2,15,57,14,2,24,84,24,2,33,114,28,2,40,134,38,2,0,0,0.0
1QT8,2583,C,7.50185,-7.123216,-6.047148,73,"['2581', '2585', '2591']",,"0.032287, 0.066545, 0.010392",-2.9656264754359376,-0.0885060742224825,1.49087617699799,Tyrosine CD,Tyrosine CD,161,TYR,161,A,10,40,8,2,15,62,14,2,25,87,22,2,33,116,32,2,44,143,38,2,0,0,0.0
1QT8,2584,C,7.475848,-4.816084,-4.478898,75,"['2582', '2586', '2592']",,"0.003406, 0.120100, 0.182770",-3.755985066625449,2.508742458150312,0.8485557037540651,Tyrosine CE,Tyrosine CE,161,TYR,161,A,11,38,10,2,17,59,14,2,27,86,24,2,36,121,30,2,42,141,40,2,0,0,0.0
1QT8,2585,C,6.479608,-6.184476,-6.197027,75,"['2583', '2586', '2593']",,"-0.066162, 0.001579, -0.026623",-4.320486805662547,0.2194779543791199,1.3560632232080458,Tyrosine CE,Tyrosine CE,161,TYR,161,A,10,38,10,2,18,61,16,2,25,89,24,2,38,124,27,2,48,157,40,2,0,0,0.0
1QT8,2586,C,6.458029,-5.024936,-5.413083,77,"['2584', '2585', '2587']",,"-0.013239, 0.017008, 0.081858",-4.725828803454125,1.5204607371960033,1.0355815176188354,Tyrosine CZ,Tyrosine CZ,161,TYR,161,A,11,37,9,1,20,61,16,2,27,92,25,2,35,119,31,2,44,160,41,2,0,0,0.0
1QT8,2587,OH,5.479147,-4.094889,-5.561062,78,"['2586', '2594']",,"0.013636, 0.057310, 0.062801",-6.039774724845679,1.829721305168081,0.8839266682730604,Tyrosine OH,Tyrosine OH,161,TYR,161,A,12,39,11,1,20,62,13,1,29,90,27,2,36,125,33,3,47,167,40,3,0,0,0.0
1QT8,2588,H,10.120686,-7.822003,-3.978673,71,['2580'],,"0.080371, 0.017139, 0.028811",0.0635748044363554,1.4701238816953155,1.631611241661131,Tyrosine HB,Tyrosine HB,161,TYR,161,A,8,40,6,2,13,55,13,2,21,72,19,2,25,90,24,2,31,111,34,2,0,0,0.0
1QT8,2589,H,9.317865,-8.940643,-5.102364,71,['2580'],,"0.032967, 0.033800, -0.019838",-0.3204344567886693,-0.1726670463660167,2.19047913758538,Tyrosine HB,Tyrosine HB,161,TYR,161,A,7,41,6,2,12,56,12,2,22,71,16,2,25,95,28,2,33,116,36,2,0,0,0.0
1QT8,2590,H,9.302461,-5.550286,-3.599249,74,['2582'],,"0.027464, 0.019400, 0.038714",-1.6563566210763725,2.997669476480802,0.8054192555736304,Tyrosine HD,Tyrosine HD,161,TYR,161,A,11,37,7,2,15,51,15,2,20,80,23,2,30,100,27,2,40,130,33,2,0,0,0.0
1QT8,2591,H,7.4916,-8.021611,-6.685752,74,['2583'],,"-0.008555, 0.051783, 0.039707",-2.6815832847052743,-1.1247160358704846,1.7370917096558416,Tyrosine HD,Tyrosine HD,161,TYR,161,A,7,40,5,2,13,63,14,2,23,78,19,2,31,111,29,2,43,140,37,2,0,0,0.0
1QT8,2592,H,7.458993,-3.913793,-3.848669,76,['2584'],,"-0.102607, 0.174026, 0.131752",-4.066574756264256,3.5374486430604755,0.6100198323119592,Tyrosine HE,Tyrosine HE,161,TYR,161,A,13,41,11,2,18,53,14,2,23,81,22,2,34,107,31,2,42,145,40,2,0,0,0.0
1QT8,2593,H,5.686129,-6.369184,-6.936173,76,['2585'],,"-0.090079, -0.088569, -0.047177",-5.068303083023174,-0.5723950633299314,1.5102407739729142,Tyrosine HE,Tyrosine HE,161,TYR,161,A,11,40,12,1,16,62,20,2,25,90,21,2,36,130,28,2,50,161,38,3,0,0,0.0
1QT8,2594,HO,4.863388,-4.288675,-6.252257,79,['2587'],,"0.015138, 0.006922, -0.013936",-6.623402376527847,1.090908384165847,0.973352167176374,Tyrosine HH,Tyrosine HH,161,TYR,161,A,12,38,12,1,21,62,15,1,27,92,23,2,35,125,33,3,48,165,40,3,0,0,0.0
1QT8,2595,N,12.47039,-9.371765,-6.472894,7,"['2576', '2596', '2599']",,"-0.107786, 0.019971, -0.117642",-0.4240498647374465,0.9250441871582464,1.0473420150088957,Alanine N,Lysine N,162,LYS,162,A,7,30,8,1,7,43,9,1,9,50,12,1,13,66,15,2,21,77,20,2,0,0,0.0
1QT8,2596,CA,13.720373,-10.097578,-6.265076,8,"['2595', '2597', '2600', '2601']",,"-0.445047, -0.215252, 0.072237",0.0,0.0,0.0,Alanine CA,Lysine CA,162,LYS,162,A,6,25,7,0,7,32,9,1,8,43,11,1,11,52,13,1,14,66,18,1,0,0,0.0
1QT8,2597,C,14.846499,-9.217877,-6.830382,9,"['2596', '2598', '2617']",,"0.064581, -0.054410, 0.218742",1.5367512781556425,0.0,0.0,Alanine C,Lysine C,162,LYS,162,A,5,20,7,0,6,27,8,0,6,36,9,1,9,44,10,1,12,56,14,1,0,0,0.0
1QT8,2598,O,14.731562,-8.729143,-7.955823,11,['2597'],,"-0.052922, -0.065976, 0.167154",2.146300011078921,1.0710458549462871,1.1102230246251563e-16,Alanine O,Lysine O,162,LYS,162,A,6,19,7,0,6,27,9,0,6,34,9,0,9,42,10,1,10,52,12,1,0,0,0.081475526
1QT8,2599,HN,11.970685,-9.601087,-7.340516,10,['2595'],,"-0.035078, 0.013674, -0.091129",-0.6023439498732258,1.887181742205232,0.7349894162253978,Alanine HN,Lysine HN,162,LYS,162,A,7,30,5,1,7,41,10,1,9,52,12,1,15,67,15,2,20,81,21,2,0,0,0.0
1QT8,2600,H,13.892169,-10.222828,-5.166665,12,['2596'],,"0.037269, 0.014629, 0.382445",-0.3498659440617335,-1.0306711674473754,0.2588801244117735,Alanine HA,Lysine HA,162,LYS,162,A,6,24,7,1,6,32,9,1,8,42,10,1,12,56,14,1,14,64,17,1,0,0,0.04689874
1QT8,2601,C,13.666367,-11.503527,-6.950111,182,"['2596', '2602', '2606', '2607']",,"0.117970, -0.151266, -0.013272",-0.5924041965903597,0.4212125090794663,-1.385828084546965,Lysine CB,Lysine CB,162,LYS,162,A,6,18,6,0,7,30,9,1,8,37,10,1,9,47,12,1,13,60,14,1,0,0,0.0
1QT8,2602,C,12.689682,-12.459936,-6.206966,184,"['2601', '2603', '2608', '2609']",,"0.090034, 0.178167, 0.085248",-2.128975980817531,0.1831995248478528,-1.4423367280016688,Lysine CG,Lysine CG,162,LYS,162,A,6,20,4,1,9,30,7,1,9,42,11,1,11,51,12,1,12,67,17,1,0,0,0.0
1QT8,2603,C,12.350363,-13.796638,-6.919584,186,"['2602', '2604', '2610', '2611']",,"0.335225, 0.202121, 0.324905",-2.8806700380200674,0.7862663910364703,-2.659300340342164,Lysine CD,Lysine CD,162,LYS,162,A,5,15,5,0,8,27,6,1,9,34,8,1,11,44,12,1,11,56,13,1,0,0,0.0050317845
1QT8,2604,C,11.631597,-13.573968,-8.259039,188,"['2603', '2605', '2612', '2613']",,"-0.166364, -0.516256, -0.217105",-2.7871845850218304,2.319284641536591,-2.697532557022098,Lysine CE,Lysine CE,162,LYS,162,A,5,18,6,0,7,27,7,0,9,32,8,1,10,46,10,1,13,61,15,1,0,0,0.0
1QT8,2605,N,11.162796,-14.768043,-8.934723,190,"['2604', '2614', '2615', '2616']",,"-0.100827, -0.158539, -0.458084",-3.5657033760605903,2.977785998419214,-3.7282715181879658,Lysine NZ,Lysine NZ,162,LYS,162,A,3,13,5,0,7,19,5,0,8,27,7,0,9,39,9,1,12,54,12,1,0,0,0.007974084
1QT8,2606,H,14.685511,-11.958856,-6.960695,183,['2601'],,"0.039640, -0.041503, 0.006235",-0.1023350559790942,-0.1637124693247623,-2.2005587265952133,Lysine HB,Lysine HB,162,LYS,162,A,6,13,6,0,6,20,8,0,7,31,9,1,9,38,12,1,9,50,12,1,0,0,0.14866015
1QT8,2607,H,13.391199,-11.371941,-8.022124,183,['2601'],,"0.083526, 0.033721, 0.002391",-0.3243726136979422,1.4847025569398622,-1.5843026785459906,Lysine HB,Lysine HB,162,LYS,162,A,7,16,6,0,7,28,8,0,7,38,10,1,9,49,11,1,11,56,13,1,0,0,0.034510393
1QT8,2608,H,11.740785,-11.918722,-5.975674,185,['2602'],,"-0.004437, 0.064199, -0.012723",-2.599593348533655,0.5567892979917086,-0.50118632860991,Lysine HG,Lysine HG,162,LYS,162,A,6,24,5,1,9,39,8,1,10,48,12,1,12,61,16,1,14,77,19,2,0,0,0.0
1QT8,2609,H,13.142306,-12.700968,-5.214775,185,['2602'],,"0.093373, -0.072720, 0.030780",-2.300256763853483,-0.9204621154771612,-1.4410070969664257,Lysine HG,Lysine HG,162,LYS,162,A,5,16,4,1,9,27,7,1,10,38,12,1,11,51,14,1,12,62,16,1,0,0,0.15927874
1QT8,2610,H,11.692541,-14.391894,-6.242118,187,['2603'],,"0.080749, 0.013821, 0.013172",-3.952680436866894,0.4834603165807657,-2.5877331941576527,Lysine HD,Lysine HD,162,LYS,162,A,6,18,4,0,7,24,6,1,10,34,8,1,11,44,11,1,12,61,15,1,0,0,0.1318474
1QT8,2611,H,13.270301,-14.409965,-7.061463,187,['2603'],,"0.114710, -0.041052, 0.009767",-2.5054455087604937,0.3432135913216495,-3.610876061302293,Lysine HD,Lysine HD,162,LYS,162,A,3,10,4,0,6,18,6,0,9,28,7,1,9,35,12,1,11,47,12,1,0,0,0.19555889
1QT8,2612,H,12.283635,-13.02286,-8.975061,189,['2604'],,"-0.055000, -0.110154, -0.005684",-1.7305017246848575,2.6518033111184023,-2.8175898460203905,Lysine HE,Lysine HE,162,LYS,162,A,6,15,5,0,6,23,7,0,9,31,8,1,10,44,9,1,11,60,15,1,0,0,0.06282661
1QT8,2613,H,10.741967,-12.935144,-8.068852,189,['2604'],,"0.029565, -0.054051, -0.058225",-3.1433744393975744,2.7091253165605385,-1.7193394418440884,Lysine HE,Lysine HE,162,LYS,162,A,6,23,6,0,7,28,7,1,9,41,8,1,13,57,13,1,14,76,18,2,0,0,0.0
1QT8,2614,HN,10.460705,-14.474239,-9.614914,191,['2605'],,"-0.338093, 0.165141, -0.461834",-3.661793879133555,3.956618899164311,-3.455205359874408,Lysine HN,Lysine HN,162,LYS,162,A,4,13,5,0,6,20,5,0,7,30,8,0,10,49,10,1,13,55,14,1,0,0,0.0
1QT8,2615,HN,10.7466,-15.478702,-8.346953,191,['2605'],,"0.094065, 0.113193, -0.208379",-4.493717230707641,2.6086909857612666,-3.8904074328125526,Lysine HN,Lysine HN,162,LYS,162,A,3,14,5,0,6,19,5,0,8,28,7,0,9,41,9,1,11,50,13,1,0,0,0.18671007
1QT8,2616,HN,11.888151,-15.224441,-9.486124,191,['2605'],,"0.121772, -0.240460, -0.296147",-3.092589963517612,3.001833767999268,-4.630528397840409,Lysine HN,Lysine HN,162,LYS,162,A,3,11,4,0,4,14,5,0,8,21,6,0,8,33,9,0,11,44,11,1,0,0,0.24157275
1QT8,2617,N,15.931626,-9.049927,-6.028398,7,"['2597', '2618', '2621']",,"0.034985, -0.077312, 0.112896",-0.6368627713533535,-1.2759200513225837,0.3254299569970562,Alanine N,Asparagine N,163,ASN,163,A,3,16,7,0,5,23,7,0,6,31,7,1,6,39,9,1,10,51,11,1,0,0,0.0011391548
1QT8,2618,CA,17.102243,-8.193982,-6.219408,8,"['2617', '2619', '2622', '2623']",,"0.107089, -0.251978, -0.387581",0.0,0.0,0.0,Alanine CA,Asparagine CA,163,ASN,163,A,3,12,4,0,3,17,6,0,4,24,7,0,7,31,7,0,8,41,9,1,0,0,0.0
1QT8,2619,C,17.022794,-6.795661,-5.577333,9,"['2618', '2620', '2631']",,"-0.304888, -0.297617, 0.184446",1.5407381569452352,1.1102230246251563e-16,5.551115123125783e-17,Alanine C,Asparagine C,163,ASN,163,A,2,11,4,0,3,17,5,0,5,25,7,0,6,34,8,0,11,42,9,1,0,0,0.015095353
1QT8,2620,O,17.83909,-5.915137,-5.905355,11,['2619'],,"-0.503672, -0.181443, 0.026648",2.161081444571086,1.0790895756022982,2.775557561562892e-17,Alanine O,Asparagine O,163,ASN,163,A,2,9,4,0,3,13,5,0,4,18,6,0,6,27,7,0,8,35,8,0,0,0,0.23549776
1QT8,2621,HN,15.976738,-9.585638,-5.14936,10,['2617'],,"0.008370, -0.086390, 0.105594",-0.7590585642077854,-1.875890734954916,-0.5033236496312521,Alanine HN,Asparagine HN,163,ASN,163,A,3,17,5,0,3,21,7,0,6,31,7,1,7,38,9,1,12,53,10,1,0,0,0.1221137
1QT8,2622,H,17.920864,-8.669466,-5.631945,12,['2618'],,"0.390944, -0.133944, 0.233820",-0.228930902293827,0.1843006726027352,-1.074691609867274,Alanine HA,Asparagine HA,163,ASN,163,A,2,10,4,0,3,13,4,0,3,19,7,0,5,27,7,0,7,35,8,1,0,0,0.10530094
1QT8,2623,C,17.578795,-8.087145,-7.705203,147,"['2618', '2624', '2627', '2628']",,"0.016967, 0.120439, -0.327652",-0.5467904977873171,1.2136631898968815,0.8210630598905442,Asparagine CB,Asparagine CB,163,ASN,163,A,2,11,4,0,3,15,6,0,4,19,7,0,6,29,7,0,8,36,8,0,0,0,0.0025158923
1QT8,2624,C,18.516187,-9.199146,-8.14313,149,"['2623', '2625', '2626']",,"-0.230657, 0.111477, -0.149615",-1.7868397412240218,1.8613866988589127,0.2296561164210153,Asparagine CG,Asparagine CG,163,ASN,163,A,2,8,2,0,2,11,4,0,3,16,6,0,5,20,7,0,6,27,8,0,0,0,0.04151222
1QT8,2625,O,19.400931,-9.607384,-7.383512,150,['2624'],,"-0.210143, -0.067473, -0.484549",-1.8864076440584368,2.0238796930150684,-0.9910535032999586,Asparagine OD1,Asparagine OD1,163,ASN,163,A,2,4,1,0,2,10,3,0,2,14,5,0,4,16,7,0,5,23,7,0,0,0,0.40068102
1QT8,2626,N,18.382482,-9.630685,-9.414898,151,"['2624', '2629', '2630']",,"-0.040860, -0.018358, -0.169047",-2.7015816457591315,2.3205687643439576,1.1093696267153448,Asparagine ND2,Asparagine ND2,163,ASN,163,A,2,3,1,0,2,10,3,0,4,17,5,0,6,21,7,0,6,23,8,0,0,0,0.1184721
1QT8,2627,H,18.146039,-7.142075,-7.854044,148,['2623'],,"-0.005242, 0.078869, 0.050845",0.2196454916868977,2.018569052745198,0.8632427909006655,Asparagine HB,Asparagine HB,163,ASN,163,A,2,10,4,0,3,13,6,0,3,17,6,0,5,24,7,0,8,33,7,0,0,0,0.13007763
1QT8,2628,H,16.705042,-7.993682,-8.388408,148,['2623'],,"-0.191573, -0.048638, 0.021141",-0.7016245762318862,0.9256536311596392,1.8850299821354048,Asparagine HB,Asparagine HB,163,ASN,163,A,3,14,5,0,4,19,7,0,6,24,7,0,7,32,8,0,8,39,9,0,0,0,0.05309291
1QT8,2629,HN,17.622125,-9.328789,-10.037972,152,['2626'],,"-0.043094, -0.031675, -0.103303",-2.648037907008243,2.150348212110395,2.1221199431205653,Asparagine HD2,Asparagine HD2,163,ASN,163,A,2,5,2,0,3,12,3,0,5,19,6,0,6,23,8,0,6,27,9,0,0,0,0.22829953
1QT8,2630,HN,19.061765,-10.315881,-9.766058,152,['2626'],,"-0.001911, -0.026438, -0.019913",-3.504809217169883,2.843814956051001,0.7415773082873192,Asparagine HD2,Asparagine HD2,163,ASN,163,A,0,3,1,0,2,4,2,0,2,11,3,0,5,19,6,0,6,22,8,0,0,0,0.2928959
1QT8,2631,N,16.086774,-6.55852,-4.620636,7,"['2619', '2632', '2635']",,"-0.177611, 0.051649, 0.420833",-0.5380763026380746,-1.307953344064304,-0.3689278609380717,Alanine N,Leucine N,164,LEU,164,A,4,15,5,0,4,19,5,0,7,28,8,1,10,37,10,1,14,51,13,1,0,0,0.0
1QT8,2632,CA,15.858428,-5.249913,-4.010897,8,"['2631', '2633', '2636', '2637']",,"-0.191206, 0.154917, -0.295254",0.0,0.0,0.0,Alanine CA,Leucine CA,164,LEU,164,A,3,13,5,0,6,22,6,0,9,27,7,0,11,38,12,1,16,57,15,1,0,0,0.0
1QT8,2633,C,16.146066,-5.270975,-2.504349,233,"['2632', '2634', '2650']",,"-0.080326, -0.038058, -0.473949",1.5339055066046283,3.469446951953614e-18,5.551115123125783e-17,C-Terminal COO-,Leucine COO-,164,LEU,164,A,2,12,3,0,3,17,5,0,9,28,9,0,13,39,12,1,18,56,16,1,0,0,0.026416868
1QT8,2634,O,16.283723,-4.155442,-1.921664,234,['2633'],,"0.002513, -0.409734, -0.567871",2.116694306599737,1.1239405444965769,5.551115123125783e-17,C-Terminal COO-,Leucine COO-,164,LEU,164,A,1,8,3,0,4,15,5,0,11,23,9,0,15,37,11,1,18,50,15,1,0,0,0.38170728
1QT8,2635,HN,15.815534,-7.331553,-3.999505,10,['2631'],,"-0.018099, -0.015247, 0.229157",0.0317282596055921,-2.08186786370229,-0.003778640769372,Alanine HN,Leucine HN,164,LEU,164,A,4,16,4,0,4,21,6,0,7,28,9,1,12,44,11,1,15,58,14,1,0,0,0.015927874
1QT8,2636,H,16.554118,-4.486562,-4.438297,12,['2632'],,"0.286874, 0.337276, -0.128351",-0.2998029746695039,0.776724427755761,-0.7457730385363912,Alanine HA,Leucine HA,164,LEU,164,A,2,12,4,0,5,18,6,0,8,22,6,0,11,29,12,0,13,43,13,1,0,0,0.06105685
1QT8,2637,C,14.382924,-4.820802,-4.261882,19,"['2632', '2638', '2641', '2642']",,"0.043824, -0.030918, 0.046488",-0.5290872884408963,0.3894111484599739,1.411618706743201,Leucine CB,Leucine CB,164,LEU,164,A,5,20,5,0,8,26,9,0,11,38,12,1,13,53,15,1,21,68,18,1,0,0,0.0
1QT8,2638,C,13.96238,-4.724321,-5.757583,21,"['2637', '2639', '2640', '2643']",,"0.095195, -0.099814, 0.102208",-2.078297365469791,0.4615472226580216,1.5459014112491123,Leucine CG,Leucine CG,164,LEU,164,A,6,24,4,0,9,32,9,0,10,37,12,1,14,54,16,1,21,69,18,1,0,0,0.0
1QT8,2639,C,12.578957,-4.038827,-5.86848,23,"['2638', '2644', '2645', '2646']",,"0.111732, -0.039685, 0.006281",-2.456048505004198,1.110855975532421,2.899327281252765,Leucine CD,Leucine CD,164,LEU,164,A,8,27,6,0,9,34,11,0,12,48,16,1,19,63,18,1,27,86,21,2,0,0,0.0
1QT8,2640,C,14.970006,-3.919228,-6.613354,23,"['2638', '2647', '2648', '2649']",,"0.075281, -0.026479, 0.138593",-2.740910170176265,1.283951025562288,0.414342683222317,Leucine CD,Leucine CD,164,LEU,164,A,5,17,4,0,7,24,7,0,9,31,10,0,12,41,11,0,15,57,18,1,0,0,0.04151222
1QT8,2641,H,14.212577,-3.845021,-3.754927,20,['2637'],,"-0.006345, -0.056628, -0.004059",-0.0765158174194193,1.36518157006319,1.6966120055007994,Leucine HB,Leucine HB,164,LEU,164,A,8,20,5,0,8,25,9,0,10,38,12,1,18,52,16,1,23,71,19,1,0,0,0.025661575
1QT8,2642,H,13.7083,-5.544154,-3.740357,20,['2637'],,"-0.003291, -0.069135, 0.002844",-0.1334369796057848,-0.3459351478451367,2.155305899408261,Leucine HB,Leucine HB,164,LEU,164,A,6,23,6,0,8,33,10,1,12,47,13,1,16,63,16,1,25,75,21,2,0,0,0.0
1QT8,2643,H,13.885757,-5.758874,-6.17756,22,['2638'],,"0.028483, -0.035974, 0.032515",-2.4909469308169405,-0.5784121088396873,1.5183950571350953,Leucine HG,Leucine HG,164,LEU,164,A,7,26,7,0,8,34,7,0,11,38,10,1,14,53,14,1,18,69,21,2,0,0,0.0008848819
1QT8,2644,H,12.232114,-4.016206,-6.9256,24,['2639'],,"-0.002214, -0.080934, -0.000018",-3.5596651781349897,1.1150346436599168,3.0419009401467045,Leucine HD,Leucine HD,164,LEU,164,A,7,27,7,0,9,36,11,0,14,52,14,0,19,70,19,1,28,88,24,2,0,0,0.008848819
1QT8,2645,H,12.596812,-2.991109,-5.487563,24,['2639'],,"0.047389, -0.011151, 0.033584",-2.092963241869046,2.162134419540147,2.977508444564484,Leucine HD,Leucine HD,164,LEU,164,A,7,26,6,0,10,35,10,0,13,49,16,0,23,61,20,1,26,84,21,2,0,0,0.022122048
1QT8,2646,H,11.800889,-4.585415,-5.294248,24,['2639'],,"0.046075, 0.030811, -0.005742",-2.0304561973965125,0.5500811921294992,3.7585673374632367,Leucine HD,Leucine HD,164,LEU,164,A,9,29,9,0,9,41,12,1,15,56,16,2,20,74,19,2,30,99,25,2,0,0,0.0
1QT8,2647,H,14.626491,-3.846598,-7.666787,24,['2640'],,"0.030736, -0.097765, 0.158447",-3.840968206768824,1.338238428218522,0.55549491187977,Leucine HD,Leucine HD,164,LEU,164,A,5,15,4,0,8,25,6,0,8,34,10,0,13,44,11,0,16,58,18,1,0,0,0.21148677
1QT8,2648,H,15.969708,-4.403416,-6.656382,24,['2640'],,"0.085035, -0.014096, 0.016164",-2.589058245018505,0.824779863941103,-0.5865550908252305,Leucine HD,Leucine HD,164,LEU,164,A,5,11,5,0,6,21,6,0,8,28,7,0,10,33,10,0,13,44,12,1,0,0,0.049553387
1QT8,2649,H,15.127883,-2.886074,-6.226892,24,['2640'],,"0.023281, 0.032335, 0.036107",-2.345921896423254,2.3242561639377857,0.3557364126008737,Leucine HD,Leucine HD,164,LEU,164,A,5,13,4,0,6,22,5,0,9,30,9,0,13,42,13,0,16,52,17,0,0,0,0.18936472
1QT8,2650,O,16.346876,-6.388263,-1.954494,234,['2633'],,"-0.312046, 0.162958, -0.297916",2.126951071184164,-1.1067816626722988,-0.1197036406041306,C-Terminal COO-,Leucine COO-,164,LEU,164,A,2,10,3,0,3,16,5,0,6,26,9,1,12,40,11,1,17,51,14,1,0,0,0.3504564
