Residue Name_Aspartate,Residue Name_Glutamate,Residue Name_Histidine,Residue Name_Lysine,atom_label,recalculated_x,recalculated_y,recalculated_z,Dipole_X,Dipole_Y,Dipole_Z,Radius_9A_N_Count,Radius_9A_CA_C_Count,Radius_9A_O_Count,Radius_9A_S_Count,Number of H-Bonds as donor,Number of H-Bonds as acceptor,SASA_Value,Expt.pKa
0,1,0,0,0,-0.4213037472557701,0.6672738907987921,1.2173591242305983,0.002366,-0.036309,-0.25712,0.375,0.572649573,0.323529412,0.0,0,0,0.0,4.1
0,1,0,0,1,0.0,0.0,0.0,-0.630897,-0.35707,-0.19737,0.46875,0.512820513,0.294117647,0.0,0,0,0.0,4.1
0,1,0,0,2,1.5291709591723222,3.2649300203423143e-17,-3.531516833321632e-17,-0.160626,-0.015241,0.233606,0.53125,0.564102564,0.352941176,0.0,0,0,0.0,4.1
0,1,0,0,3,2.168193051877316,1.0564217852926596,3.591960446670358e-17,-0.075845,0.072047,0.247497,0.59375,0.666666667,0.411764706,0.0,0,0,0.0,4.1
0,1,0,0,4,0.0163946967104123,1.5878069772937926,1.376041649212307,0.057934,-0.0613,-0.4101,0.53125,0.641025641,0.352941176,0.0,0,0,0.0,4.1
0,1,0,0,4,-0.3828827543461224,-1.0495162086778966,-0.0028931795134483,-0.152061,0.109155,0.287993,0.4375,0.418803419,0.294117647,0.0,0,0,0.035395276,4.1
0,1,0,0,5,-0.5405101605129669,0.7693187882254446,-1.2332621239665889,0.103906,-0.519674,0.167865,0.4375,0.512820513,0.323529412,0.0,0,0,0.0,4.1
0,1,0,0,5,-0.326994441796518,-0.0097312952339759,-2.5434773512601305,-0.198081,0.544314,-0.258095,0.375,0.435897436,0.294117647,0.0,0,0,0.003773838,4.1
0,1,0,0,5,-0.6970730790159338,0.7058528006723191,-3.8250608200052567,0.014286,0.375759,-0.023029,0.34375,0.376068376,0.323529412,0.0,0,0,0.023900976,4.1
0,1,0,0,8,-0.3566932974827267,0.1588881357077992,-4.910820464446262,-0.398287,0.588379,-0.39091,0.3125,0.307692308,0.323529412,0.0,0,0,0.29018682,4.1
0,1,0,0,8,-1.3270916816824738,1.792281846845478,-3.7788143982260287,-0.224776,0.466458,-0.040432,0.40625,0.444444444,0.411764706,0.0,0,0,0.16406716,4.1
0,1,0,0,7,-0.0323696464813785,1.75921635105414,-1.312398289444341,0.015226,-0.00548,-0.061778,0.53125,0.598290598,0.323529412,0.0,0,0,0.0,4.1
0,1,0,0,7,-1.6200551091886308,0.9934992915300208,-1.1046249443762175,0.020731,0.019124,-0.107783,0.40625,0.521367521,0.323529412,0.0,0,0,0.0,4.1
0,1,0,0,7,-0.9100123250451982,-0.9598042359504956,-2.51203616617602,-0.010794,0.031003,0.139012,0.3125,0.358974359,0.235294118,0.0,0,0,0.13096252,4.1
0,1,0,0,7,0.7443046863092692,-0.2968867902772341,-2.636821587821584,0.083648,0.063437,0.005076,0.375,0.427350427,0.323529412,0.0,0,0,0.007963937,4.1
