Residue Name_Aspartate,Residue Name_Glutamate,Residue Name_Histidine,Residue Name_Lysine,atom_label,recalculated_x,recalculated_y,recalculated_z,Dipole_X,Dipole_Y,Dipole_Z,Radius_7A_N_Count,Radius_7A_CA_C_Count,Radius_7A_O_Count,Radius_7A_S_Count,Number of H-Bonds as donor,Number of H-Bonds as acceptor,SASA_Value,Expt.pKa
1,0,0,0,0,-0.562210319,-1.300567039,0.369445502,0.068681,0.046901,-0.209544,0.315789474,0.308823529,0.277777778,0.0,0,0,0.0,3.55
1,0,0,0,1,0.0,0.0,0.0,0.641137,0.478236,-0.056964,0.315789474,0.294117647,0.222222222,0.0,0,0,0.0,3.55
1,0,0,0,2,1.540411354,5e-17,-1.5e-17,0.293348,-0.211596,-0.303897,0.315789474,0.382352941,0.388888889,0.0,0,0,0.003773838,3.55
1,0,0,0,3,2.176540305,1.069177339,5.71e-17,0.282453,-0.461986,-0.278173,0.315789474,0.338235294,0.333333333,0.0,0,0,0.20759518,3.55
1,0,0,0,4,-0.332582589,-1.608187435,1.323370324,-0.195865,0.01917,-0.211461,0.315789474,0.338235294,0.333333333,0.0,0,0,0.0,3.55
1,0,0,0,4,-0.285598272,0.223578845,-1.059603778,0.244695,-0.221496,0.279542,0.315789474,0.235294118,0.222222222,0.0,0,0,0.10087653,3.55
1,0,0,0,5,-0.496055733,1.169038987,0.896646574,-0.375825,-0.028364,0.27394,0.315789474,0.294117647,0.222222222,0.0,0,0,0.008805623,3.55
1,0,0,0,5,-1.931812352,1.151389329,1.347524408,-0.524205,-0.187639,0.117605,0.263157895,0.205882353,0.166666667,0.0,0,0,0.037738383,3.55
1,0,0,0,8,-2.852552844,1.255958425,0.494493579,-0.367202,-0.673593,-0.013423,0.210526316,0.161764706,0.111111111,0.0,0,0,0.24107827,3.55
1,0,0,0,8,-2.183242208,1.06292276,2.578391487,-0.283801,-0.002695,0.378481,0.263157895,0.220588235,0.166666667,0.0,0,1,0.044644125,3.55
1,0,0,0,7,-0.310922676,2.128551744,0.358488729,-0.060476,-0.036334,0.163864,0.263157895,0.220588235,0.277777778,0.0,0,0,0.1805159,3.55
1,0,0,0,7,0.14432652,1.220361554,1.807823179,-0.159377,-0.018723,0.012956,0.315789474,0.294117647,0.333333333,0.0,0,0,0.05132315,3.55
