Residue Name_Aspartate,Residue Name_Glutamate,Residue Name_Histidine,Residue Name_Lysine,atom_label,recalculated_x,recalculated_y,recalculated_z,Dipole_X,Dipole_Y,Dipole_Z,Radius_7A_N_Count,Radius_7A_CA_C_Count,Radius_7A_O_Count,Radius_7A_S_Count,Number of H-Bonds as donor,Number of H-Bonds as acceptor,SASA_Value,Expt.pKa
0,1,0,0,0,-0.439598469,1.239980115,0.623266936,0.159619,-0.021136,0.033856,0.368421053,0.323529412,0.277777778,0.0,0,0,0.0,3.9
0,1,0,0,1,0.0,0.0,0.0,-0.09924,-0.52055,-0.609426,0.368421053,0.264705882,0.277777778,0.0,0,0,0.0,3.9
0,1,0,0,2,1.530178662,4.18e-17,1.22e-16,-0.356097,-0.06307,-0.217056,0.368421053,0.367647059,0.333333333,0.0,0,0,0.020127138,3.9
0,1,0,0,3,2.155806515,1.065638201,9.49e-17,-0.283754,-0.061682,-0.016818,0.526315789,0.426470588,0.388888889,0.0,0,0,0.0,3.9
0,1,0,0,4,0.159446365,2.03955729,0.383807631,0.133313,0.080747,0.132075,0.368421053,0.367647059,0.333333333,0.0,0,0,0.0,3.9
0,1,0,0,4,-0.344457165,-0.869397344,0.612505291,-0.267506,0.197477,-0.20627,0.368421053,0.220588235,0.277777778,0.0,0,0,0.0831789,3.9
0,1,0,0,5,-0.620499249,-0.104724706,-1.42011405,0.060616,-0.500709,-0.039111,0.263157895,0.264705882,0.166666667,0.0,0,0,0.003773838,3.9
0,1,0,0,5,-0.272381549,1.016953449,-2.427303884,-0.237622,0.721053,0.009091,0.210526316,0.279411765,0.166666667,0.0,0,0,0.0,3.9
0,1,0,0,5,-1.229038463,1.167907553,-3.59270737,0.131145,0.597306,0.216922,0.157894737,0.25,0.111111111,0.0,0,0,0.035222493,3.9
0,1,0,0,8,-2.44777497,0.864589577,-3.441707863,0.373702,0.389317,0.177432,0.105263158,0.147058824,0.111111111,0.0,0,0,0.3180894,3.9
0,1,0,0,8,-0.812792208,1.622465902,-4.691936669,0.008965,0.764678,0.170792,0.210526316,0.205882353,0.111111111,0.0,0,0,0.30804446,3.9
0,1,0,0,7,-1.728801018,-0.138773928,-1.28692078,-0.087078,-0.035557,-0.107723,0.157894737,0.161764706,0.166666667,0.0,0,0,0.09733701,3.9
0,1,0,0,7,-0.364899553,-1.088779457,-1.877102857,-0.014984,0.024178,-0.05377,0.210526316,0.191176471,0.111111111,0.0,0,0,0.15839386,3.9
0,1,0,0,7,0.756929623,0.850697934,-2.823065857,0.02706,0.119289,0.167645,0.263157895,0.338235294,0.222222222,0.0,0,0,0.013273228,3.9
0,1,0,0,7,-0.241687083,2.00718784,-1.91875981,0.110055,0.021688,0.017562,0.263157895,0.352941176,0.222222222,0.0,0,0,0.0,3.9
