Residue Name_Aspartate,Residue Name_Glutamate,Residue Name_Histidine,Residue Name_Lysine,atom_label,recalculated_x,recalculated_y,recalculated_z,Dipole_X,Dipole_Y,Dipole_Z,Radius_9A_N_Count,Radius_9A_CA_C_Count,Radius_9A_O_Count,Radius_9A_S_Count,Number of H-Bonds as donor,Number of H-Bonds as acceptor,SASA_Value
0.0,1.0,0.0,0.0,0,-0.5768145747534842,-0.7688145375017689,-1.0906007644486126,0.204571,0.054998,-0.22015,0.6129032258064516,0.5309734513274336,0.48484848484848486,1.0,0.0,0.0,0.0011391548
0.0,1.0,0.0,0.0,1,0.0,0.0,0.0,0.59414,0.459325,-0.056528,0.6451612903225806,0.49557522123893805,0.5454545454545454,0.6666666666666666,0.0,0.0,0.0
0.0,1.0,0.0,0.0,2,1.5284959175742014,5.551115123125783e-17,-2.775557561562892e-17,0.319805,0.106239,-0.278639,0.6774193548387096,0.6283185840707964,0.5454545454545454,0.6666666666666666,0.0,0.0,0.0
0.0,1.0,0.0,0.0,3,2.161055189020907,1.0579220181775268,0.0,0.201917,0.004926,-0.42855,0.7096774193548387,0.6194690265486725,0.5757575757575758,0.6666666666666666,0.0,0.0,0.0
0.0,1.0,0.0,0.0,4,-1.2160914289728644,-1.525867278224526,-0.8203574192548114,0.218828,0.008889,-0.281131,0.6451612903225806,0.5132743362831859,0.42424242424242425,1.0,0.0,0.0,0.0
0.0,1.0,0.0,0.0,4,-0.2486934725401688,1.068629526607366,-0.2035572956905003,-0.101838,0.342344,0.306154,0.5806451612903225,0.39823008849557523,0.5151515151515151,0.3333333333333333,0.0,0.0,0.0
0.0,1.0,0.0,0.0,5,-0.5518503809016897,-0.3996938169456685,1.4133184612107286,0.125738,0.502378,-0.028769,0.5483870967741935,0.5132743362831859,0.5454545454545454,0.3333333333333333,0.0,0.0,0.0012579461
0.0,1.0,0.0,0.0,5,-1.68139609648466,0.5198476005500655,1.935101264495863,0.081941,-0.565116,-0.496905,0.4838709677419355,0.3805309734513274,0.5151515151515151,0.0,0.0,0.0,0.006289731
0.0,1.0,0.0,0.0,5,-1.2101050011768897,1.928686419691354,2.2894239523711684,0.227889,-0.406984,-0.107587,0.45161290322580644,0.37168141592920356,0.42424242424242425,0.0,0.0,0.0,0.0037738383
0.0,1.0,0.0,0.0,8,-0.347329794584307,2.476459215322185,1.5692325915191303,-0.202586,-0.063394,-0.070198,0.5161290322580645,0.4070796460176991,0.4545454545454546,0.0,0.0,0.0,0.0022322063
0.0,1.0,0.0,0.0,8,-1.701464796805877,2.507532731989689,3.300377334313709,0.229576,-0.722008,-0.019157,0.4193548387096774,0.3008849557522124,0.30303030303030304,0.0,0.0,0.0,0.357153
0.0,1.0,0.0,0.0,7,0.2680601142515701,-0.3819488525798771,2.168818994730853,-0.004143,-0.037165,0.017379,0.6451612903225806,0.5663716814159292,0.6363636363636364,0.0,0.0,0.0,0.0061941734
0.0,1.0,0.0,0.0,7,-0.9031602903034812,-1.4597207746033456,1.397012829051452,-0.006671,-0.093075,-0.012257,0.6451612903225806,0.5309734513274336,0.5757575757575758,0.3333333333333333,0.0,0.0,0.0
0.0,1.0,0.0,0.0,7,-2.16477887845217,0.0549962355544402,2.826057000085489,0.078546,0.027591,-0.138241,0.4838709677419355,0.3805309734513274,0.4545454545454546,0.0,0.0,0.0,0.12830788
0.0,1.0,0.0,0.0,7,-2.48333239921312,0.6010701406996738,1.166339336038909,0.073594,0.006808,-0.007906,0.45161290322580644,0.34513274336283184,0.4545454545454546,0.0,0.0,0.0,0.10530094
