Residue Name_Aspartate,Residue Name_Glutamate,Residue Name_Histidine,Residue Name_Lysine,atom_label,recalculated_x,recalculated_y,recalculated_z,Dipole_X,Dipole_Y,Dipole_Z,Radius_10A_N_Count,Radius_10A_CA_C_Count,Radius_10A_O_Count,Radius_10A_S_Count,Number of H-Bonds as donor,Number of H-Bonds as acceptor,SASA_Value
0.0,0.0,0.0,1.0,0,-0.5609965628518505,-1.108824592076643,-0.7674485101819388,0.053886,0.296166,-0.039598,0.625,0.6233766233766235,0.55,0.3333333333333333,0.0,0.0,0.0
0.0,0.0,0.0,1.0,1,0.0,0.0,0.0,-0.113937,0.435113,-0.317224,0.625,0.5974025974025975,0.475,0.0,0.0,0.0,0.0
0.0,0.0,0.0,1.0,2,1.5348713229342712,0.0,2.775557561562892e-17,0.001302,0.247457,0.088203,0.625,0.6558441558441559,0.525,0.0,0.0,0.0,0.0
0.0,0.0,0.0,1.0,3,2.137449161834716,1.0721445213202705,2.255140518769849e-17,0.123314,0.282525,0.091761,0.7000000000000001,0.6493506493506495,0.5,0.0,0.0,0.0,0.006696619
0.0,0.0,0.0,1.0,4,-1.241651708439413,-1.7069866062812613,-0.2803188853428736,0.13032,0.178373,-0.021979,0.5750000000000001,0.5454545454545455,0.5750000000000001,0.0,0.0,0.0,0.0
0.0,0.0,0.0,1.0,4,-0.27063784908814,0.9486155979352178,-0.5267326261434293,-0.278976,-0.141673,-0.215259,0.7250000000000001,0.6168831168831169,0.45,0.0,0.0,0.0,0.0035395275
0.0,0.0,0.0,1.0,5,-0.4721912685680147,0.0836770549439535,1.4898067816495648,0.153041,0.072759,-0.131883,0.55,0.4935064935064935,0.4,0.0,0.0,0.0,0.0012579461
0.0,0.0,0.0,1.0,5,-1.853496397229795,0.7415338411956514,1.7109158952411403,-0.160508,0.037459,0.104548,0.5,0.4480519480519481,0.375,0.0,0.0,0.0,0.0
0.0,0.0,0.0,1.0,5,-2.127057022604109,1.1322964511322282,3.1887607307141907,-0.273578,-0.454968,-0.032926,0.375,0.3246753246753247,0.275,0.0,0.0,0.0,0.006289731
0.0,0.0,0.0,1.0,5,-3.5925469500163016,0.9447105261200596,3.6453294904686633,0.106196,0.052518,0.210366,0.4,0.26623376623376627,0.2,0.0,0.0,0.0,0.008805623
0.0,0.0,0.0,1.0,6,-3.8397744585246807,-0.4164318940307283,4.09764996014453,0.187704,-0.08225,0.057412,0.325,0.26623376623376627,0.2,0.0,0.0,0.0,0.0
0.0,0.0,0.0,1.0,7,0.2783450603495923,0.690816623074161,2.052903232510825,-0.008993,-0.00896,0.005362,0.525,0.4675324675324676,0.35,0.0,0.0,0.0,0.08052425
0.0,0.0,0.0,1.0,7,-0.4415096198979682,-0.928403909539527,1.9568249060634604,0.018763,0.010099,0.0226,0.5750000000000001,0.4350649350649351,0.35,0.0,0.0,0.0,0.021237165
0.0,0.0,0.0,1.0,7,-2.644167047057924,0.0640978613604339,1.3114900584327722,-0.040902,0.066936,0.081979,0.525,0.4675324675324676,0.375,0.0,0.0,0.0,0.0
0.0,0.0,0.0,1.0,7,-1.922634996185523,1.673951590865541,1.099711168865453,-0.028258,0.009911,-0.050039,0.55,0.4675324675324676,0.375,0.0,0.0,0.0,0.069020785
0.0,0.0,0.0,1.0,7,-1.852538560059322,2.2062980256415274,3.323008709200236,0.000224,-0.034788,-0.100685,0.375,0.3181818181818182,0.25,0.0,0.0,0.0,0.21325654
0.0,0.0,0.0,1.0,7,-1.4453113086307892,0.5813499942289309,3.881688053107176,0.040341,-0.097925,0.015629,0.35000000000000003,0.3181818181818182,0.225,0.0,0.0,0.0,0.13096252
0.0,0.0,0.0,1.0,7,-4.307132586785651,1.2097022470607337,2.8324154501053265,-0.084097,0.044331,-0.046911,0.42500000000000004,0.29220779220779225,0.275,0.0,0.0,0.0,0.013273228
0.0,0.0,0.0,1.0,7,-3.819225380562431,1.6327294825220022,4.491799265136208,-0.02126,0.071966,0.012362,0.225,0.2142857142857143,0.15000000000000002,0.0,0.0,0.0,0.23980299
0.0,0.0,0.0,1.0,7,-4.782067110792793,-0.5477604740342175,4.448662955819611,0.020465,-0.112916,0.046476,0.275,0.2272727272727273,0.2,0.0,0.0,0.0,0.21414141
0.0,0.0,0.0,1.0,7,-3.222894635225939,-0.6287621331465423,4.886226403747769,0.465404,-0.161797,0.035803,0.275,0.24025974025974028,0.17500000000000002,0.0,0.0,0.0,0.12830788
0.0,0.0,0.0,1.0,7,-3.6705006107428977,-1.101042908319957,3.3673144980560323,0.010438,-0.074563,-0.057832,0.42500000000000004,0.3116883116883117,0.25,0.0,0.0,0.0,0.0
