Residue Name_Aspartate,Residue Name_Glutamate,Residue Name_Histidine,Residue Name_Lysine,atom_label,recalculated_x,recalculated_y,recalculated_z,Dipole_X,Dipole_Y,Dipole_Z,Radius_10A_N_Count,Radius_10A_CA_C_Count,Radius_10A_O_Count,Radius_10A_S_Count,Number of H-Bonds as donor,Number of H-Bonds as acceptor,SASA_Value
0.0,1.0,0.0,0.0,0,-0.5059724779411077,0.7048072314802803,1.1615553480266234,-0.094094,-0.13377,0.263063,0.275,0.17532467532467533,0.12500000000000003,0.0,0.0,0.0,0.0
0.0,1.0,0.0,0.0,1,0.0,0.0,0.0,-0.349361,-0.449914,0.583904,0.25,0.19480519480519481,0.12500000000000003,0.0,0.0,0.0,0.0
0.0,1.0,0.0,0.0,2,1.531828481080372,-5.551115123125783e-17,-5.551115123125783e-17,0.138865,-0.369256,-0.04221,0.275,0.17532467532467533,0.12500000000000003,0.0,0.0,0.0,0.0
0.0,1.0,0.0,0.0,3,2.179968282928009,1.0552527179865054,0.0,0.220335,-0.424925,-0.256164,0.25,0.15584415584415584,0.12500000000000003,0.0,0.0,0.0,0.14844172
0.0,1.0,0.0,0.0,4,-1.2904472659444466,1.3448894823800943,0.9839798293531744,-0.178281,-0.175043,0.263347,0.25,0.16883116883116883,0.1,0.0,0.0,0.0,0.08494866
0.0,1.0,0.0,0.0,4,-0.3688917516401437,-1.0535448929494693,0.0708734665510077,0.156441,-0.234046,-0.074432,0.25,0.17532467532467533,0.12500000000000003,0.0,0.0,0.0,0.10707071
0.0,1.0,0.0,0.0,5,-0.5748553287101332,0.6354799612539992,-1.288476706398363,-0.384293,-0.060411,-0.30796,0.225,0.18831168831168832,0.12500000000000003,0.0,0.0,0.0,0.0
0.0,1.0,0.0,0.0,5,-0.1335425886243658,-0.0408774485879517,-2.604036416760032,0.502027,0.353218,0.332059,0.2,0.15584415584415584,0.1,0.0,0.0,0.0,0.0
0.0,1.0,0.0,0.0,5,-0.975385558846128,0.4364901955689239,-3.753644325279846,0.551655,0.364152,-0.043919,0.2,0.13636363636363638,0.1,0.0,0.0,0.0,0.011321515
0.0,1.0,0.0,0.0,8,-2.044589570788032,-0.2345130625419271,-4.048226569172725,0.31871,0.706705,-0.360769,0.2,0.1168831168831169,0.05000000000000001,0.0,0.0,0.0,0.44532517
0.0,1.0,0.0,0.0,8,-0.661922131971248,1.5050981122037863,-4.355522368316942,0.400464,0.204172,0.365518,0.17500000000000002,0.1168831168831169,0.1,0.0,0.0,0.0,0.4263514
0.0,1.0,0.0,0.0,7,-1.68809811503911,0.5989374618885386,-1.238870430307351,0.005129,-0.017669,0.067289,0.225,0.16883116883116883,0.1,0.0,0.0,0.0,0.14423575
0.0,1.0,0.0,0.0,7,-0.3158274370246621,1.722308499697654,-1.3352886182307662,-0.019822,0.071855,0.070737,0.25,0.17532467532467533,0.12500000000000003,0.0,0.0,0.0,0.13273229
0.0,1.0,0.0,0.0,7,0.941262545352394,0.1748474812410287,-2.804286029357629,0.073087,0.187314,-0.139174,0.225,0.13636363636363638,0.1,0.0,0.0,0.0,0.02389181
0.0,1.0,0.0,0.0,7,-0.2058413130043218,-1.157523840100591,-2.547754707530224,0.072675,0.032104,-0.125934,0.2,0.14935064935064934,0.1,0.0,0.0,0.0,0.09999165
