Residue Name_Aspartate,Residue Name_Glutamate,Residue Name_Histidine,Residue Name_Lysine,atom_label,recalculated_x,recalculated_y,recalculated_z,Dipole_X,Dipole_Y,Dipole_Z,Radius_10A_N_Count,Radius_10A_CA_C_Count,Radius_10A_O_Count,Radius_10A_S_Count,Number of H-Bonds as donor,Number of H-Bonds as acceptor,SASA_Value
1.0,0.0,0.0,0.0,0,-0.6617199719913681,-1.2534651735906197,-0.3257000803211197,-0.381332,0.14907,0.044496,0.8250000000000001,0.6753246753246754,0.7000000000000001,0.0,0.0,0.0,0.0
1.0,0.0,0.0,0.0,1,0.0,0.0,0.0,0.189283,0.295409,0.623768,0.775,0.6753246753246754,0.75,0.0,0.0,0.0,0.0
1.0,0.0,0.0,0.0,2,1.5311748443678794,-1.1102230246251563e-16,1.1102230246251563e-16,-0.106665,0.470328,-0.036956,0.7250000000000001,0.6753246753246754,0.75,0.0,0.0,0.0,0.0
1.0,0.0,0.0,0.0,3,2.134349012991501,1.0858974005080777,2.220446049250313e-16,-0.171621,0.543296,-0.006953,0.7250000000000001,0.7402597402597404,0.675,0.0,0.0,0.0,0.0
1.0,0.0,0.0,0.0,4,-0.4581976616848331,-2.016203068289486,0.3409132527309817,-0.551064,0.153528,-0.166748,0.75,0.6168831168831169,0.675,0.0,0.0,0.0,0.0008848819
1.0,0.0,0.0,0.0,4,-0.2497318518211823,0.7433961408926609,-0.7983770234744118,0.393043,-0.097545,0.012651,0.8250000000000001,0.7077922077922079,0.775,0.0,0.0,0.0,0.0
1.0,0.0,0.0,0.0,5,-0.5591559331576244,0.5210532705213011,1.363290526171029,-0.388607,-0.189502,-0.363812,0.675,0.6233766233766235,0.75,0.0,0.0,0.0,0.0
1.0,0.0,0.0,0.0,5,-2.009836446457204,0.9193455165811968,1.2940465471950118,-0.3412,-0.193113,-0.482122,0.65,0.6233766233766235,0.725,0.0,0.0,0.0,0.0
1.0,0.0,0.0,0.0,8,-2.391444585320812,1.6539088113214249,0.3441644194278692,-0.169676,-0.701232,-0.360606,0.8,0.6753246753246754,0.75,0.0,0.0,0.0,0.0
1.0,0.0,0.0,0.0,8,-2.838148624449256,0.5256968055005563,2.157156855538397,-0.011619,-0.282014,-1.187585,0.65,0.590909090909091,0.725,0.0,0.0,0.0,0.030134784
1.0,0.0,0.0,0.0,7,0.0128571808950566,1.4159034150734575,1.6825696690597232,-0.0447,-0.065366,-0.083231,0.625,0.603896103896104,0.675,0.0,0.0,0.0,0.0
1.0,0.0,0.0,0.0,7,-0.4050124958642574,-0.2507068197304096,2.157526750952458,-0.1945,0.087515,-0.099076,0.5750000000000001,0.5779220779220781,0.675,0.0,0.0,0.0,0.069020785
