Residue Name_Aspartate,Residue Name_Glutamate,Residue Name_Histidine,Residue Name_Lysine,atom_label,recalculated_x,recalculated_y,recalculated_z,Dipole_X,Dipole_Y,Dipole_Z,Radius_10A_N_Count,Radius_10A_CA_C_Count,Radius_10A_O_Count,Radius_10A_S_Count,Number of H-Bonds as donor,Number of H-Bonds as acceptor,SASA_Value
0.0,0.0,0.0,1.0,0,-0.5461426133457193,-0.3116550128152376,1.3085701437294244,0.1081,0.056379,0.090087,0.525,0.6233766233766235,0.65,0.0,0.0,0.0,0.0
0.0,0.0,0.0,1.0,1,0.0,0.0,0.0,0.55629,-0.102534,0.108432,0.525,0.6363636363636365,0.625,0.0,0.0,0.0,0.0
0.0,0.0,0.0,1.0,2,1.5335120197914982,-1.1102230246251563e-16,0.0,0.031316,0.056854,0.065505,0.525,0.6623376623376624,0.6,0.0,0.0,0.0,0.0
0.0,0.0,0.0,1.0,3,2.169308454374101,1.0525279540349737,0.0,0.067756,-0.003211,0.182698,0.6000000000000001,0.6103896103896105,0.55,0.0,0.0,0.0,0.0
0.0,0.0,0.0,1.0,4,-1.3773234371616974,-0.9140243888568212,1.2516385544237656,0.028145,-0.033925,0.065028,0.55,0.603896103896104,0.6,0.0,0.0,0.0,0.0017697638
0.0,0.0,0.0,1.0,4,-0.3134909209289189,-0.8314023534526493,-0.6734145156718385,-0.067926,0.415631,0.102257,0.6000000000000001,0.6948051948051949,0.65,0.0,0.0,0.0,0.0
0.0,0.0,0.0,1.0,5,-0.5960659072097011,1.3263623698870268,-0.5564626194012923,0.15228,-0.163119,-0.216235,0.5,0.5714285714285715,0.625,0.0,0.0,0.0,0.0
0.0,0.0,0.0,1.0,5,-0.5202285325807027,1.4110379965970932,-2.1048546024384165,-0.078343,-0.106982,0.051735,0.5750000000000001,0.5844155844155845,0.625,0.0,0.0,0.0,0.0
0.0,0.0,0.0,1.0,5,-0.6944280806190157,2.827540523727236,-2.6997444402228323,-0.256391,-0.076683,-0.16517,0.55,0.5259740259740261,0.5750000000000001,0.0,0.0,0.0,0.0050317845
0.0,0.0,0.0,1.0,5,-1.8567511135016308,3.661705335711727,-2.1297532672644794,0.504747,0.193524,0.404666,0.5,0.4935064935064935,0.65,0.0,0.0,0.0,0.0
0.0,0.0,0.0,1.0,6,-3.183971988735286,3.189774927015581,-2.4625778197015045,0.413304,-0.053224,0.320683,0.525,0.5324675324675325,0.5750000000000001,0.0,0.0,0.0,0.0
0.0,0.0,0.0,1.0,7,-0.0424420850583546,2.17637202906084,-0.0842352230097339,-0.131319,-0.102098,-0.087213,0.47500000000000003,0.5389610389610391,0.625,0.0,0.0,0.0,0.0
0.0,0.0,0.0,1.0,7,-1.6601654671804584,1.430748454246237,-0.2334011176911814,-0.028785,-0.02906,0.003868,0.47500000000000003,0.5324675324675325,0.6,0.0,0.0,0.0,0.0
0.0,0.0,0.0,1.0,7,-1.2683292651507556,0.7149138626000011,-2.550023074755302,-0.018662,-0.00593,-0.008274,0.625,0.5974025974025975,0.625,0.0,0.0,0.0,0.0
0.0,0.0,0.0,1.0,7,0.4755685374165862,1.0255785426616788,-2.4286340620195106,-0.018075,-0.03203,-0.007364,0.5750000000000001,0.6493506493506495,0.625,0.0,0.0,0.0,0.0
0.0,0.0,0.0,1.0,7,-0.7937081010290941,2.7585844028833675,-3.809070776872937,-0.009877,0.006688,-0.004759,0.5750000000000001,0.5389610389610391,0.625,0.0,0.0,0.0,0.044244096
0.0,0.0,0.0,1.0,7,0.2485572859753815,3.3983442149665377,-2.519769481916355,-0.028776,-0.07801,-0.005198,0.6000000000000001,0.5129870129870131,0.525,0.0,0.0,0.0,0.009733701
0.0,0.0,0.0,1.0,7,-1.7720696641507108,4.719999660028916,-2.46155824922806,0.028173,-0.084873,0.072402,0.45,0.48701298701298706,0.6,0.0,0.0,0.0,0.078754485
0.0,0.0,0.0,1.0,7,-1.779006204557122,3.703574573914085,-1.0209219982164957,0.110573,0.045473,0.00024,0.45,0.48051948051948057,0.5750000000000001,0.0,0.0,0.0,0.0
0.0,0.0,0.0,1.0,7,-3.809906306230564,3.4479568828692377,-1.7011684497307231,0.273942,-0.366529,0.488734,0.525,0.5000000000000001,0.55,0.0,0.0,0.0,0.0
0.0,0.0,0.0,1.0,7,-3.318833725375681,2.188853312489597,-2.525658697668056,0.169268,-0.193048,0.030343,0.55,0.5714285714285715,0.6,0.0,0.0,0.0,0.0061941734
0.0,0.0,0.0,1.0,7,-3.565097807136413,3.6545397770402297,-3.284179835466215,0.294371,-0.013043,-0.030597,0.55,0.5259740259740261,0.5750000000000001,0.0,0.0,0.0,0.22033559
