Residue Name_Aspartate,Residue Name_Glutamate,Residue Name_Histidine,Residue Name_Lysine,atom_label,recalculated_x,recalculated_y,recalculated_z,Radius_9A_N_Count,Radius_9A_CA_C_Count,Radius_9A_O_Count,Radius_9A_S_Count,Number of H-Bonds as donor,Number of H-Bonds as acceptor,SASA_Value,Expt.pKa,atomic_charge
1,0,0,0,0,-0.4230715893280018,-0.0732362810851766,1.3972050175877155,0.46875,0.47008547,0.470588235,0.666666667,0,0,0.0,2.0,-0.47
1,0,0,0,1,0.0,0.0,0.0,0.4375,0.538461538,0.411764706,0.666666667,0,0,0.0,2.0,0.07
1,0,0,0,2,1.531368123804005,-3.2534910346885466e-17,-1.1409773889710188e-17,0.4375,0.478632479,0.323529412,0.666666667,0,0,0.0,2.0,0.51
1,0,0,0,3,2.170287883523534,1.053535718077436,-3.4471478527139375e-17,0.40625,0.512820513,0.382352941,0.0,0,0,0.05692126,2.0,-0.51
1,0,0,0,4,-0.4752153802700812,0.8214371754907855,1.904001341843928,0.4375,0.547008547,0.441176471,0.333333333,0,0,0.022122048,2.0,0.31
1,0,0,0,4,-0.3506222321653338,-0.9213827259905504,-0.5330756731746646,0.4375,0.504273504,0.382352941,0.666666667,0,0,0.016812757,2.0,0.09
1,0,0,0,5,-0.5801461228637305,1.24342835808916,-0.7359300313317026,0.5,0.632478632,0.5,0.666666667,0,0,0.0,2.0,-0.28
1,0,0,0,5,-0.2950127171066931,1.2797218869203215,-2.2196125536188576,0.5625,0.641025641,0.529411765,0.666666667,0,0,0.0,2.0,0.62
1,0,0,0,8,-0.6773107430743067,2.28560208713351,-2.8839218825781465,0.6875,0.64957265,0.588235294,0.666666667,0,0,0.0,2.0,-0.76
1,0,0,0,8,0.2881350747963422,0.3157720151343733,-2.781106856531602,0.5625,0.598290598,0.382352941,0.666666667,0,0,0.013393238,2.0,-0.76
1,0,0,0,7,-0.1736630430607262,2.171388790728571,-0.2685747886291713,0.625,0.623931624,0.5,0.666666667,0,0,0.0,2.0,0.09
1,0,0,0,7,-1.6859902099310278,1.2706731419173516,-0.6076455705562391,0.59375,0.683760684,0.5,0.666666667,0,0,0.0,2.0,0.09
