Residue Name_Aspartate,Residue Name_Glutamate,Residue Name_Histidine,Residue Name_Lysine,atom_label,recalculated_x,recalculated_y,recalculated_z,Dipole_X,Dipole_Y,Dipole_Z,Radius_10A_N_Count,Radius_10A_CA_C_Count,Radius_10A_O_Count,Radius_10A_S_Count,Number of H-Bonds as donor,Number of H-Bonds as acceptor,SASA_Value,Expt.pKa
0,1,0,0,0,-0.518240243836788,-1.0089470500834408,-0.9072009004266408,-0.342509,-0.072893,-0.014432,0.454545455,0.470967742,0.547619048,0.0,0,0,0.0,4.42
0,1,0,0,1,0.0,0.0,0.0,-0.435987,0.073285,0.400869,0.409090909,0.44516129,0.476190476,0.0,0,0,0.0,4.42
0,1,0,0,2,1.5284592642412818,2.866906038572693e-17,-1.4718838761840098e-17,-0.222027,0.053222,-0.016969,0.318181818,0.412903226,0.523809524,0.0,0,0,0.001257946,4.42
0,1,0,0,3,2.1326842555624843,1.0666572250539967,-8.741479012373011e-17,-0.190352,0.005548,-0.12979,0.340909091,0.419354839,0.523809524,0.0,0,0,0.022322062,4.42
0,1,0,0,4,-1.0142980627361151,-1.7847949256283202,-0.4638762232268026,-0.415471,0.003379,-0.06307,0.477272727,0.451612903,0.547619048,0.0,0,0,0.0,4.42
0,1,0,0,4,-0.2738342220077174,1.0058978173271609,-0.403433107627376,0.24397,0.02281,0.251214,0.431818182,0.490322581,0.476190476,0.0,0,0,0.01858252,4.42
0,1,0,0,5,-0.4943123284054568,-0.1011903424643134,1.4703656342904412,-0.36494,-0.252772,0.402804,0.363636364,0.419354839,0.452380952,0.0,0,0,0.0,4.42
0,1,0,0,5,-1.9175336946208164,0.4209070268451517,1.7974258755507044,0.462573,0.268218,-0.328337,0.386363636,0.419354839,0.452380952,0.0,0,0,0.0,4.42
0,1,0,0,5,-2.211920807759456,0.4452130366731515,3.294338735437057,0.264302,0.381796,0.090851,0.318181818,0.367741935,0.333333333,0.0,0,0,0.037738383,4.42
0,1,0,0,8,-1.375778758771716,-0.0948343911973617,4.083993483702414,0.368994,0.733234,0.255058,0.318181818,0.322580645,0.285714286,0.0,0,0,0.34152755,4.42
0,1,0,0,8,-3.263077744064548,0.9828114746700792,3.737576436899779,0.170419,0.557992,-0.037886,0.340909091,0.329032258,0.357142857,0.0,0,0,0.30246395,4.42
0,1,0,0,7,-0.3958005647185507,-1.148542310062155,1.8393870445652725,0.028005,-0.044838,0.021647,0.386363636,0.425806452,0.428571429,0.0,0,0,0.015042992,4.42
0,1,0,0,7,0.2064918570706363,0.4951542334369513,2.1066674347501992,0.012162,-0.132588,0.029287,0.318181818,0.335483871,0.357142857,0.0,0,0,0.111495115,4.42
0,1,0,0,7,-2.032225451183278,1.46144052566562,1.4136116295747991,0.067017,0.021668,0.109594,0.409090909,0.387096774,0.428571429,0.0,0,0,0.08937307,4.42
0,1,0,0,7,-2.6913574624528724,-0.1909081134043323,1.2836275790094398,-0.028663,0.099765,-0.027684,0.454545455,0.451612903,0.5,0.0,0,0,0.0,4.42
